station_id;dh_utc;temperature_degC;pression_hPa;humidite_%;point_de_rosee_degC;vent_moyen_km/h;vent_rafales_km/h;vent_direction_deg;pluie_3h_mm;pluie_1h_mm
000EW;2025-01-01 00:00:00;5.3;1026.5;92;4.1;0.8;;225;0;0
000EW;2025-01-01 00:10:00;5.3;1026.4;92;4.1;0.8;;158;;
000EW;2025-01-01 00:20:00;5.3;1026.4;92;4.1;0;;;;
000EW;2025-01-01 00:30:00;5.3;1026.4;92;4.1;0.8;;180;;
000EW;2025-01-01 00:40:00;5.2;1026.2;92;4;0;;;;
000EW;2025-01-01 00:50:00;5.1;1026.1;92;3.9;0.8;;180;;
000EW;2025-01-01 01:00:00;5.1;1025.8;92;3.9;0.8;;248;0;0
000EW;2025-01-01 01:10:00;5.1;1025.7;92;3.9;0.8;;225;;
000EW;2025-01-01 01:20:00;5;1025.6;92;3.8;0.8;;203;;
000EW;2025-01-01 01:30:00;4.9;1025.5;92;3.8;0;;;;
000EW;2025-01-01 01:40:00;4.9;1025.3;92;3.8;0.8;;225;;
000EW;2025-01-01 01:50:00;4.9;1025.2;92;3.7;0.8;;270;;
000EW;2025-01-01 02:00:00;4.8;1025.1;91;3.4;0;;;0;0
000EW;2025-01-01 02:10:00;4.7;1024.9;91;3.4;1.6;;248;;
000EW;2025-01-01 02:20:00;4.6;1024.8;91;3.3;0;;;;
000EW;2025-01-01 02:30:00;4.5;1024.7;92;3.3;0.8;;203;;
000EW;2025-01-01 02:40:00;4.4;1024.7;92;3.3;0.8;;225;;
000EW;2025-01-01 02:50:00;4.4;1024.5;92;3.3;0;;;;
000EW;2025-01-01 03:00:00;4.4;1024.6;92;3.2;0;;;0;0
000EW;2025-01-01 03:10:00;4.4;1024.5;92;3.2;0;;;;
000EW;2025-01-01 03:20:00;4.3;1024.5;92;3.1;2.4;;259;;
000EW;2025-01-01 03:30:00;4.3;1024.6;93;3.3;0;;;;
000EW;2025-01-01 03:40:00;4.4;1024.5;93;3.4;0;;;;
000EW;2025-01-01 03:50:00;4.4;1024.3;92;3.3;0.8;;225;;
000EW;2025-01-01 04:00:00;4.4;1024;92;3.3;0;;;0;0
000EW;2025-01-01 04:10:00;4.4;1024.1;92;3.3;0;;;;
000EW;2025-01-01 04:20:00;4.4;1024;92;3.3;0.8;;225;;
000EW;2025-01-01 04:30:00;4.4;1023.9;92;3.2;0;;;;
000EW;2025-01-01 04:40:00;4.4;1023.8;92;3.2;0;;;;
000EW;2025-01-01 04:50:00;4.4;1023.8;92;3.3;0;;;;
000EW;2025-01-01 05:00:00;4.5;1023.7;92;3.3;0;;;0;0
000EW;2025-01-01 05:10:00;4.6;1023.7;92;3.4;1.6;;203;;
000EW;2025-01-01 05:20:00;4.6;1023.3;93;3.6;0;;;;
000EW;2025-01-01 05:30:00;4.6;1023.2;92;3.4;0;;;;
000EW;2025-01-01 05:40:00;4.6;1023.1;93;3.6;0;;;;
000EW;2025-01-01 05:50:00;4.6;1023.1;93;3.6;0;;;;
000EW;2025-01-01 06:00:00;4.6;1023;93;3.6;0.8;;225;0;0
000EW;2025-01-01 06:10:00;4.7;1022.9;93;3.6;1.6;;203;;
000EW;2025-01-01 06:20:00;4.7;1022.7;93;3.6;1.6;;191;;
000EW;2025-01-01 06:30:00;4.7;1022.6;93;3.7;1.6;;203;;
000EW;2025-01-01 06:40:00;4.7;1022.6;93;3.7;0.8;;203;;
000EW;2025-01-01 06:50:00;4.7;1022.5;93;3.7;1.6;;214;;
000EW;2025-01-01 07:00:00;4.7;1022.1;92;3.5;1.6;;214;0;0
000EW;2025-01-01 07:10:00;4.8;1022;92;3.6;3.2;;203;;
000EW;2025-01-01 07:20:00;4.8;1022.1;92;3.6;0.8;;180;;
000EW;2025-01-01 07:30:00;4.8;1022;92;3.6;3.2;;225;;
000EW;2025-01-01 07:40:00;4.8;1021.9;92;3.6;1.6;;158;;
000EW;2025-01-01 07:50:00;4.9;1022.1;91;3.5;3.2;;225;;
000EW;2025-01-01 08:00:00;4.9;1022.3;91;3.6;0.8;;270;0;0
000EW;2025-01-01 08:10:00;5;1022.1;91;3.7;1.6;;225;;
000EW;2025-01-01 08:20:00;5.1;1021.9;91;3.7;0;;;;
000EW;2025-01-01 08:30:00;5.1;1021.9;91;3.8;0.8;;225;;
000EW;2025-01-01 08:40:00;5.2;1021.8;91;3.9;1.6;;214;;
000EW;2025-01-01 08:50:00;5.3;1021.9;91;4;4;;214;;
000EW;2025-01-01 09:00:00;5.4;1021.6;91;4.1;2.4;;180;0;0
000EW;2025-01-01 09:10:00;5.5;1021.6;91;4.1;3.2;;191;;
000EW;2025-01-01 09:20:00;5.6;1021.3;91;4.3;4;;225;;
000EW;2025-01-01 09:30:00;5.7;1021.2;91;4.4;1.6;;225;;
000EW;2025-01-01 09:40:00;5.9;1021.2;91;4.5;1.6;;180;;
000EW;2025-01-01 09:50:00;6.1;1021.1;91;4.7;5.6;;203;;
000EW;2025-01-01 10:00:00;6.2;1021.2;90;4.7;6.4;;225;0;0
000EW;2025-01-01 10:10:00;6.3;1021.6;90;4.8;3.2;;203;;
000EW;2025-01-01 10:20:00;6.3;1021.5;90;4.8;6.4;;248;;
000EW;2025-01-01 10:30:00;6.3;1021.6;90;4.8;4;;214;;
000EW;2025-01-01 10:40:00;6.3;1021.4;90;4.8;3.2;;270;;
000EW;2025-01-01 10:50:00;6.4;1021.2;90;4.9;4.8;;259;;
000EW;2025-01-01 11:00:00;6.4;1021;90;4.9;6.4;;248;0;0
000EW;2025-01-01 11:10:00;6.5;1020.9;90;5;5.6;;236;;
000EW;2025-01-01 11:20:00;6.6;1020.5;90;5;8;;203;;
000EW;2025-01-01 11:30:00;6.6;1020.5;89;4.9;3.2;;214;;
000EW;2025-01-01 11:40:00;6.7;1020.4;89;5;5.6;;236;;
000EW;2025-01-01 11:50:00;6.8;1020.3;89;5.1;3.2;;236;;
000EW;2025-01-01 12:00:00;6.9;1020.1;89;5.3;4.8;;214;0;0
000EW;2025-01-01 12:10:00;7;1020;88;5.1;5.6;;236;;
000EW;2025-01-01 12:20:00;7.1;1019.7;88;5.2;7.2;;270;;
000EW;2025-01-01 12:30:00;7.1;1019.6;88;5.3;4.8;;281;;
000EW;2025-01-01 12:40:00;7.2;1019.4;87;5.1;2.4;;203;;
000EW;2025-01-01 12:50:00;7.2;1019.2;87;5.1;4.8;;225;;
000EW;2025-01-01 13:00:00;7.2;1018.9;87;5.2;2.4;;248;0;0
000EW;2025-01-01 13:10:00;7.2;1018.7;87;5.2;2.4;;191;;
000EW;2025-01-01 13:20:00;7.3;1018.5;87;5.3;4;;225;;
000EW;2025-01-01 13:30:00;7.4;1018.5;87;5.4;3.2;;259;;
000EW;2025-01-01 13:40:00;7.5;1018.3;87;5.5;1.6;;225;;
000EW;2025-01-01 13:50:00;7.6;1018.2;87;5.6;2.4;;259;;
000EW;2025-01-01 14:00:00;7.7;1018.2;86;5.5;2.4;;259;0;0
000EW;2025-01-01 14:10:00;7.8;1017.9;86;5.6;4;;214;;
000EW;2025-01-01 14:20:00;7.9;1017.9;86;5.7;1.6;;236;;
000EW;2025-01-01 14:30:00;8.1;1017.7;86;5.9;1.6;;270;;
000EW;2025-01-01 14:40:00;8.1;1017.7;85;5.7;1.6;;225;;
000EW;2025-01-01 14:50:00;8.1;1017.3;85;5.7;4;;259;;
000EW;2025-01-01 15:00:00;8.1;1017.5;85;5.7;2.4;;248;0;0
000EW;2025-01-01 15:10:00;8.2;1017.4;85;5.8;4.8;;259;;
000EW;2025-01-01 15:20:00;8.2;1017.2;85;5.8;3.2;;259;;
000EW;2025-01-01 15:30:00;8.2;1017.2;85;5.9;8;;225;;
000EW;2025-01-01 15:40:00;8.2;1017;85;5.9;3.2;;270;;
000EW;2025-01-01 15:50:00;8.2;1016.9;85;5.9;4;;225;;
000EW;2025-01-01 16:00:00;8.2;1016.9;85;5.9;3.2;;225;0;0
000EW;2025-01-01 16:10:00;8.2;1016.7;85;5.8;3.2;;248;;
000EW;2025-01-01 16:20:00;8.2;1016.8;85;5.8;4.8;;236;;
000EW;2025-01-01 16:30:00;8.1;1016.8;85;5.7;3.2;;236;;
000EW;2025-01-01 16:40:00;8.1;1016.7;86;5.9;7.2;;236;;
000EW;2025-01-01 16:50:00;8.1;1016.6;86;5.9;0.8;;248;;
000EW;2025-01-01 17:00:00;8.1;1016.8;86;5.9;2.4;;236;0;0
000EW;2025-01-01 17:10:00;8.2;1016.7;86;6;2.4;;225;;
000EW;2025-01-01 17:20:00;8.2;1016.8;86;6;3.2;;259;;
000EW;2025-01-01 17:30:00;8.2;1016.7;86;6;3.2;;203;;
000EW;2025-01-01 17:40:00;8.2;1016.6;86;6;2.4;;203;;
000EW;2025-01-01 17:50:00;8.2;1016.4;86;6;2.4;;270;;
000EW;2025-01-01 18:00:00;8.2;1016.3;86;6;2.4;;180;0;0
000EW;2025-01-01 18:10:00;8.2;1016.2;86;6;1.6;;236;;
000EW;2025-01-01 18:20:00;8.2;1016.1;86;6;2.4;;203;;
000EW;2025-01-01 18:30:00;8.2;1015.8;86;6;1.6;;270;;
000EW;2025-01-01 18:40:00;8.2;1015.8;86;6;5.6;;225;;
000EW;2025-01-01 18:50:00;8.2;1015.8;86;6;1.6;;214;;
000EW;2025-01-01 19:00:00;8.1;1015.8;86;5.9;2.4;;203;0;0
000EW;2025-01-01 19:10:00;8.1;1015.8;87;6.1;1.6;;214;;
000EW;2025-01-01 19:20:00;8.1;1015.6;87;6.1;1.6;;180;;
000EW;2025-01-01 19:30:00;8.1;1015.4;87;6.1;5.6;;203;;
000EW;2025-01-01 19:40:00;8.2;1015.6;87;6.1;6.4;;270;;
000EW;2025-01-01 19:50:00;8.2;1015.4;87;6.2;5.6;;203;;
000EW;2025-01-01 20:00:00;8.3;1015.3;87;6.2;3.2;;203;0;0
000EW;2025-01-01 20:10:00;8.3;1015;87;6.2;2.4;;169;;
000EW;2025-01-01 20:20:00;8.3;1014.8;87;6.2;4;;248;;
000EW;2025-01-01 20:30:00;8.3;1014.7;87;6.2;5.6;;259;;
000EW;2025-01-01 20:40:00;8.3;1014.4;87;6.2;4.8;;259;;
000EW;2025-01-01 20:50:00;8.3;1014.6;88;6.5;3.2;;214;;
000EW;2025-01-01 21:00:00;8.3;1014.4;88;6.5;5.6;;259;0;0
000EW;2025-01-01 21:10:00;8.3;1014.3;88;6.5;4.8;;248;;
000EW;2025-01-01 21:20:00;8.3;1014.3;88;6.5;6.4;;225;;
000EW;2025-01-01 21:30:00;8.4;1014.1;88;6.5;4.8;;236;;
000EW;2025-01-01 21:40:00;8.4;1014.1;88;6.5;5.6;;225;;
000EW;2025-01-01 21:50:00;8.4;1014;88;6.5;4;;225;;
000EW;2025-01-01 22:00:00;8.3;1013.7;88;6.5;4.8;;259;0;0
000EW;2025-01-01 22:10:00;8.3;1013.6;89;6.6;4;;248;;
000EW;2025-01-01 22:20:00;8.4;1013.4;89;6.7;4.8;;236;;
000EW;2025-01-01 22:30:00;8.4;1013.1;89;6.7;5.6;;259;;
000EW;2025-01-01 22:40:00;8.4;1013.1;89;6.7;5.6;;270;;
000EW;2025-01-01 22:50:00;8.6;1013.1;89;6.8;2.4;;225;;
000EW;2025-01-01 23:00:00;8.6;1012.6;88;6.7;4;;225;0;0
000EW;2025-01-01 23:10:00;8.7;1012.7;88;6.8;4.8;;259;;
000EW;2025-01-01 23:20:00;8.7;1012.7;88;6.8;4.8;;248;;
000EW;2025-01-01 23:30:00;8.7;1012.6;88;6.8;7.2;;214;;
000EW;2025-01-01 23:40:00;8.8;1012.6;88;6.9;4.8;;236;;
000EW;2025-01-01 23:50:00;8.8;1012.4;88;6.9;4.8;;236;;
000EW;2025-01-02 00:00:00;8.8;1012.4;88;7;2.4;;259;0;0
000EW;2025-01-02 00:10:00;8.8;1012.2;87;6.8;4;;259;;
000EW;2025-01-02 00:20:00;8.8;1012.2;87;6.8;8;;270;;
000EW;2025-01-02 00:30:00;8.8;1012;88;7;2.4;;259;;
000EW;2025-01-02 00:40:00;8.9;1011.8;88;7;4;;248;;
000EW;2025-01-02 00:50:00;9;1011.6;88;7.1;3.2;;248;;
000EW;2025-01-02 01:00:00;8.9;1011.4;89;7.2;8.9;;259;0;0.2
000EW;2025-01-02 01:10:00;8.9;1011.4;89;7.2;4;;248;;
000EW;2025-01-02 01:20:00;8.9;1011.2;90;7.4;3.2;;270;;
000EW;2025-01-02 01:30:00;8.9;1011.5;90;7.4;4;;259;;
000EW;2025-01-02 01:40:00;9;1011.6;90;7.4;1.6;;259;;
000EW;2025-01-02 01:50:00;9;1011.7;91;7.6;0.8;;225;;
000EW;2025-01-02 02:00:00;9;1011.6;91;7.6;0;;;0;1.8
000EW;2025-01-02 02:10:00;8.3;1011.9;90;6.8;0;;;;
000EW;2025-01-02 02:20:00;7.6;1011.9;90;6;0.8;;45;;
000EW;2025-01-02 02:30:00;7.2;1012.1;91;5.9;0;;;;
000EW;2025-01-02 02:40:00;7.1;1012.1;91;5.7;0;;;;
000EW;2025-01-02 02:50:00;6.9;1012.2;92;5.7;0;;;;
000EW;2025-01-02 03:00:00;6.9;1012.3;92;5.7;0;;;0;3.6
000EW;2025-01-02 03:10:00;6.3;1012.4;91;5;1.6;;23;;
000EW;2025-01-02 03:20:00;6.2;1012.6;92;5;0.8;;0;;
000EW;2025-01-02 03:30:00;6.1;1012.6;92;4.9;0.8;;0;;
000EW;2025-01-02 03:40:00;6;1012.7;92;4.8;0;;;;
000EW;2025-01-02 03:50:00;5.9;1012.8;92;4.7;0.8;;45;;
000EW;2025-01-02 04:00:00;5.9;1012.8;92;4.7;0;;;0;2.4
000EW;2025-01-02 04:10:00;5.9;1012.9;92;4.7;0;;;;
000EW;2025-01-02 04:20:00;5.9;1012.8;92;4.7;0;;;;
000EW;2025-01-02 04:30:00;5.9;1013;92;4.7;0;;;;
000EW;2025-01-02 04:40:00;5.9;1012.9;92;4.7;0;;;;
000EW;2025-01-02 04:50:00;5.8;1013;92;4.6;0;;;;
000EW;2025-01-02 05:00:00;5.7;1013;93;4.7;0;;;0;3.4
000EW;2025-01-02 05:10:00;5.7;1013;93;4.6;0;;;;
000EW;2025-01-02 05:20:00;5.7;1012.9;93;4.6;0;;;;
000EW;2025-01-02 05:30:00;5.7;1013.1;93;4.6;0;;;;
000EW;2025-01-02 05:40:00;5.7;1013.2;93;4.6;0;;;;
000EW;2025-01-02 05:50:00;5.7;1013.2;93;4.6;0;;;;
000EW;2025-01-02 06:00:00;5.7;1013.3;93;4.6;0;;;8.8;3
000EW;2025-01-02 06:10:00;5.7;1013.5;93;4.7;0;;;;
000EW;2025-01-02 06:20:00;5.7;1013.5;93;4.6;0;;;;
000EW;2025-01-02 06:30:00;5.4;1013.6;92;4.2;0;;;;
000EW;2025-01-02 06:40:00;5.2;1013.7;92;4;0;;;;
000EW;2025-01-02 06:50:00;5.2;1013.7;92;4;0;;;;
000EW;2025-01-02 07:00:00;5.3;1013.7;92;4.1;0;;;0;2.8
000EW;2025-01-02 07:10:00;5;1013.9;91;3.7;0;;;;
000EW;2025-01-02 07:20:00;4.9;1013.9;91;3.5;0;;;;
000EW;2025-01-02 07:30:00;4.8;1014.1;91;3.5;0;;;;
000EW;2025-01-02 07:40:00;4.9;1014.4;91;3.5;0;;;;
000EW;2025-01-02 07:50:00;4.7;1014.5;91;3.4;0;;;;
000EW;2025-01-02 08:00:00;4.4;1014.8;91;3.1;0;;;0;2.2
000EW;2025-01-02 08:10:00;4.2;1015;90;2.7;0;;;;
000EW;2025-01-02 08:20:00;3.9;1015;90;2.5;0;;;;
000EW;2025-01-02 08:30:00;3.8;1015.2;91;2.4;0;;;;
000EW;2025-01-02 08:40:00;3.6;1015.3;91;2.3;0;;;;
000EW;2025-01-02 08:50:00;3.6;1015.3;91;2.2;0;;;;
000EW;2025-01-02 09:00:00;3.5;1015.5;91;2.2;0;;;7;2
000EW;2025-01-02 09:10:00;3.5;1015.8;91;2.2;0;;;;
000EW;2025-01-02 09:20:00;3.5;1015.9;91;2.2;0;;;;
000EW;2025-01-02 09:30:00;3.5;1015.9;91;2.2;0;;;;
000EW;2025-01-02 09:40:00;3.6;1016;91;2.3;0;;;;
000EW;2025-01-02 09:50:00;3.8;1016.1;92;2.7;0;;;;
000EW;2025-01-02 10:00:00;3.9;1016.1;91;2.6;0;;;0;0.6
000EW;2025-01-02 10:10:00;4;1016.2;91;2.7;0;;;;
000EW;2025-01-02 10:20:00;4.1;1016.4;91;2.7;0;;;;
000EW;2025-01-02 10:30:00;4.2;1016.4;91;2.8;0;;;;
000EW;2025-01-02 10:40:00;4.2;1016.6;91;2.9;0;;;;
000EW;2025-01-02 10:50:00;4.3;1016.4;91;3;0;;;;
000EW;2025-01-02 11:00:00;4.4;1016.3;91;3.1;0;;;0;0
000EW;2025-01-02 11:10:00;4.5;1016.3;91;3.2;0;;;;
000EW;2025-01-02 11:20:00;4.6;1016;90;3.1;0;;;;
000EW;2025-01-02 11:30:00;4.7;1016.3;90;3.2;0;;;;
000EW;2025-01-02 11:40:00;4.8;1016.4;90;3.3;0;;;;
000EW;2025-01-02 11:50:00;4.8;1016;89;3.2;0;;;;
000EW;2025-01-02 12:00:00;4.9;1016.1;90;3.4;0;;;0.6;0
000EW;2025-01-02 12:10:00;5;1016;90;3.5;0;;;;
000EW;2025-01-02 12:20:00;5;1016.3;90;3.5;0;;;;
000EW;2025-01-02 12:30:00;5;1016.1;90;3.5;0;;;;
000EW;2025-01-02 12:40:00;4.9;1016.2;91;3.6;0;;;;
000EW;2025-01-02 12:50:00;5;1016.2;91;3.7;0;;;;
000EW;2025-01-02 13:00:00;4.9;1016.2;91;3.6;0;;;0;0.2
000EW;2025-01-02 13:10:00;4.9;1016.2;91;3.6;0;;;;
000EW;2025-01-02 13:20:00;5;1016.3;91;3.7;0;;;;
000EW;2025-01-02 13:30:00;5;1016.3;91;3.7;0;;;;
000EW;2025-01-02 13:40:00;5.1;1016.4;92;3.9;0;;;;
000EW;2025-01-02 13:50:00;5.1;1016.4;92;3.9;0;;;;
000EW;2025-01-02 14:00:00;5.1;1016.4;92;3.9;0;;;0;0.4
000EW;2025-01-02 14:10:00;5.1;1016.6;92;3.9;0;;;;
000EW;2025-01-02 14:20:00;5.1;1016.3;92;3.9;0;;;;
000EW;2025-01-02 14:30:00;5;1016.4;92;3.8;0;;;;
000EW;2025-01-02 14:40:00;5;1016.8;92;3.8;0;;;;
000EW;2025-01-02 14:50:00;5.1;1016.7;92;3.9;0;;;;
000EW;2025-01-02 15:00:00;5.1;1016.9;91;3.8;0;;;0.6;0
000EW;2025-01-02 15:10:00;5.2;1017;92;4;0;;;;
000EW;2025-01-02 15:20:00;5.2;1017.2;91;3.8;0;;;;
000EW;2025-01-02 15:30:00;5.3;1017.3;91;3.9;0;;;;
000EW;2025-01-02 15:40:00;5.3;1017.4;91;4;0;;;;
000EW;2025-01-02 15:50:00;5.4;1017.5;91;4;0;;;;
000EW;2025-01-02 16:00:00;5.4;1017.6;90;3.9;0;;;0;0
000EW;2025-01-02 16:10:00;5.4;1017.7;90;3.9;0;;;;
000EW;2025-01-02 16:20:00;5.4;1017.8;90;3.9;0;;;;
000EW;2025-01-02 16:30:00;5.4;1018;90;3.9;0;;;;
000EW;2025-01-02 16:40:00;5.4;1018.2;90;3.9;0;;;;
000EW;2025-01-02 16:50:00;5.4;1018.4;90;3.9;0;;;;
000EW;2025-01-02 17:00:00;5.3;1018.7;90;3.8;0;;;0;0
000EW;2025-01-02 17:10:00;5.3;1018.7;90;3.8;0;;;;
000EW;2025-01-02 17:20:00;5.2;1018.9;90;3.7;0;;;;
000EW;2025-01-02 17:30:00;5.2;1019.2;90;3.7;0;;;;
000EW;2025-01-02 17:40:00;5.1;1019.1;90;3.6;0;;;;
000EW;2025-01-02 17:50:00;5;1019.2;90;3.5;0;;;;
000EW;2025-01-02 18:00:00;5.1;1019.3;89;3.4;0;;;0;0
000EW;2025-01-02 18:10:00;5.1;1019.5;89;3.4;0;;;;
000EW;2025-01-02 18:20:00;5.1;1019.6;89;3.4;0;;;;
000EW;2025-01-02 18:30:00;5.1;1019.8;89;3.4;0;;;;
000EW;2025-01-02 18:40:00;5.2;1020;89;3.5;0;;;;
000EW;2025-01-02 18:50:00;5.2;1020.1;89;3.6;0;;;;
000EW;2025-01-02 19:00:00;5.1;1020.2;88;3.2;0;;;0;0
000EW;2025-01-02 19:10:00;5.1;1020.4;88;3.2;0;;;;
000EW;2025-01-02 19:20:00;5.2;1020.5;88;3.3;0;;;;
000EW;2025-01-02 19:30:00;5.2;1020.5;88;3.3;0;;;;
000EW;2025-01-02 19:40:00;5.2;1020.8;88;3.3;0;;;;
000EW;2025-01-02 19:50:00;5.1;1020.9;88;3.3;0;;;;
000EW;2025-01-02 20:00:00;5.2;1021.1;88;3.3;0;;;0;0
000EW;2025-01-02 20:10:00;5.2;1021.2;87;3.2;0;;;;
000EW;2025-01-02 20:20:00;5.1;1021.2;87;3.1;0;;;;
000EW;2025-01-02 20:30:00;5.1;1021.5;87;3.1;0;;;;
000EW;2025-01-02 20:40:00;4.9;1021.6;87;3;0;;;;
000EW;2025-01-02 20:50:00;4.9;1021.6;87;2.9;0;;;;
000EW;2025-01-02 21:00:00;4.8;1021.7;87;2.9;0;;;0;0
000EW;2025-01-02 21:10:00;4.8;1021.8;87;2.9;0;;;;
000EW;2025-01-02 21:20:00;4.8;1021.9;86;2.6;0;;;;
000EW;2025-01-02 21:30:00;4.8;1021.9;86;2.6;0;;;;
000EW;2025-01-02 21:40:00;4.7;1022;86;2.6;0;;;;
000EW;2025-01-02 21:50:00;4.7;1022.1;85;2.4;0;;;;
000EW;2025-01-02 22:00:00;4.6;1022.2;85;2.3;0;;;0;0
000EW;2025-01-02 22:10:00;4.6;1022.3;85;2.3;0;;;;
000EW;2025-01-02 22:20:00;4.5;1022.5;85;2.2;0;;;;
000EW;2025-01-02 22:30:00;4.5;1022.5;85;2.2;0;;;;
000EW;2025-01-02 22:40:00;4.4;1022.8;85;2.1;0;;;;
000EW;2025-01-02 22:50:00;4.4;1022.9;85;2.1;0;;;;
000EW;2025-01-02 23:00:00;4.3;1023;85;2;0;;;0;0
000EW;2025-01-02 23:10:00;4.3;1023.1;85;2;0;;;;
000EW;2025-01-02 23:20:00;4.3;1023;84;1.8;0;;;;
000EW;2025-01-02 23:30:00;4.3;1023;84;1.8;0;;;;
000EW;2025-01-02 23:40:00;4.2;1023;84;1.7;0;;;;
000EW;2025-01-02 23:50:00;4.1;1022.9;84;1.6;0;;;;
000EW;2025-01-03 00:00:00;3.9;1023;85;1.7;0;;;0;0
000EW;2025-01-03 00:10:00;3.8;1023;85;1.5;0;;;;
000EW;2025-01-03 00:20:00;3.7;1023.1;86;1.5;0;;;;
000EW;2025-01-03 00:30:00;3.5;1023;86;1.4;0;;;;
000EW;2025-01-03 00:40:00;3.4;1023;86;1.3;0;;;;
000EW;2025-01-03 00:50:00;3.3;1023;86;1.2;0;;;;
000EW;2025-01-03 01:00:00;3.3;1023;86;1.2;0;;;0;0
000EW;2025-01-03 01:10:00;3.2;1023.2;86;1.1;0;;;;
000EW;2025-01-03 01:20:00;3.1;1023.2;86;1;0;;;;
000EW;2025-01-03 01:30:00;3;1023.1;86;0.9;0;;;;
000EW;2025-01-03 01:40:00;2.9;1023.2;86;0.8;0;;;;
000EW;2025-01-03 01:50:00;2.8;1023.2;86;0.7;0;;;;
000EW;2025-01-03 02:00:00;2.8;1023.2;86;0.7;0;;;0;0
000EW;2025-01-03 02:10:00;2.9;1023.2;86;0.8;0;;;;
000EW;2025-01-03 02:20:00;2.9;1023.2;87;1;0;;;;
000EW;2025-01-03 02:30:00;2.9;1023.3;86;0.8;0;;;;
000EW;2025-01-03 02:40:00;2.8;1023.3;86;0.7;0;;;;
000EW;2025-01-03 02:50:00;2.8;1023.3;86;0.7;0;;;;
000EW;2025-01-03 03:00:00;2.8;1023.3;86;0.7;0;;;0;0
000EW;2025-01-03 03:10:00;2.7;1023.3;86;0.6;0;;;;
000EW;2025-01-03 03:20:00;2.8;1023.2;86;0.7;0;;;;
000EW;2025-01-03 03:30:00;2.7;1023.2;86;0.6;0;;;;
000EW;2025-01-03 03:40:00;2.6;1023.3;86;0.5;0;;;;
000EW;2025-01-03 03:50:00;2.5;1023.3;87;0.6;0;;;;
000EW;2025-01-03 04:00:00;2.4;1023.2;87;0.5;0;;;0;0
000EW;2025-01-03 04:10:00;2.3;1023.3;87;0.4;0;;;;
000EW;2025-01-03 04:20:00;2.3;1023.3;88;0.6;0;;;;
000EW;2025-01-03 04:30:00;2.2;1023.2;87;0.3;0;;;;
000EW;2025-01-03 04:40:00;2.1;1023.3;88;0.3;0;;;;
000EW;2025-01-03 04:50:00;2;1023.3;88;0.2;0;;;;
000EW;2025-01-03 05:00:00;1.9;1023.3;88;0.1;0;;;0;0
000EW;2025-01-03 05:10:00;1.9;1023.3;89;0.3;0;;;;
000EW;2025-01-03 05:20:00;2;1023.3;89;0.4;0;;;;
000EW;2025-01-03 05:30:00;2.2;1023.4;89;0.5;0;;;;
000EW;2025-01-03 05:40:00;2.3;1023.5;89;0.7;0;;;;
000EW;2025-01-03 05:50:00;2.3;1023.4;89;0.7;0;;;;
000EW;2025-01-03 06:00:00;2.2;1023.5;89;0.6;0;;;0;0
000EW;2025-01-03 06:10:00;2.2;1023.4;89;0.5;0;;;;
000EW;2025-01-03 06:20:00;2.1;1023.5;89;0.5;0;;;;
000EW;2025-01-03 06:30:00;2.2;1023.5;89;0.5;0;;;;
000EW;2025-01-03 06:40:00;2.1;1023.6;89;0.4;0;;;;
000EW;2025-01-03 06:50:00;2.1;1023.6;89;0.5;0;;;;
000EW;2025-01-03 07:00:00;2.1;1023.6;89;0.5;0;;;0;0
000EW;2025-01-03 07:10:00;2.1;1023.7;89;0.4;0;;;;
000EW;2025-01-03 07:20:00;2.1;1023.6;89;0.4;0;;;;
000EW;2025-01-03 07:30:00;2.1;1023.7;89;0.4;0;;;;
000EW;2025-01-03 07:40:00;2.1;1023.8;89;0.5;0;;;;
000EW;2025-01-03 07:50:00;2.1;1023.9;89;0.4;0;;;;
000EW;2025-01-03 08:00:00;2.1;1024.1;89;0.5;0;;;0;0
000EW;2025-01-03 08:10:00;2.2;1024.3;89;0.5;0;;;;
000EW;2025-01-03 08:20:00;2.2;1024.4;88;0.4;0;;;;
000EW;2025-01-03 08:30:00;2.2;1024.5;88;0.4;0;;;;
000EW;2025-01-03 08:40:00;2.3;1024.3;88;0.6;0;;;;
000EW;2025-01-03 08:50:00;2.4;1024.3;87;0.5;0;;;;
000EW;2025-01-03 09:00:00;2.6;1024.5;86;0.5;0;;;0;0
000EW;2025-01-03 09:10:00;2.9;1024.5;85;0.7;0;;;;
000EW;2025-01-03 09:20:00;3.3;1024.7;84;0.8;0;;;;
000EW;2025-01-03 09:30:00;3.2;1024.8;84;0.7;0;;;;
000EW;2025-01-03 09:50:00;3.4;1024.7;84;0.9;0;;;;
000EW;2025-01-03 10:00:00;3.6;1024.9;83;1;0;;;0;0
000EW;2025-01-03 10:10:00;3.7;1024.9;79;0.4;0;;;;
000EW;2025-01-03 10:20:00;3.9;1024.7;78;0.4;0;;;;
000EW;2025-01-03 10:30:00;3.9;1024.8;76;0.1;0;;;;
000EW;2025-01-03 10:40:00;4.1;1024.9;74;-0.2;0;;;;
000EW;2025-01-03 10:50:00;4.2;1024.9;74;0;0;;;;
000EW;2025-01-03 11:00:00;4.5;1025;73;0.1;0;;;0;0
000EW;2025-01-03 11:10:00;4.8;1024.8;73;0.4;0;;;;
000EW;2025-01-03 11:20:00;5;1024.7;71;0.2;0;;;;
000EW;2025-01-03 11:30:00;4.9;1024.6;71;0.1;0;;;;
000EW;2025-01-03 11:40:00;5.2;1024.6;69;0;0;;;;
000EW;2025-01-03 11:50:00;5.4;1024.4;69;0.2;0;;;;
000EW;2025-01-03 12:00:00;5.6;1024.2;66;-0.3;0;;;0;0
000EW;2025-01-03 12:10:00;5.3;1024.2;65;-0.7;0;;;;
000EW;2025-01-03 12:20:00;5.2;1024.1;66;-0.6;0;;;;
000EW;2025-01-03 12:30:00;5.2;1024;66;-0.7;0;;;;
000EW;2025-01-03 12:40:00;5.5;1023.9;66;-0.3;0;;;;
000EW;2025-01-03 12:50:00;5.6;1023.9;65;-0.4;0;;;;
000EW;2025-01-03 13:00:00;5.3;1023.8;66;-0.6;0;;;0;0
000EW;2025-01-03 13:10:00;5.3;1023.8;66;-0.5;0;;;;
000EW;2025-01-03 13:20:00;5.3;1023.7;67;-0.3;1.6;;45;;
000EW;2025-01-03 13:30:00;5.5;1023.6;67;-0.1;0;;;;
000EW;2025-01-03 13:40:00;5.4;1023.6;66;-0.4;0;;;;
000EW;2025-01-03 13:50:00;5.2;1023.5;67;-0.4;0.8;;45;;
000EW;2025-01-03 14:00:00;5.3;1023.4;66;-0.6;0;;;0;0
000EW;2025-01-03 14:10:00;5.4;1023.3;65;-0.7;0;;;;
000EW;2025-01-03 14:20:00;5.4;1023.3;62;-1.3;0;;;;
000EW;2025-01-03 14:30:00;5.7;1023.3;63;-0.8;0;;;;
000EW;2025-01-03 14:40:00;5.7;1023.4;61;-1.3;0;;;;
000EW;2025-01-03 14:50:00;5.3;1023.5;62;-1.4;0;;;;
000EW;2025-01-03 15:00:00;5.2;1023.7;63;-1.3;0;;;0;0
000EW;2025-01-03 15:10:00;4.9;1023.5;64;-1.3;0;;;;
000EW;2025-01-03 15:20:00;4.8;1023.5;64;-1.5;0;;;;
000EW;2025-01-03 15:30:00;4.7;1023.5;65;-1.3;0;;;;
000EW;2025-01-03 15:40:00;4.6;1023.6;66;-1.2;0.8;;45;;
000EW;2025-01-03 15:50:00;4.6;1023.7;66;-1.2;0;;;;
000EW;2025-01-03 16:00:00;4.5;1023.7;66;-1.3;0;;;0;0
000EW;2025-01-03 16:10:00;4.4;1023.8;66;-1.3;0;;;;
000EW;2025-01-03 16:20:00;4.4;1023.9;66;-1.4;0;;;;
000EW;2025-01-03 16:30:00;4.4;1024;66;-1.4;0;;;;
000EW;2025-01-03 16:40:00;4.3;1024;66;-1.5;0.8;;23;;
000EW;2025-01-03 16:50:00;4.2;1024.1;66;-1.6;0;;;;
000EW;2025-01-03 17:00:00;4.2;1024.2;66;-1.6;0;;;0;0
000EW;2025-01-03 17:10:00;4.2;1024.2;66;-1.6;0;;;;
000EW;2025-01-03 17:20:00;4.2;1024.2;66;-1.6;0;;;;
000EW;2025-01-03 17:30:00;4.2;1024.2;67;-1.4;0;;;;
000EW;2025-01-03 17:40:00;4.2;1024.2;67;-1.4;0.8;;45;;
000EW;2025-01-03 17:50:00;4.2;1024.3;67;-1.4;0;;;;
000EW;2025-01-03 18:00:00;4;1024.4;67;-1.6;0;;;0;0
000EW;2025-01-03 18:10:00;3.9;1024.5;68;-1.4;0;;;;
000EW;2025-01-03 18:20:00;3.8;1024.5;68;-1.5;0;;;;
000EW;2025-01-03 18:30:00;3.7;1024.6;69;-1.5;0;;;;
000EW;2025-01-03 18:40:00;3.6;1024.7;69;-1.5;0;;;;
000EW;2025-01-03 18:50:00;3.6;1024.7;69;-1.5;0;;;;
000EW;2025-01-03 19:00:00;3.6;1024.7;70;-1.3;0;;;0;0
000EW;2025-01-03 19:10:00;3.7;1024.6;70;-1.3;0;;;;
000EW;2025-01-03 19:20:00;3.4;1024.8;70;-1.5;0;;;;
000EW;2025-01-03 19:30:00;3.4;1024.6;72;-1.1;0;;;;
000EW;2025-01-03 19:40:00;3.4;1024.7;72;-1.1;0;;;;
000EW;2025-01-03 19:50:00;3.4;1024.7;73;-0.9;0;;;;
000EW;2025-01-03 20:00:00;3.3;1024.6;74;-0.9;0;;;0;0
000EW;2025-01-03 20:10:00;3.2;1024.6;75;-0.8;0;;;;
000EW;2025-01-03 20:20:00;2.9;1024.5;77;-0.7;0;;;;
000EW;2025-01-03 20:30:00;2.8;1024.5;78;-0.6;0;;;;
000EW;2025-01-03 20:40:00;2.8;1024.6;79;-0.5;0;;;;
000EW;2025-01-03 20:50:00;2.6;1024.6;79;-0.7;0;;;;
000EW;2025-01-03 21:00:00;2.2;1024.6;80;-0.9;0;;;0;0
000EW;2025-01-03 21:10:00;2;1024.6;81;-0.9;0;;;;
000EW;2025-01-03 21:20:00;2;1024.5;81;-0.9;0;;;;
000EW;2025-01-03 21:30:00;1.9;1024.6;82;-0.8;0;;;;
000EW;2025-01-03 21:40:00;1.8;1024.5;82;-1;0;;;;
000EW;2025-01-03 21:50:00;1.7;1024.5;83;-0.9;0;;;;
000EW;2025-01-03 22:00:00;1.7;1024.5;84;-0.7;0;;;0;0
000EW;2025-01-03 22:10:00;1.6;1024.3;84;-0.8;0;;;;
000EW;2025-01-03 22:20:00;1.6;1024.5;84;-0.8;0;;;;
000EW;2025-01-03 22:30:00;1.4;1024.6;84;-1;0;;;;
000EW;2025-01-03 22:40:00;1.2;1024.5;85;-1.1;0;;;;
000EW;2025-01-03 22:50:00;1.1;1024.5;85;-1.2;0;;;;
000EW;2025-01-03 23:00:00;0.9;1024.4;86;-1.1;0;;;0;0
000EW;2025-01-03 23:10:00;0.9;1024.3;86;-1.2;0;;;;
000EW;2025-01-03 23:20:00;0.7;1024.3;86;-1.3;0;;;;
000EW;2025-01-03 23:30:00;0.6;1024.3;87;-1.4;0;;;;
000EW;2025-01-03 23:40:00;0.4;1024.2;87;-1.5;0;;;;
000EW;2025-01-03 23:50:00;0.3;1024.1;88;-1.4;0;;;;
000EW;2025-01-04 00:00:00;0.3;1024.1;88;-1.5;0;;;0;0
000EW;2025-01-04 00:10:00;0.1;1024.1;89;-1.5;0;;;;
000EW;2025-01-04 00:20:00;0;1024.1;89;-1.6;0;;;;
000EW;2025-01-04 00:30:00;-0.1;1024;89;-1.6;0;;;;
000EW;2025-01-04 00:40:00;-0.1;1023.9;90;-1.6;0;;;;
000EW;2025-01-04 00:50:00;-0.2;1023.9;90;-1.7;0;;;;
000EW;2025-01-04 01:00:00;-0.3;1023.7;90;-1.7;0;;;0;0
000EW;2025-01-04 01:10:00;-0.4;1023.5;90;-1.9;0;;;;
000EW;2025-01-04 01:20:00;-0.5;1023.5;90;-1.9;0;;;;
000EW;2025-01-04 01:30:00;-0.7;1023.5;90;-2.1;0;;;;
000EW;2025-01-04 01:40:00;-0.9;1023.4;90;-2.3;0;;;;
000EW;2025-01-04 01:50:00;-1.1;1023.2;91;-2.3;0;;;;
000EW;2025-01-04 02:00:00;-1.2;1023;91;-2.4;0.8;;135;0;0
000EW;2025-01-04 02:10:00;-1.3;1023;91;-2.6;0;;;;
000EW;2025-01-04 02:20:00;-1.6;1023.1;91;-2.8;1.6;;135;;
000EW;2025-01-04 02:30:00;-1.7;1022.9;91;-2.9;0.8;;158;;
000EW;2025-01-04 02:40:00;-1.7;1022.7;91;-2.9;0;;;;
000EW;2025-01-04 02:50:00;-1.7;1022.5;91;-2.9;0;;;;
000EW;2025-01-04 03:00:00;-1.8;1022.5;91;-3;0;;;0;0
000EW;2025-01-04 03:10:00;-1.9;1022.5;91;-3.2;1.6;;146;;
000EW;2025-01-04 03:20:00;-1.9;1022.4;91;-3.2;1.6;;158;;
000EW;2025-01-04 03:30:00;-2;1022.4;91;-3.3;1.6;;135;;
000EW;2025-01-04 03:40:00;-2;1022.5;91;-3.3;0;;;;
000EW;2025-01-04 03:50:00;-2.1;1022.3;91;-3.3;0;;;;
000EW;2025-01-04 04:00:00;-2;1022.1;91;-3.3;0;;;0;0
000EW;2025-01-04 04:10:00;-1.9;1022;91;-3.2;0;;;;
000EW;2025-01-04 04:20:00;-1.8;1022;91;-3;0;;;;
000EW;2025-01-04 04:30:00;-1.8;1022;90;-3.3;0;;;;
000EW;2025-01-04 04:40:00;-2;1021.9;90;-3.4;0;;;;
000EW;2025-01-04 04:50:00;-2.2;1021.9;90;-3.6;0;;;;
000EW;2025-01-04 05:00:00;-2.3;1021.8;90;-3.7;0;;;0;0
000EW;2025-01-04 05:10:00;-2.4;1021.6;91;-3.7;0.8;;135;;
000EW;2025-01-04 05:20:00;-2.5;1021.3;91;-3.8;0.8;;135;;
000EW;2025-01-04 05:30:00;-2.4;1021.2;91;-3.7;0;;;;
000EW;2025-01-04 05:40:00;-2.3;1021.4;91;-3.5;0;;;;
000EW;2025-01-04 05:50:00;-2.3;1021.4;91;-3.6;0;;;;
000EW;2025-01-04 06:00:00;-2.4;1021.4;91;-3.7;0;;;0;0
000EW;2025-01-04 06:10:00;-2.4;1021.4;91;-3.7;0;;;;
000EW;2025-01-04 06:20:00;-2.3;1021;91;-3.6;0;;;;
000EW;2025-01-04 06:30:00;-2.3;1020.8;91;-3.6;0;;;;
000EW;2025-01-04 06:40:00;-2.3;1020.9;91;-3.6;0;;;;
000EW;2025-01-04 06:50:00;-2.3;1020.9;91;-3.5;0;;;;
000EW;2025-01-04 07:00:00;-2.3;1020.7;91;-3.5;0;;;0;0
000EW;2025-01-04 07:10:00;-2.4;1020.6;91;-3.7;0.8;;158;;
000EW;2025-01-04 07:20:00;-2.4;1020.7;91;-3.7;0;;;;
000EW;2025-01-04 07:30:00;-2.4;1020.7;91;-3.7;0;;;;
000EW;2025-01-04 07:40:00;-2.4;1020.7;91;-3.7;0;;;;
000EW;2025-01-04 07:50:00;-2.4;1020.4;91;-3.7;0;;;;
000EW;2025-01-04 08:00:00;-2.4;1020.1;91;-3.7;0.8;;158;0;0
000EW;2025-01-04 08:10:00;-2.4;1020;91;-3.7;3.2;;158;;
000EW;2025-01-04 08:20:00;-2.3;1020.1;91;-3.5;0.8;;158;;
000EW;2025-01-04 08:30:00;-2.1;1020;91;-3.3;0;;;;
000EW;2025-01-04 08:40:00;-1.8;1020.2;91;-3.1;0;;;;
000EW;2025-01-04 08:50:00;-1.8;1020.2;91;-3;1.6;;158;;
000EW;2025-01-04 09:00:00;-1.7;1020.2;91;-2.9;0;;;0;0
000EW;2025-01-04 09:10:00;-1.6;1019.9;90;-3;0;;;;
000EW;2025-01-04 09:20:00;-1.5;1019.9;90;-2.9;0;;;;
000EW;2025-01-04 09:30:00;-1.3;1019.7;90;-2.8;0;;;;
000EW;2025-01-04 09:40:00;-1.1;1019.6;90;-2.5;0.8;;158;;
000EW;2025-01-04 09:50:00;-0.8;1019.3;90;-2.3;0.8;;158;;
000EW;2025-01-04 10:00:00;-0.6;1019.4;89;-2.2;0.8;;158;0;0
000EW;2025-01-04 10:10:00;-0.3;1019.3;89;-1.9;0.8;;180;;
000EW;2025-01-04 10:20:00;-0.2;1019.2;88;-1.9;0.8;;158;;
000EW;2025-01-04 10:30:00;0.1;1019.2;87;-1.8;0.8;;158;;
000EW;2025-01-04 10:40:00;0.4;1019;86;-1.7;1.6;;146;;
000EW;2025-01-04 10:50:00;0.7;1018.5;84;-1.7;0.8;;135;;
000EW;2025-01-04 11:00:00;0.8;1018;81;-2.1;1.6;;146;0;0
000EW;2025-01-04 11:10:00;1.2;1018;79;-2.1;1.6;;158;;
000EW;2025-01-04 11:20:00;1.5;1017.9;78;-1.9;0;;;;
000EW;2025-01-04 11:30:00;1.7;1017.7;75;-2.2;0;;;;
000EW;2025-01-04 11:40:00;2;1017.5;72;-2.5;0;;;;
000EW;2025-01-04 11:50:00;2.3;1017.2;71;-2.4;0.8;;158;;
000EW;2025-01-04 12:00:00;2.6;1017;69;-2.6;0.8;;135;0;0
000EW;2025-01-04 12:10:00;2.8;1016.9;70;-2.1;1.6;;146;;
000EW;2025-01-04 12:20:00;2.9;1016.7;70;-2;0.8;;135;;
000EW;2025-01-04 12:30:00;3.2;1016.5;67;-2.4;0;;;;
000EW;2025-01-04 12:40:00;3.3;1016.3;66;-2.5;0;;;;
000EW;2025-01-04 12:50:00;3.2;1015.9;64;-2.9;0;;;;
000EW;2025-01-04 13:00:00;2.9;1015.5;65;-3;0.8;;158;0;0
000EW;2025-01-04 13:10:00;2.9;1015.4;65;-3;0.8;;135;;
000EW;2025-01-04 13:20:00;2.9;1015.1;65;-3;0.8;;135;;
000EW;2025-01-04 13:30:00;2.9;1015.1;66;-2.8;0;;;;
000EW;2025-01-04 13:40:00;2.8;1014.7;65;-3.1;0.8;;158;;
000EW;2025-01-04 13:50:00;2.7;1014.5;64;-3.5;0.8;;135;;
000EW;2025-01-04 14:00:00;2.6;1014.2;64;-3.6;4.8;;146;0;0
000EW;2025-01-04 14:10:00;2.6;1014;65;-3.3;5.6;;146;;
000EW;2025-01-04 14:20:00;2.7;1013.7;65;-3.2;0.8;;180;;
000EW;2025-01-04 14:30:00;2.5;1013.8;66;-3.2;1.6;;135;;
000EW;2025-01-04 14:40:00;2.4;1013.6;67;-3.1;2.4;;135;;
000EW;2025-01-04 14:50:00;2.4;1013.5;67;-3.1;4.8;;146;;
000EW;2025-01-04 15:00:00;2.4;1013.5;68;-2.9;6.4;;158;0;0
000EW;2025-01-04 15:10:00;2.3;1013.4;69;-2.8;5.6;;146;;
000EW;2025-01-04 15:20:00;2.3;1013.3;70;-2.6;2.4;;135;;
000EW;2025-01-04 15:30:00;2.2;1013.2;70;-2.7;1.6;;158;;
000EW;2025-01-04 15:40:00;2.2;1013.1;71;-2.5;4.8;;158;;
000EW;2025-01-04 15:50:00;2.2;1012.9;71;-2.5;4;;158;;
000EW;2025-01-04 16:00:00;2.1;1012.7;72;-2.4;3.2;;146;0;0
000EW;2025-01-04 16:10:00;2;1012.5;73;-2.3;2.4;;135;;
000EW;2025-01-04 16:20:00;1.9;1012.3;74;-2.2;5.6;;135;;
000EW;2025-01-04 16:30:00;1.8;1012.1;75;-2.1;4;;135;;
000EW;2025-01-04 16:40:00;1.8;1011.8;76;-2;1.6;;146;;
000EW;2025-01-04 16:50:00;1.7;1011.7;76;-2;2.4;;146;;
000EW;2025-01-04 17:00:00;1.7;1011.6;77;-1.9;3.2;;135;0;0
000EW;2025-01-04 17:10:00;1.7;1011.6;77;-1.9;2.4;;158;;
000EW;2025-01-04 17:20:00;1.6;1011.5;78;-1.8;2.4;;146;;
000EW;2025-01-04 17:30:00;1.7;1011.3;79;-1.6;2.4;;135;;
000EW;2025-01-04 17:40:00;1.7;1011.1;80;-1.4;1.6;;158;;
000EW;2025-01-04 17:50:00;1.6;1011.1;80;-1.5;0.8;;158;;
000EW;2025-01-04 18:00:00;1.6;1011;81;-1.3;0.8;;158;0;0
000EW;2025-01-04 18:10:00;1.6;1010.7;82;-1.2;0;;;;
000EW;2025-01-04 18:20:00;1.6;1010.6;83;-1;0;;;;
000EW;2025-01-04 18:30:00;1.6;1010.4;83;-1;0;;;;
000EW;2025-01-04 18:40:00;1.6;1010.2;84;-0.8;0;;;;
000EW;2025-01-04 18:50:00;1.6;1010.1;85;-0.6;0;;;;
000EW;2025-01-04 19:00:00;1.6;1009.9;85;-0.7;0;;;0;0
000EW;2025-01-04 19:10:00;1.6;1009.8;86;-0.5;0;;;;
000EW;2025-01-04 19:20:00;1.6;1009.6;86;-0.5;0;;;;
000EW;2025-01-04 19:30:00;1.6;1009.3;87;-0.4;0;;;;
000EW;2025-01-04 19:40:00;1.5;1009.1;87;-0.4;0;;;;
000EW;2025-01-04 19:50:00;1.5;1008.8;88;-0.3;0;;;;
000EW;2025-01-04 20:00:00;1.4;1008.6;88;-0.3;0;;;0;1
000EW;2025-01-04 20:10:00;1.4;1008.5;89;-0.2;0.8;;158;;
000EW;2025-01-04 20:20:00;1.3;1008.3;89;-0.3;0.8;;158;;
000EW;2025-01-04 20:30:00;1.4;1008;89;-0.2;0;;;;
000EW;2025-01-04 20:40:00;1.4;1007.9;89;-0.2;0.8;;158;;
000EW;2025-01-04 20:50:00;1.4;1007.6;90;-0.1;0;;;;
000EW;2025-01-04 21:00:00;1.4;1007.4;90;-0;0.8;;158;1.6;0.6
000EW;2025-01-04 21:10:00;1.4;1007.1;90;-0.1;1.6;;146;;
000EW;2025-01-04 21:20:00;1.4;1007;91;0.1;0;;;;
000EW;2025-01-04 21:30:00;1.3;1006.7;91;0;0;;;;
000EW;2025-01-04 21:40:00;1.3;1006.5;91;0;0;;;;
000EW;2025-01-04 21:50:00;1.3;1006.3;92;0.2;1.6;;146;;
000EW;2025-01-04 22:00:00;1.4;1006.1;92;0.2;0;;;0;0.6
000EW;2025-01-04 22:10:00;1.4;1006;92;0.3;2.4;;135;;
000EW;2025-01-04 22:20:00;1.5;1005.8;92;0.3;0.8;;135;;
000EW;2025-01-04 22:30:00;1.6;1005.7;92;0.4;0;;;;
000EW;2025-01-04 22:40:00;1.6;1005.5;93;0.5;0.8;;135;;
000EW;2025-01-04 22:50:00;1.6;1005.2;93;0.6;0;;;;
000EW;2025-01-04 23:00:00;1.7;1004.9;93;0.7;0.8;;135;0;3.4
000EW;2025-01-04 23:10:00;1.7;1004.7;93;0.7;0;;;;
000EW;2025-01-04 23:20:00;1.7;1004.7;93;0.7;0;;;;
000EW;2025-01-04 23:30:00;1.7;1004.7;93;0.7;1.6;;135;;
000EW;2025-01-04 23:40:00;1.8;1004.3;93;0.8;0.8;;158;;
000EW;2025-01-04 23:50:00;1.8;1004;93;0.8;0;;;;
000EW;2025-01-05 00:00:00;1.9;1003.8;94;1;0;;;0;2.6
000EW;2025-01-05 00:10:00;2;1003.5;94;1.1;0;;;;
000EW;2025-01-05 00:20:00;2.1;1003.3;94;1.2;0;;;;
000EW;2025-01-05 00:30:00;2.2;1003.3;94;1.4;0;;;;
000EW;2025-01-05 00:40:00;2.3;1003.1;94;1.5;0.8;;135;;
000EW;2025-01-05 00:50:00;2.4;1002.8;94;1.6;0;;;;
000EW;2025-01-05 01:00:00;2.6;1002.8;94;1.7;0;;;0;1.2
000EW;2025-01-05 01:10:00;2.7;1002.6;94;1.9;0.8;;248;;
000EW;2025-01-05 01:20:00;2.8;1002.4;94;2;0;;;;
000EW;2025-01-05 01:30:00;3.1;1002.2;94;2.2;0;;;;
000EW;2025-01-05 01:40:00;3.3;1002.1;94;2.5;0;;;;
000EW;2025-01-05 01:50:00;3.8;1001.9;95;3.1;0;;;;
000EW;2025-01-05 02:00:00;4.8;1001.8;95;4;0;;;0;1.4
000EW;2025-01-05 02:10:00;5.7;1001.7;96;5.1;0;;;;
000EW;2025-01-05 02:20:00;6.9;1001.5;96;6.4;0;;;;
000EW;2025-01-05 02:30:00;8.4;1001.4;96;7.8;0;;;;
000EW;2025-01-05 02:40:00;9.5;1001.2;96;8.9;3.2;;259;;
000EW;2025-01-05 02:50:00;10.1;1001.1;96;9.5;4;;259;;
000EW;2025-01-05 03:00:00;10.4;1000.8;95;9.6;2.4;;236;0;1
000EW;2025-01-05 03:10:00;10.6;1000.8;94;9.6;0.8;;270;;
000EW;2025-01-05 03:20:00;10.7;1000.8;94;9.8;0.8;;248;;
000EW;2025-01-05 03:30:00;10.8;1000.7;94;9.9;1.6;;259;;
000EW;2025-01-05 03:40:00;10.9;1000.6;94;10;0.8;;270;;
000EW;2025-01-05 03:50:00;11;1000.4;93;9.9;3.2;;259;;
000EW;2025-01-05 04:00:00;11.1;1000.2;93;10;2.4;;248;0;0.2
000EW;2025-01-05 04:10:00;11.2;1000.2;93;10.1;4;;248;;
000EW;2025-01-05 04:20:00;11.2;1000.4;93;10.1;1.6;;259;;
000EW;2025-01-05 04:30:00;11.2;1000.3;92;10;2.4;;259;;
000EW;2025-01-05 04:40:00;11.2;1000.2;92;10;1.6;;248;;
000EW;2025-01-05 04:50:00;11.3;1000.1;92;10;1.6;;248;;
000EW;2025-01-05 05:00:00;11.3;1000.1;92;10.1;3.2;;248;0;0.2
000EW;2025-01-05 05:10:00;11.4;1000.1;92;10.1;2.4;;248;;
000EW;2025-01-05 05:20:00;11.4;1000;91;10;0;;;;
000EW;2025-01-05 05:30:00;11.5;1000;91;10.1;3.2;;248;;
000EW;2025-01-05 05:40:00;11.6;1000.1;91;10.1;3.2;;248;;
000EW;2025-01-05 05:50:00;11.6;1000.1;91;10.1;2.4;;259;;
000EW;2025-01-05 06:00:00;11.6;1000;91;10.1;1.6;;248;0.4;0
000EW;2025-01-05 06:10:00;11.6;1000;91;10.1;1.6;;270;;
000EW;2025-01-05 06:20:00;11.6;999.9;91;10.2;0;;;;
000EW;2025-01-05 06:30:00;11.6;1000;91;10.2;4.8;;270;;
000EW;2025-01-05 06:40:00;11.6;999.9;91;10.2;4.8;;248;;
000EW;2025-01-05 06:50:00;11.6;1000;91;10.2;4;;225;;
000EW;2025-01-05 07:00:00;11.6;999.9;91;10.2;1.6;;180;0;0
000EW;2025-01-05 07:10:00;11.7;999.9;91;10.2;5.6;;248;;
000EW;2025-01-05 07:20:00;11.7;999.8;91;10.2;8.9;;259;;
000EW;2025-01-05 07:30:00;11.7;999.7;91;10.2;7.2;;225;;
000EW;2025-01-05 07:40:00;11.6;999.7;91;10.2;5.6;;248;;
000EW;2025-01-05 07:50:00;11.6;999.7;91;10.2;5.6;;236;;
000EW;2025-01-05 08:00:00;11.6;999.7;91;10.2;10.5;;259;0;0.2
000EW;2025-01-05 08:10:00;11.6;999.8;91;10.1;3.2;;259;;
000EW;2025-01-05 08:20:00;11.6;999.7;90;10;7.2;;236;;
000EW;2025-01-05 08:30:00;11.6;999.6;90;10;1.6;;248;;
000EW;2025-01-05 08:40:00;11.7;999.6;89;9.9;4;;270;;
000EW;2025-01-05 08:50:00;11.7;999.6;89;9.9;5.6;;281;;
000EW;2025-01-05 09:00:00;11.6;999.5;89;9.9;6.4;;248;0.2;0
000EW;2025-01-05 09:10:00;11.6;999.4;89;9.8;3.2;;248;;
000EW;2025-01-05 09:20:00;11.6;999.3;90;10;1.6;;248;;
000EW;2025-01-05 09:30:00;11.7;999.1;90;10.1;3.2;;236;;
000EW;2025-01-05 09:40:00;11.8;999.2;89;10;3.2;;270;;
000EW;2025-01-05 09:50:00;11.9;999;89;10.1;2.4;;248;;
000EW;2025-01-05 10:00:00;12;999.2;88;10.1;2.4;;236;0;0.2
000EW;2025-01-05 10:10:00;12.1;999.2;88;10.2;4;;236;;
000EW;2025-01-05 10:20:00;12.2;998.9;87;10.1;0.8;;248;;
000EW;2025-01-05 10:30:00;12.2;998.8;87;10.1;3.2;;191;;
000EW;2025-01-05 10:40:00;12.3;998.9;87;10.2;3.2;;236;;
000EW;2025-01-05 10:50:00;12.4;998.9;87;10.3;4;;236;;
000EW;2025-01-05 11:00:00;12.6;998.5;86;10.3;4.8;;270;0;0
000EW;2025-01-05 11:10:00;12.6;998.4;84;10;5.6;;259;;
000EW;2025-01-05 11:20:00;12.7;998.3;83;9.9;7.2;;236;;
000EW;2025-01-05 11:30:00;12.7;998.3;82;9.7;6.4;;248;;
000EW;2025-01-05 11:40:00;12.8;998.1;82;9.8;8.9;;248;;
000EW;2025-01-05 11:50:00;12.8;997.9;81;9.7;4;;259;;
000EW;2025-01-05 12:00:00;12.8;997.6;81;9.7;4;;259;0.2;0
000EW;2025-01-05 12:10:00;12.9;997.5;81;9.7;0.8;;248;;
000EW;2025-01-05 12:20:00;12.9;997.3;81;9.8;1.6;;248;;
000EW;2025-01-05 12:30:00;13.1;997.5;80;9.7;1.6;;236;;
000EW;2025-01-05 12:40:00;13.1;997.2;80;9.7;1.6;;248;;
000EW;2025-01-05 12:50:00;13.1;997.1;80;9.7;1.6;;248;;
000EW;2025-01-05 13:00:00;13;997;80;9.6;1.6;;225;0;0
000EW;2025-01-05 13:10:00;13.1;996.7;80;9.7;1.6;;270;;
000EW;2025-01-05 13:20:00;13.1;996.5;80;9.7;0.8;;293;;
000EW;2025-01-05 13:30:00;13.1;996.6;80;9.7;0.8;;270;;
000EW;2025-01-05 13:40:00;13.2;996.5;80;9.8;0.8;;270;;
000EW;2025-01-05 13:50:00;13.2;996.4;79;9.7;2.4;;259;;
000EW;2025-01-05 14:00:00;13.2;996.1;79;9.6;2.4;;259;0;0
000EW;2025-01-05 14:10:00;13.2;996.1;80;9.8;1.6;;248;;
000EW;2025-01-05 14:20:00;13.1;996.3;80;9.7;1.6;;236;;
000EW;2025-01-05 14:30:00;13;995.9;80;9.6;0.8;;158;;
000EW;2025-01-05 14:40:00;12.9;995.9;80;9.6;0.8;;248;;
000EW;2025-01-05 14:50:00;12.9;996;80;9.6;0;;;;
000EW;2025-01-05 15:00:00;12.9;996;80;9.6;1.6;;225;0;0
000EW;2025-01-05 15:10:00;12.9;995.9;80;9.5;1.6;;203;;
000EW;2025-01-05 15:20:00;12.8;995.9;80;9.5;0.8;;225;;
000EW;2025-01-05 15:30:00;12.8;995.8;80;9.4;1.6;;236;;
000EW;2025-01-05 15:40:00;12.7;995.7;80;9.4;0;;;;
000EW;2025-01-05 15:50:00;12.7;995.6;80;9.3;0;;;;
000EW;2025-01-05 16:00:00;12.7;995.6;80;9.3;0.8;;180;0;0
000EW;2025-01-05 16:10:00;12.6;995.5;80;9.3;0;;;;
000EW;2025-01-05 16:20:00;12.7;995.4;80;9.3;0;;;;
000EW;2025-01-05 16:30:00;12.7;995.4;80;9.3;0.8;;225;;
000EW;2025-01-05 16:40:00;12.7;995.4;80;9.4;1.6;;180;;
000EW;2025-01-05 16:50:00;12.7;995.6;80;9.3;0;;;;
000EW;2025-01-05 17:00:00;12.7;995.5;80;9.3;0;;;0;0
000EW;2025-01-05 17:10:00;12.6;995.3;80;9.3;0;;;;
000EW;2025-01-05 17:20:00;12.6;995.3;80;9.3;0;;;;
000EW;2025-01-05 17:30:00;12.6;995.2;80;9.3;0;;;;
000EW;2025-01-05 17:40:00;12.6;994.9;80;9.3;0;;;;
000EW;2025-01-05 17:50:00;12.6;994.9;80;9.3;0;;;;
000EW;2025-01-05 18:00:00;12.7;994.8;80;9.3;0;;;0;0
000EW;2025-01-05 18:10:00;12.6;994.9;80;9.3;0;;;;
000EW;2025-01-05 18:20:00;12.7;994.8;79;9.1;0;;;;
000EW;2025-01-05 18:30:00;12.7;994.6;79;9.1;0;;;;
000EW;2025-01-05 18:40:00;12.7;994.4;79;9.1;0;;;;
000EW;2025-01-05 18:50:00;12.7;994.3;78;9;0;;;;
000EW;2025-01-05 19:00:00;12.7;994.3;78;8.9;0;;;0;0
000EW;2025-01-05 19:10:00;12.7;994.2;78;8.9;0;;;;
000EW;2025-01-05 19:20:00;12.7;993.9;78;8.9;0;;;;
000EW;2025-01-05 19:30:00;12.6;993.8;78;8.9;0;;;;
000EW;2025-01-05 19:40:00;12.6;993.8;78;8.8;0;;;;
000EW;2025-01-05 19:50:00;12.6;993.7;78;8.8;0;;;;
000EW;2025-01-05 20:00:00;12.5;993.5;78;8.8;0;;;0;0
000EW;2025-01-05 20:10:00;12.5;993.5;78;8.8;0;;;;
000EW;2025-01-05 20:20:00;12.5;993.4;78;8.8;0;;;;
000EW;2025-01-05 20:30:00;12.4;993.2;78;8.7;0;;;;
000EW;2025-01-05 20:40:00;12.4;993;78;8.7;0;;;;
000EW;2025-01-05 20:50:00;12.4;993;78;8.7;0;;;;
000EW;2025-01-05 21:00:00;12.3;993;78;8.6;0;;;0;0
000EW;2025-01-05 21:10:00;12.4;992.9;78;8.7;0;;;;
000EW;2025-01-05 21:20:00;12.4;992.8;77;8.5;0.8;;180;;
000EW;2025-01-05 21:30:00;12.5;992.6;77;8.6;0;;;;
000EW;2025-01-05 21:40:00;12.4;992.6;78;8.7;0;;;;
000EW;2025-01-05 21:50:00;12.4;992.4;79;8.8;0;;;;
000EW;2025-01-05 22:00:00;12.5;992.3;78;8.8;0;;;0;0
000EW;2025-01-05 22:10:00;12.6;992.2;77;8.6;0;;;;
000EW;2025-01-05 22:20:00;12.5;992.4;79;9;0.8;;203;;
000EW;2025-01-05 22:30:00;12.3;992.3;80;9;0.8;;158;;
000EW;2025-01-05 22:40:00;12.3;992.3;81;9.1;0.8;;248;;
000EW;2025-01-05 22:50:00;12.2;992.3;83;9.4;1.6;;191;;
000EW;2025-01-05 23:00:00;12.1;992.2;84;9.4;1.6;;214;0;0.6
000EW;2025-01-05 23:10:00;12;992;84;9.4;0.8;;180;;
000EW;2025-01-05 23:20:00;11.9;991.9;85;9.5;1.6;;191;;
000EW;2025-01-05 23:30:00;11.9;991.8;85;9.5;0.8;;203;;
000EW;2025-01-05 23:40:00;12;991.5;85;9.6;0;;;;
000EW;2025-01-05 23:50:00;12.1;991.4;85;9.7;0.8;;225;;
000EW;2025-01-06 00:00:00;12.2;991.2;84;9.5;1.6;;259;0;0.8
000EW;2025-01-06 00:10:00;12.3;990.9;84;9.7;0.8;;225;;
000EW;2025-01-06 00:20:00;12.3;990.6;83;9.5;0;;;;
000EW;2025-01-06 00:30:00;12.3;990.5;82;9.3;0;;;;
000EW;2025-01-06 00:40:00;12.4;990.4;81;9.3;0.8;;225;;
000EW;2025-01-06 00:50:00;12.6;990.2;80;9.2;0;;;;
000EW;2025-01-06 01:00:00;12.6;990;80;9.2;1.6;;203;0;0
000EW;2025-01-06 01:10:00;12.6;989.9;79;9.1;0;;;;
000EW;2025-01-06 01:20:00;12.7;989.8;79;9.1;0.8;;180;;
000EW;2025-01-06 01:30:00;12.8;989.8;79;9.2;0;;;;
000EW;2025-01-06 01:40:00;13;989.8;77;9.1;0.8;;270;;
000EW;2025-01-06 01:50:00;12.9;989.7;77;9;0.8;;203;;
000EW;2025-01-06 02:00:00;13;989.6;77;9.1;0.8;;203;0;0
000EW;2025-01-06 02:10:00;12.9;989.5;76;8.8;0;;;;
000EW;2025-01-06 02:20:00;12.9;989.3;76;8.8;0;;;;
000EW;2025-01-06 02:30:00;12.9;989.1;76;8.8;0;;;;
000EW;2025-01-06 02:40:00;12.9;989;76;8.8;0;;;;
000EW;2025-01-06 02:50:00;12.9;988.7;75;8.6;0;;;;
000EW;2025-01-06 03:00:00;12.8;988.4;76;8.7;0;;;0;0
000EW;2025-01-06 03:10:00;12.7;988.3;76;8.6;0;;;;
000EW;2025-01-06 03:20:00;12.7;988.2;76;8.6;0.8;;248;;
000EW;2025-01-06 03:30:00;12.8;988.1;75;8.5;0.8;;203;;
000EW;2025-01-06 03:40:00;12.8;987.9;75;8.5;2.4;;203;;
000EW;2025-01-06 03:50:00;12.8;987.7;75;8.5;0.8;;225;;
000EW;2025-01-06 04:00:00;12.8;987.7;75;8.5;1.6;;248;0;0
000EW;2025-01-06 04:10:00;12.8;987.7;75;8.5;0.8;;158;;
000EW;2025-01-06 04:20:00;12.8;987.4;75;8.5;0.8;;203;;
000EW;2025-01-06 04:30:00;12.8;987.3;75;8.5;1.6;;203;;
000EW;2025-01-06 04:40:00;12.8;987.1;75;8.5;0.8;;180;;
000EW;2025-01-06 04:50:00;12.8;986.8;75;8.5;1.6;;169;;
000EW;2025-01-06 05:00:00;12.9;986.7;75;8.6;1.6;;169;0;0
000EW;2025-01-06 05:10:00;12.8;986.6;76;8.7;1.6;;214;;
000EW;2025-01-06 05:20:00;12.7;986.7;78;8.9;1.6;;225;;
000EW;2025-01-06 05:30:00;12.4;986.4;79;8.8;3.2;;203;;
000EW;2025-01-06 05:40:00;12.3;986.3;80;8.9;2.4;;203;;
000EW;2025-01-06 05:50:00;12.2;986.2;80;8.9;4.8;;191;;
000EW;2025-01-06 06:00:00;12.2;986.1;80;8.8;5.6;;225;0;0
000EW;2025-01-06 06:10:00;12.2;985.9;80;8.9;4;;236;;
000EW;2025-01-06 06:20:00;12.3;985.9;80;8.9;4;;225;;
000EW;2025-01-06 06:30:00;12.4;985.7;79;8.8;10.5;;225;;
000EW;2025-01-06 06:40:00;12.4;985.6;79;8.9;6.4;;180;;
000EW;2025-01-06 06:50:00;12.4;985.4;79;8.9;4.8;;203;;
000EW;2025-01-06 07:00:00;12.4;985.3;79;8.9;4;;225;0;0.2
000EW;2025-01-06 07:10:00;12.4;985.1;79;8.9;3.2;;214;;
000EW;2025-01-06 07:20:00;12.3;985.2;79;8.8;10.5;;203;;
000EW;2025-01-06 07:30:00;12.3;985.1;80;8.9;10.5;;214;;
000EW;2025-01-06 07:40:00;12.3;984.9;80;8.9;11.3;;203;;
000EW;2025-01-06 07:50:00;12.3;984.9;80;9;4;;203;;
000EW;2025-01-06 08:00:00;12.4;984.9;80;9.1;8.9;;214;0;0
000EW;2025-01-06 08:10:00;12.4;984.7;80;9;8;;203;;
000EW;2025-01-06 08:20:00;12.2;984.8;82;9.2;5.6;;203;;
000EW;2025-01-06 08:30:00;11.9;984.5;84;9.3;11.3;;214;;
000EW;2025-01-06 08:40:00;11.8;984.4;84;9.2;9.7;;236;;
000EW;2025-01-06 08:50:00;11.7;984.2;85;9.3;6.4;;225;;
000EW;2025-01-06 09:00:00;11.8;984;85;9.3;2.4;;225;0.4;0.2
000EW;2025-01-06 09:10:00;11.9;984;85;9.4;5.6;;225;;
000EW;2025-01-06 09:20:00;11.9;983.9;85;9.5;5.6;;214;;
000EW;2025-01-06 09:30:00;11.8;984.1;86;9.5;9.7;;203;;
000EW;2025-01-06 09:40:00;11.8;984.2;86;9.5;6.4;;191;;
000EW;2025-01-06 09:50:00;11.9;984.1;85;9.5;8;;191;;
000EW;2025-01-06 10:00:00;12.1;985;84;9.5;8.9;;236;0;0.6
000EW;2025-01-06 10:10:00;12.1;985.5;83;9.3;13.7;;225;;
000EW;2025-01-06 10:20:00;12.2;986;82;9.2;11.3;;259;;
000EW;2025-01-06 10:30:00;12;987.2;82;9;7.2;;248;;
000EW;2025-01-06 10:40:00;10.6;987.5;77;6.7;4;;259;;
000EW;2025-01-06 10:50:00;10.4;988;77;6.6;3.2;;259;;
000EW;2025-01-06 11:00:00;10.2;988.3;79;6.7;0.8;;270;0;0
000EW;2025-01-06 11:10:00;10.2;988.7;80;6.9;0.8;;270;;
000EW;2025-01-06 11:20:00;10.2;989;79;6.7;0;;;;
000EW;2025-01-06 11:30:00;10.3;989.4;78;6.6;0.8;;270;;
000EW;2025-01-06 11:40:00;10.4;989.7;76;6.3;0.8;;270;;
000EW;2025-01-06 11:50:00;10.4;990.2;74;6;0.8;;248;;
000EW;2025-01-06 12:00:00;10.6;990.5;73;5.9;1.6;;270;0.6;0
000EW;2025-01-06 12:10:00;10.4;990.8;72;5.6;0.8;;270;;
000EW;2025-01-06 12:20:00;10.2;991.1;72;5.3;1.6;;248;;
000EW;2025-01-06 12:30:00;10;991.3;72;5.2;4;;270;;
000EW;2025-01-06 12:40:00;9.9;991.6;72;5.1;4;;270;;
000EW;2025-01-06 12:50:00;10;991.8;72;5.2;2.4;;236;;
000EW;2025-01-06 13:00:00;10.2;992;71;5.1;2.4;;248;0;0
000EW;2025-01-06 13:10:00;10.2;992.4;72;5.4;5.6;;248;;
000EW;2025-01-06 13:20:00;10.1;992.6;71;5.1;4;;259;;
000EW;2025-01-06 13:30:00;9.8;993;69;4.4;11.3;;259;;
000EW;2025-01-06 13:40:00;9.5;993.2;70;4.3;14.5;;248;;
000EW;2025-01-06 13:50:00;9.4;993.5;71;4.4;10.5;;259;;
000EW;2025-01-06 14:00:00;9.3;993.7;73;4.7;8.9;;259;0;0
000EW;2025-01-06 14:10:00;9.2;994;73;4.6;9.7;;236;;
000EW;2025-01-06 14:20:00;8.9;994.4;76;4.9;5.6;;270;;
000EW;2025-01-06 14:30:00;8.7;994.4;77;4.9;7.2;;259;;
000EW;2025-01-06 14:40:00;9.1;994.6;75;4.9;4;;270;;
000EW;2025-01-06 14:50:00;9.2;994.8;73;4.6;8.9;;270;;
000EW;2025-01-06 15:00:00;8.8;995.5;75;4.6;1.6;;270;0;0
000EW;2025-01-06 15:10:00;7.9;995.8;77;4.2;11.3;;270;;
000EW;2025-01-06 15:20:00;7.8;995.7;78;4.2;10.5;;270;;
000EW;2025-01-06 15:30:00;7.9;996.1;78;4.3;7.2;;248;;
000EW;2025-01-06 15:40:00;8;995.9;79;4.6;8.9;;259;;
000EW;2025-01-06 15:50:00;8;996.1;79;4.6;5.6;;270;;
000EW;2025-01-06 16:00:00;8.1;996.2;79;4.6;3.2;;248;0;0.4
000EW;2025-01-06 16:10:00;8.2;996.4;78;4.6;0.8;;270;;
000EW;2025-01-06 16:20:00;8.3;996.6;77;4.5;1.6;;248;;
000EW;2025-01-06 16:30:00;8.6;996.8;75;4.4;0.8;;203;;
000EW;2025-01-06 16:40:00;8.8;996.9;73;4.2;4;;225;;
000EW;2025-01-06 16:50:00;8.8;997;72;4;5.6;;259;;
000EW;2025-01-06 17:00:00;8.8;997.1;73;4.2;0.8;;248;0;0
000EW;2025-01-06 17:10:00;8.7;997.2;73;4.2;5.6;;248;;
000EW;2025-01-06 17:20:00;8.7;997.4;73;4.1;4.8;;259;;
000EW;2025-01-06 17:30:00;8.6;997.4;73;4;1.6;;248;;
000EW;2025-01-06 17:40:00;8.5;997.5;73;3.9;3.2;;248;;
000EW;2025-01-06 17:50:00;8.4;997.6;73;3.9;3.2;;248;;
000EW;2025-01-06 18:00:00;8.4;997.6;72;3.6;4;;270;0.4;0
000EW;2025-01-06 18:10:00;8.3;997.6;73;3.8;0.8;;248;;
000EW;2025-01-06 18:20:00;8.3;997.6;73;3.7;2.4;;214;;
000EW;2025-01-06 18:30:00;8.2;997.6;73;3.7;1.6;;248;;
000EW;2025-01-06 18:40:00;8.2;997.7;73;3.6;4.8;;225;;
000EW;2025-01-06 18:50:00;8.2;997.8;73;3.6;2.4;;270;;
000EW;2025-01-06 19:00:00;8.2;997.8;73;3.6;8;;259;0;0
000EW;2025-01-06 19:10:00;8.1;997.7;73;3.6;4.8;;214;;
000EW;2025-01-06 19:20:00;8.2;997.9;72;3.4;6.4;;259;;
000EW;2025-01-06 19:30:00;8.2;998;72;3.4;8;;236;;
000EW;2025-01-06 19:40:00;8.1;998.1;73;3.6;9.7;;259;;
000EW;2025-01-06 19:50:00;8.1;998.1;73;3.5;6.4;;259;;
000EW;2025-01-06 20:00:00;7.9;998.2;74;3.6;10.5;;259;0;0
000EW;2025-01-06 20:10:00;7.8;998.2;75;3.7;4.8;;270;;
000EW;2025-01-06 20:20:00;7.7;998.3;76;3.8;8.9;;270;;
000EW;2025-01-06 20:30:00;7.7;998.3;77;3.9;8;;259;;
000EW;2025-01-06 20:40:00;7.6;998.3;77;3.8;5.6;;236;;
000EW;2025-01-06 20:50:00;7.6;998.3;78;4;10.5;;248;;
000EW;2025-01-06 21:00:00;7.5;998.5;78;3.9;7.2;;259;0;0
000EW;2025-01-06 21:10:00;7.4;998.6;79;4;6.4;;270;;
000EW;2025-01-06 21:20:00;7.3;998.6;79;3.9;5.6;;270;;
000EW;2025-01-06 21:30:00;7.3;998.8;80;4.1;6.4;;270;;
000EW;2025-01-06 21:40:00;7.3;998.8;80;4.1;1.6;;248;;
000EW;2025-01-06 21:50:00;7.2;999;80;4;4;;270;;
000EW;2025-01-06 22:00:00;7.3;999.1;79;3.9;3.2;;270;0;0
000EW;2025-01-06 22:10:00;7.2;999.3;79;3.8;0;;;;
000EW;2025-01-06 22:20:00;7.2;999.7;78;3.6;1.6;;270;;
000EW;2025-01-06 22:30:00;7.3;999.8;77;3.5;4;;270;;
000EW;2025-01-06 22:40:00;7.2;999.9;76;3.3;0;;;;
000EW;2025-01-06 22:50:00;7.2;1000;75;3;1.6;;293;;
000EW;2025-01-06 23:00:00;7.1;1000.1;76;3.2;0.8;;225;0;0
000EW;2025-01-06 23:10:00;7.1;1000.3;76;3.1;0.8;;248;;
000EW;2025-01-06 23:20:00;6.9;1000.3;76;3;0;;;;
000EW;2025-01-06 23:30:00;6.9;1000.3;76;3;0.8;;248;;
000EW;2025-01-06 23:40:00;6.8;1000.3;76;2.9;0.8;;270;;
000EW;2025-01-06 23:50:00;6.8;1000.3;77;3;0.8;;248;;
000EW;2025-01-07 00:00:00;6.7;1000.2;77;3;0;;;0;0
000EW;2025-01-07 00:10:00;6.7;1000.2;76;2.7;0;;;;
000EW;2025-01-07 00:20:00;6.6;1000.3;77;2.8;1.6;;248;;
000EW;2025-01-07 00:30:00;6.5;1000.4;77;2.8;0;;;;
000EW;2025-01-07 00:40:00;6.4;1000.4;77;2.7;0;;;;
000EW;2025-01-07 00:50:00;6.4;1000.4;76;2.5;0.8;;248;;
000EW;2025-01-07 01:00:00;6.4;1000.5;77;2.7;0;;;0;0
000EW;2025-01-07 01:10:00;6.3;1000.5;77;2.5;0;;;;
000EW;2025-01-07 01:20:00;6.2;1000.5;78;2.7;0.8;;203;;
000EW;2025-01-07 01:30:00;6.2;1000.7;79;2.8;0;;;;
000EW;2025-01-07 01:40:00;6.1;1000.9;79;2.7;0.8;;270;;
000EW;2025-01-07 01:50:00;6.1;1000.8;79;2.7;0.8;;225;;
000EW;2025-01-07 02:00:00;6.1;1000.8;78;2.5;0.8;;248;0;0
000EW;2025-01-07 02:10:00;5.9;1000.8;79;2.6;0.8;;248;;
000EW;2025-01-07 02:20:00;5.8;1000.8;79;2.5;0;;;;
000EW;2025-01-07 02:30:00;5.7;1000.9;79;2.4;0;;;;
000EW;2025-01-07 02:40:00;5.7;1001;79;2.3;0;;;;
000EW;2025-01-07 02:50:00;5.7;1001.1;78;2.1;0.8;;293;;
000EW;2025-01-07 03:00:00;5.6;1001;78;2.1;0;;;0;0
000EW;2025-01-07 03:10:00;5.6;1001.2;78;2.1;0;;;;
000EW;2025-01-07 03:20:00;5.6;1001.1;78;2.1;0;;;;
000EW;2025-01-07 03:30:00;5.6;1001.2;78;2.1;0;;;;
000EW;2025-01-07 03:40:00;5.6;1001.2;77;1.8;0.8;;270;;
000EW;2025-01-07 03:50:00;5.6;1001;77;1.8;2.4;;248;;
000EW;2025-01-07 04:00:00;5.6;1001.2;77;1.8;0;;;0;0
000EW;2025-01-07 04:10:00;5.7;1001.4;77;2;1.6;;270;;
000EW;2025-01-07 04:20:00;5.7;1001.6;77;2;0;;;;
000EW;2025-01-07 04:30:00;5.7;1001.7;76;1.8;0.8;;225;;
000EW;2025-01-07 04:40:00;5.8;1001.9;77;2.1;2.4;;259;;
000EW;2025-01-07 04:50:00;5.8;1001.8;76;1.9;0;;;;
000EW;2025-01-07 05:00:00;5.7;1001.5;76;1.8;0.8;;225;0;0
000EW;2025-01-07 05:10:00;5.7;1002;76;1.8;0;;;;
000EW;2025-01-07 05:20:00;5.7;1002.2;76;1.8;0;;;;
000EW;2025-01-07 05:30:00;5.7;1002.3;76;1.8;0;;;;
000EW;2025-01-07 05:40:00;5.6;1002.3;76;1.7;1.6;;248;;
000EW;2025-01-07 05:50:00;5.6;1002.5;76;1.7;0;;;;
000EW;2025-01-07 06:00:00;5.5;1002.7;76;1.6;0.8;;248;0;0
000EW;2025-01-07 06:10:00;5.4;1002.8;76;1.6;0;;;;
000EW;2025-01-07 06:20:00;5.4;1002.9;76;1.6;0.8;;248;;
000EW;2025-01-07 06:30:00;5.4;1003.2;77;1.7;1.6;;293;;
000EW;2025-01-07 06:40:00;5.3;1003.4;77;1.6;0;;;;
000EW;2025-01-07 06:50:00;5.2;1003.6;78;1.7;0;;;;
000EW;2025-01-07 07:00:00;5.2;1003.7;79;1.8;0;;;0;0
000EW;2025-01-07 07:10:00;5.1;1003.9;79;1.8;0;;;;
000EW;2025-01-07 07:20:00;5.1;1004.1;79;1.7;0;;;;
000EW;2025-01-07 07:30:00;5.1;1004.2;79;1.7;0;;;;
000EW;2025-01-07 07:40:00;5.2;1004.3;79;1.8;0;;;;
000EW;2025-01-07 07:50:00;5.2;1004.4;79;1.9;0;;;;
000EW;2025-01-07 08:00:00;5.3;1004.6;78;1.8;0;;;0;0
000EW;2025-01-07 08:10:00;5.4;1004.7;78;1.9;0;;;;
000EW;2025-01-07 08:20:00;5.4;1004.8;78;1.9;0;;;;
000EW;2025-01-07 08:30:00;5.4;1004.7;78;1.9;0;;;;
000EW;2025-01-07 08:40:00;5.4;1004.7;78;1.9;0;;;;
000EW;2025-01-07 08:50:00;5.4;1004.9;78;1.9;0;;;;
000EW;2025-01-07 09:00:00;5.3;1004.9;78;1.8;0;;;0;0
000EW;2025-01-07 09:10:00;5.4;1004.9;78;1.9;0;;;;
000EW;2025-01-07 09:20:00;5.4;1005;78;1.9;0;;;;
000EW;2025-01-07 09:30:00;5.5;1005;78;2;0;;;;
000EW;2025-01-07 09:40:00;5.6;1005;77;1.9;0.8;;293;;
000EW;2025-01-07 09:50:00;5.7;1005;77;2;0;;;;
000EW;2025-01-07 10:00:00;5.8;1005.2;76;1.9;0;;;0;0
000EW;2025-01-07 10:10:00;5.8;1005.2;76;1.9;0;;;;
000EW;2025-01-07 10:20:00;6.2;1005.3;76;2.3;0.8;;270;;
000EW;2025-01-07 10:30:00;6.5;1005.3;74;2.2;0.8;;225;;
000EW;2025-01-07 10:40:00;6.7;1005.4;73;2.2;0.8;;225;;
000EW;2025-01-07 10:50:00;6.8;1005.4;73;2.3;0;;;;
000EW;2025-01-07 11:00:00;6.7;1005.3;73;2.2;0.8;;248;0;0
000EW;2025-01-07 11:10:00;6.9;1005.3;72;2.2;0;;;;
000EW;2025-01-07 11:20:00;7;1005.3;71;2.1;0.8;;225;;
000EW;2025-01-07 11:30:00;7.3;1005.2;71;2.4;0;;;;
000EW;2025-01-07 11:40:00;7.4;1005.2;70;2.3;0.8;;248;;
000EW;2025-01-07 11:50:00;7.5;1005.1;70;2.4;0;;;;
000EW;2025-01-07 12:00:00;7.7;1005.1;69;2.3;0.8;;270;0;0
000EW;2025-01-07 12:10:00;7.8;1005;70;2.7;0.8;;248;;
000EW;2025-01-07 12:20:00;7.9;1004.9;68;2.4;0;;;;
000EW;2025-01-07 12:30:00;7.9;1004.9;68;2.4;0;;;;
000EW;2025-01-07 12:40:00;7.9;1005;67;2.2;0;;;;
000EW;2025-01-07 12:50:00;8;1005;68;2.5;0;;;;
000EW;2025-01-07 13:00:00;8.1;1004.9;67;2.3;0.8;;270;0;0
000EW;2025-01-07 13:10:00;8.1;1004.8;67;2.4;0;;;;
000EW;2025-01-07 13:20:00;8.1;1004.8;67;2.3;0.8;;225;;
000EW;2025-01-07 13:30:00;8;1004.8;68;2.5;0;;;;
000EW;2025-01-07 13:40:00;8.1;1004.7;68;2.5;0;;;;
000EW;2025-01-07 13:50:00;8.2;1004.7;67;2.5;0;;;;
000EW;2025-01-07 14:00:00;8.3;1004.7;67;2.5;0;;;0;0
000EW;2025-01-07 14:10:00;8.2;1004.5;67;2.5;0;;;;
000EW;2025-01-07 14:20:00;8.2;1004.6;66;2.2;0;;;;
000EW;2025-01-07 14:30:00;8.1;1004.6;68;2.5;0;;;;
000EW;2025-01-07 14:40:00;7.9;1004.5;68;2.4;0.8;;270;;
000EW;2025-01-07 14:50:00;7.8;1004.7;68;2.3;0;;;;
000EW;2025-01-07 15:00:00;7.8;1004.6;69;2.4;0;;;0;0
000EW;2025-01-07 15:10:00;7.8;1004.6;70;2.7;0;;;;
000EW;2025-01-07 15:20:00;7.8;1004.6;71;2.9;0;;;;
000EW;2025-01-07 15:30:00;7.7;1004.6;71;2.7;0;;;;
000EW;2025-01-07 15:40:00;7.6;1004.5;72;2.9;0.8;;225;;
000EW;2025-01-07 15:50:00;7.5;1004.6;73;3;0;;;;
000EW;2025-01-07 16:00:00;7.4;1004.7;73;2.9;0;;;0;0
000EW;2025-01-07 16:10:00;7.3;1004.8;73;2.8;0;;;;
000EW;2025-01-07 16:20:00;7.3;1005;74;3;0;;;;
000EW;2025-01-07 16:30:00;7.2;1005;74;2.8;0;;;;
000EW;2025-01-07 16:40:00;7.2;1005.1;74;2.8;0.8;;225;;
000EW;2025-01-07 16:50:00;7.1;1005.2;74;2.8;0;;;;
000EW;2025-01-07 17:00:00;7.2;1005.2;74;2.8;0.8;;225;0;0
000EW;2025-01-07 17:10:00;7.2;1005.3;75;3;0;;;;
000EW;2025-01-07 17:20:00;7.2;1005.3;75;3;0;;;;
000EW;2025-01-07 17:30:00;7.2;1005.4;75;3;0;;;;
000EW;2025-01-07 17:40:00;7.2;1005.3;75;3;0;;;;
000EW;2025-01-07 17:50:00;7.2;1005.2;76;3.2;0;;;;
000EW;2025-01-07 18:00:00;7.2;1005.2;76;3.2;0;;;0;0
000EW;2025-01-07 18:10:00;7.2;1005.4;77;3.4;0;;;;
000EW;2025-01-07 18:20:00;7.1;1005.2;77;3.4;0;;;;
000EW;2025-01-07 18:30:00;7.1;1005.2;78;3.5;0;;;;
000EW;2025-01-07 18:40:00;7.1;1005.2;79;3.7;0;;;;
000EW;2025-01-07 18:50:00;7;1005.1;79;3.6;0;;;;
000EW;2025-01-07 19:00:00;7.1;1005.1;80;3.8;0;;;0;0
000EW;2025-01-07 19:10:00;7.1;1005;80;3.8;0;;;;
000EW;2025-01-07 19:20:00;7;1005;80;3.8;0;;;;
000EW;2025-01-07 19:30:00;7.1;1005;80;3.8;0;;;;
000EW;2025-01-07 19:40:00;7.1;1004.9;79;3.7;0;;;;
000EW;2025-01-07 19:50:00;7;1004.8;79;3.6;0;;;;
000EW;2025-01-07 20:00:00;7;1004.9;80;3.8;0;;;0;0
000EW;2025-01-07 20:10:00;7;1004.9;80;3.8;0;;;;
000EW;2025-01-07 20:20:00;7;1005.1;80;3.8;0;;;;
000EW;2025-01-07 20:30:00;7;1005.2;80;3.8;0;;;;
000EW;2025-01-07 20:40:00;7;1005.2;80;3.8;0;;;;
000EW;2025-01-07 20:50:00;7.1;1005.2;80;3.8;0;;;;
000EW;2025-01-07 21:00:00;7.1;1005.2;80;3.8;0;;;0;0
000EW;2025-01-07 21:10:00;7.1;1005.2;80;3.8;0;;;;
000EW;2025-01-07 21:20:00;7.1;1005.1;80;3.8;0;;;;
000EW;2025-01-07 21:30:00;7.1;1005.1;80;3.8;0;;;;
000EW;2025-01-07 21:40:00;7.1;1005;80;3.8;0;;;;
000EW;2025-01-07 21:50:00;7.1;1005.1;80;3.9;0;;;;
000EW;2025-01-07 22:00:00;7.2;1005.1;79;3.8;0;;;0;0
000EW;2025-01-07 22:10:00;7.2;1005;79;3.8;0;;;;
000EW;2025-01-07 22:20:00;7.2;1005;79;3.8;0;;;;
000EW;2025-01-07 22:30:00;7.2;1005.1;79;3.8;0;;;;
000EW;2025-01-07 22:40:00;7.2;1005.1;80;4;0;;;;
000EW;2025-01-07 22:50:00;7.2;1005;80;4;0;;;;
000EW;2025-01-07 23:00:00;7.2;1005.1;81;4.2;0;;;0;0
000EW;2025-01-07 23:10:00;7.2;1005;81;4.2;0;;;;
000EW;2025-01-07 23:20:00;7.2;1005;81;4.1;0;;;;
000EW;2025-01-07 23:30:00;7.2;1005;81;4.1;0;;;;
000EW;2025-01-07 23:40:00;7.2;1005;81;4.2;0;;;;
000EW;2025-01-07 23:50:00;7.2;1005;82;4.3;0;;;;
000EW;2025-01-08 00:00:00;7.1;1005;82;4.2;0;;;0;0
000EW;2025-01-08 00:10:00;7.1;1005;82;4.2;0;;;;
000EW;2025-01-08 00:20:00;7.2;1005;82;4.3;0;;;;
000EW;2025-01-08 00:30:00;7.1;1005.1;82;4.2;0;;;;
000EW;2025-01-08 00:40:00;7.1;1005;82;4.2;0;;;;
000EW;2025-01-08 00:50:00;7.1;1005.1;83;4.4;0;;;;
000EW;2025-01-08 01:00:00;7.1;1005;83;4.4;0;;;0;0
000EW;2025-01-08 01:10:00;7.1;1005.1;83;4.4;0;;;;
000EW;2025-01-08 01:20:00;7.1;1005;83;4.4;0;;;;
000EW;2025-01-08 01:30:00;7.1;1005;83;4.4;0;;;;
000EW;2025-01-08 01:40:00;7;1004.7;83;4.3;0;;;;
000EW;2025-01-08 01:50:00;7;1004.8;83;4.3;0;;;;
000EW;2025-01-08 02:00:00;7;1004.8;83;4.3;0;;;0;0
000EW;2025-01-08 02:10:00;7;1004.8;83;4.3;0;;;;
000EW;2025-01-08 02:20:00;6.9;1004.8;83;4.3;0;;;;
000EW;2025-01-08 02:30:00;6.9;1004.8;83;4.3;0;;;;
000EW;2025-01-08 02:40:00;6.9;1004.9;84;4.4;0;;;;
000EW;2025-01-08 02:50:00;6.9;1004.9;84;4.4;0;;;;
000EW;2025-01-08 03:00:00;6.9;1004.9;83;4.2;0;;;0;0
000EW;2025-01-08 03:10:00;6.9;1005;83;4.2;0;;;;
000EW;2025-01-08 03:20:00;6.9;1004.9;83;4.3;0;;;;
000EW;2025-01-08 03:30:00;6.9;1004.9;82;4;0;;;;
000EW;2025-01-08 03:40:00;6.9;1004.8;82;4;0;;;;
000EW;2025-01-08 03:50:00;6.8;1005;81;3.8;0;;;;
000EW;2025-01-08 04:00:00;6.8;1005.1;81;3.8;0;;;0;0
000EW;2025-01-08 04:10:00;6.9;1005.2;81;3.9;0;;;;
000EW;2025-01-08 04:20:00;6.9;1005;81;3.9;0;;;;
000EW;2025-01-08 04:30:00;6.9;1004.9;80;3.7;0;;;;
000EW;2025-01-08 04:40:00;6.9;1004.8;80;3.7;0;;;;
000EW;2025-01-08 04:50:00;6.8;1004.9;80;3.6;0;;;;
000EW;2025-01-08 05:00:00;6.7;1004.8;83;4;0;;;0;0
000EW;2025-01-08 05:10:00;6.5;1004.6;84;4;0;;;;
000EW;2025-01-08 05:20:00;6.4;1004.6;85;4.1;0;;;;
000EW;2025-01-08 05:30:00;6.4;1004.8;86;4.2;0;;;;
000EW;2025-01-08 05:40:00;6.3;1004.7;86;4.2;0;;;;
000EW;2025-01-08 05:50:00;6.3;1004.8;87;4.3;0;;;;
000EW;2025-01-08 06:00:00;6.3;1004.8;87;4.3;0;;;0;0
000EW;2025-01-08 06:10:00;6.3;1004.8;87;4.3;0;;;;
000EW;2025-01-08 06:20:00;6.2;1004.8;88;4.4;0;;;;
000EW;2025-01-08 06:30:00;6.2;1004.8;88;4.3;0;;;;
000EW;2025-01-08 06:40:00;6.2;1004.8;88;4.3;0;;;;
000EW;2025-01-08 06:50:00;6.2;1004.9;88;4.3;0;;;;
000EW;2025-01-08 07:00:00;6.2;1004.9;89;4.5;0;;;0;0
000EW;2025-01-08 07:10:00;6.2;1004.9;89;4.5;0;;;;
000EW;2025-01-08 07:20:00;6.1;1005;89;4.4;0;;;;
000EW;2025-01-08 07:30:00;6.1;1005;89;4.4;0;;;;
000EW;2025-01-08 07:40:00;6;1005.1;89;4.3;0;;;;
000EW;2025-01-08 07:50:00;5.9;1005.1;89;4.3;0;;;;
000EW;2025-01-08 08:00:00;5.8;1004.9;90;4.3;0;;;0;0.4
000EW;2025-01-08 08:10:00;5.7;1005;90;4.2;0;;;;
000EW;2025-01-08 08:20:00;5.6;1005.1;90;4.1;0;;;;
000EW;2025-01-08 08:30:00;5.6;1005;90;4.1;0;;;;
000EW;2025-01-08 08:40:00;5.6;1004.8;90;4;0;;;;
000EW;2025-01-08 08:50:00;5.3;1004.8;90;3.8;0;;;;
000EW;2025-01-08 09:00:00;5.3;1004.8;90;3.8;0;;;1.8;1.4
000EW;2025-01-08 09:10:00;5.2;1004.6;90;3.7;0;;;;
000EW;2025-01-08 09:20:00;5;1004.4;90;3.5;0;;;;
000EW;2025-01-08 09:30:00;5;1004.4;90;3.5;0;;;;
000EW;2025-01-08 09:40:00;4.9;1004.3;90;3.4;0;;;;
000EW;2025-01-08 09:50:00;4.8;1004.1;90;3.3;0;;;;
000EW;2025-01-08 10:00:00;4.7;1003.9;90;3.2;1.6;;158;0;1.8
000EW;2025-01-08 10:10:00;4.6;1003.7;90;3.1;0;;;;
000EW;2025-01-08 10:20:00;4.5;1003.5;90;3;0.8;;135;;
000EW;2025-01-08 10:30:00;4.4;1003.4;90;2.9;1.6;;158;;
000EW;2025-01-08 10:40:00;4.3;1003.1;90;2.8;2.4;;135;;
000EW;2025-01-08 10:50:00;4.3;1002.9;90;2.8;0;;;;
000EW;2025-01-08 11:00:00;4.2;1002.8;90;2.7;0;;;0;2.2
000EW;2025-01-08 11:10:00;4.3;1002.5;91;3;0;;;;
000EW;2025-01-08 11:20:00;4.3;1002.2;91;3;0;;;;
000EW;2025-01-08 11:30:00;4.3;1002.4;91;3;0;;;;
000EW;2025-01-08 11:40:00;4.3;1002.2;91;3;0;;;;
000EW;2025-01-08 11:50:00;4.4;1002;92;3.2;0;;;;
000EW;2025-01-08 12:00:00;4.4;1001.7;92;3.2;0;;;6;2
000EW;2025-01-08 12:10:00;4.6;1002.1;92;3.4;0;;;;
000EW;2025-01-08 12:20:00;4.6;1001.7;92;3.4;0;;;;
000EW;2025-01-08 12:30:00;4.6;1001.1;92;3.4;0;;;;
000EW;2025-01-08 12:40:00;4.6;1000.8;92;3.4;0;;;;
000EW;2025-01-08 12:50:00;4.7;1000.5;92;3.5;0;;;;
000EW;2025-01-08 13:00:00;4.7;1000.4;92;3.5;0;;;0;2.2
000EW;2025-01-08 13:10:00;4.7;999.9;92;3.5;0;;;;
000EW;2025-01-08 13:20:00;4.6;999.9;92;3.4;0;;;;
000EW;2025-01-08 13:30:00;4.6;999.3;92;3.4;0.8;;0;;
000EW;2025-01-08 13:40:00;4.7;998.9;92;3.5;0;;;;
000EW;2025-01-08 13:50:00;4.8;998.7;92;3.6;0.8;;158;;
000EW;2025-01-08 14:00:00;4.9;998.3;92;3.7;0;;;0;1.6
000EW;2025-01-08 14:10:00;4.8;998;92;3.6;0;;;;
000EW;2025-01-08 14:20:00;4.8;997.7;93;3.7;0;;;;
000EW;2025-01-08 14:30:00;4.8;997.4;93;3.7;0;;;;
000EW;2025-01-08 14:40:00;4.9;997.2;93;3.9;0;;;;
000EW;2025-01-08 14:50:00;5.1;997;93;4;0;;;;
000EW;2025-01-08 15:00:00;5.2;996.9;93;4.1;0;;;7.2;3.4
000EW;2025-01-08 15:10:00;5.3;996.7;94;4.4;0;;;;
000EW;2025-01-08 15:20:00;5.5;996.3;94;4.6;0;;;;
000EW;2025-01-08 15:30:00;5.8;996.1;94;4.9;0;;;;
000EW;2025-01-08 15:40:00;6;995.6;94;5.1;0;;;;
000EW;2025-01-08 15:50:00;6.2;995.4;94;5.3;0;;;;
000EW;2025-01-08 16:00:00;6.6;995.2;94;5.7;0.8;;135;0;1.6
000EW;2025-01-08 16:10:00;7;994.9;95;6.3;0;;;;
000EW;2025-01-08 16:20:00;7.3;994.8;95;6.6;0;;;;
000EW;2025-01-08 16:30:00;7.7;994.5;95;7;0;;;;
000EW;2025-01-08 16:40:00;8.4;994.3;95;7.7;0.8;;135;;
000EW;2025-01-08 16:50:00;9.4;994.1;95;8.6;0.8;;180;;
000EW;2025-01-08 17:00:00;10.7;994;96;10.1;1.6;;203;0;0.2
000EW;2025-01-08 17:10:00;11.4;994.1;94;10.5;2.4;;248;;
000EW;2025-01-08 17:20:00;11.8;994.3;93;10.7;1.6;;281;;
000EW;2025-01-08 17:30:00;12.1;994.3;92;10.8;6.4;;225;;
000EW;2025-01-08 17:40:00;12.2;994.2;91;10.7;2.4;;270;;
000EW;2025-01-08 17:50:00;12.3;994.4;90;10.7;2.4;;214;;
000EW;2025-01-08 18:00:00;12.5;994.4;89;10.7;0;;;1.8;0
000EW;2025-01-08 18:10:00;12.6;994.7;89;10.8;1.6;;248;;
000EW;2025-01-08 18:20:00;12.7;995;88;10.7;0.8;;248;;
000EW;2025-01-08 18:30:00;12.7;995.1;87;10.6;0.8;;225;;
000EW;2025-01-08 18:40:00;12.7;995.3;87;10.6;0;;;;
000EW;2025-01-08 18:50:00;12.7;995.3;87;10.6;0;;;;
000EW;2025-01-08 19:00:00;12.7;995.2;87;10.6;0;;;0;0
000EW;2025-01-08 19:10:00;12.6;995.2;87;10.5;0;;;;
000EW;2025-01-08 19:20:00;12.6;995.2;87;10.4;0;;;;
000EW;2025-01-08 19:30:00;12.4;995.4;88;10.5;1.6;;236;;
000EW;2025-01-08 19:40:00;12.3;995.5;89;10.6;0;;;;
000EW;2025-01-08 19:50:00;12.3;995.5;89;10.5;0;;;;
000EW;2025-01-08 20:00:00;12.3;995.6;89;10.5;0;;;0;0
000EW;2025-01-08 20:10:00;12.2;995.6;88;10.3;0;;;;
000EW;2025-01-08 20:20:00;12.2;995.8;88;10.3;0;;;;
000EW;2025-01-08 20:30:00;12.2;995.8;88;10.3;0;;;;
000EW;2025-01-08 20:40:00;12.3;995.8;87;10.2;0.8;;203;;
000EW;2025-01-08 20:50:00;12.3;996;86;10.1;1.6;;270;;
000EW;2025-01-08 21:00:00;12.3;996.1;86;10.1;0.8;;248;0;0
000EW;2025-01-08 21:10:00;12.4;996.2;86;10.1;1.6;;225;;
000EW;2025-01-08 21:20:00;12.3;996.2;85;9.9;0;;;;
000EW;2025-01-08 21:30:00;12.3;996.4;85;9.8;0;;;;
000EW;2025-01-08 21:40:00;12.2;996.3;85;9.8;0.8;;203;;
000EW;2025-01-08 21:50:00;12.1;996.5;86;9.8;0;;;;
000EW;2025-01-08 22:00:00;12.1;996.5;86;9.8;0;;;0;0
000EW;2025-01-08 22:10:00;12.1;996.6;86;9.8;0;;;;
000EW;2025-01-08 22:20:00;12;996.6;87;9.9;0;;;;
000EW;2025-01-08 22:30:00;12;996.5;87;9.9;0;;;;
000EW;2025-01-08 22:40:00;11.9;996.4;87;9.8;0.8;;248;;
000EW;2025-01-08 22:50:00;11.8;996.3;88;9.9;0.8;;225;;
000EW;2025-01-08 23:00:00;11.7;996.3;88;9.8;0;;;0;0.2
000EW;2025-01-08 23:10:00;11.6;996.4;89;9.9;0.8;;180;;
000EW;2025-01-08 23:20:00;11.6;996.4;89;9.8;0;;;;
000EW;2025-01-08 23:30:00;11.6;996.5;89;9.8;0.8;;248;;
000EW;2025-01-08 23:40:00;11.6;996.5;89;9.8;0.8;;270;;
000EW;2025-01-08 23:50:00;11.5;996.5;89;9.7;0.8;;225;;
000EW;2025-01-09 00:00:00;11.5;996.4;89;9.7;0.8;;248;0;0
000EW;2025-01-09 00:10:00;11.5;996.4;88;9.6;0;;;;
000EW;2025-01-09 00:20:00;11.5;996.2;89;9.7;0.8;;248;;
000EW;2025-01-09 00:30:00;11.5;996.2;88;9.6;0;;;;
000EW;2025-01-09 00:40:00;11.6;996.1;88;9.6;0;;;;
000EW;2025-01-09 00:50:00;11.6;996.1;88;9.6;0;;;;
000EW;2025-01-09 01:00:00;11.4;995.9;88;9.5;0;;;0;0
000EW;2025-01-09 01:10:00;11.3;995.6;88;9.4;0;;;;
000EW;2025-01-09 01:20:00;11.2;995.7;89;9.4;0;;;;
000EW;2025-01-09 01:30:00;11.1;995.7;89;9.4;2.4;;236;;
000EW;2025-01-09 01:40:00;10.9;995.6;90;9.4;0;;;;
000EW;2025-01-09 01:50:00;10.8;995.4;91;9.4;0;;;;
000EW;2025-01-09 02:00:00;10.8;995.3;91;9.4;0.8;;203;0;0
000EW;2025-01-09 02:10:00;10.7;995.2;91;9.3;0;;;;
000EW;2025-01-09 02:20:00;10.8;995;91;9.4;0.8;;248;;
000EW;2025-01-09 02:30:00;10.8;994.9;91;9.4;0;;;;
000EW;2025-01-09 02:40:00;10.8;994.8;91;9.4;0;;;;
000EW;2025-01-09 02:50:00;10.8;994.6;91;9.4;0.8;;203;;
000EW;2025-01-09 03:00:00;10.8;994.6;92;9.5;1.6;;203;0;0.2
000EW;2025-01-09 03:10:00;10.8;994.4;92;9.6;4;;203;;
000EW;2025-01-09 03:20:00;10.8;994.3;92;9.6;2.4;;236;;
000EW;2025-01-09 03:30:00;10.8;994.2;92;9.6;4;;236;;
000EW;2025-01-09 03:40:00;10.9;994.1;92;9.7;1.6;;236;;
000EW;2025-01-09 03:50:00;11;994;92;9.7;1.6;;214;;
000EW;2025-01-09 04:00:00;11;993.8;92;9.7;0;;;0;0
000EW;2025-01-09 04:10:00;11;993.9;92;9.7;1.6;;191;;
000EW;2025-01-09 04:20:00;11.1;993.9;92;9.8;0;;;;
000EW;2025-01-09 04:30:00;11.1;993.8;92;9.8;1.6;;203;;
000EW;2025-01-09 04:40:00;11.1;993.8;92;9.8;3.2;;214;;
000EW;2025-01-09 04:50:00;11;993.6;92;9.7;0;;;;
000EW;2025-01-09 05:00:00;11;993.4;93;9.9;0;;;0;0.2
000EW;2025-01-09 05:10:00;11;993.3;93;9.9;0;;;;
000EW;2025-01-09 05:20:00;11.1;993.3;93;10;0;;;;
000EW;2025-01-09 05:30:00;11.1;993.2;93;10;0;;;;
000EW;2025-01-09 05:40:00;11.1;993.1;93;10;0;;;;
000EW;2025-01-09 05:50:00;11.1;993.2;93;10;0.8;;203;;
000EW;2025-01-09 06:00:00;11.1;993.2;93;10;0;;;0.2;0
000EW;2025-01-09 06:10:00;11.2;993.3;93;10.1;0;;;;
000EW;2025-01-09 06:20:00;11.2;993.3;92;9.9;0;;;;
000EW;2025-01-09 06:30:00;11.2;993.4;92;10;0;;;;
000EW;2025-01-09 06:40:00;11.3;993.4;92;10;1.6;;259;;
000EW;2025-01-09 06:50:00;11.3;993.5;92;10;0;;;;
000EW;2025-01-09 07:00:00;11.3;993.6;92;10;0;;;0;0
000EW;2025-01-09 07:10:00;11.3;993.7;92;10;0.8;;225;;
000EW;2025-01-09 07:20:00;11.3;993.9;92;10;0.8;;248;;
000EW;2025-01-09 07:30:00;11.2;994.2;92;10;0;;;;
000EW;2025-01-09 07:40:00;9.7;995;86;7.4;0;;;;
000EW;2025-01-09 07:50:00;6.1;995.8;88;4.3;6.4;;34;;
000EW;2025-01-09 08:00:00;5.1;996.4;90;3.6;4;;23;0;0.8
000EW;2025-01-09 08:10:00;4.4;997;90;2.9;10.5;;34;;
000EW;2025-01-09 08:20:00;4.3;997.7;91;2.9;8.9;;45;;
000EW;2025-01-09 08:30:00;4;998.3;91;2.7;11.3;;34;;
000EW;2025-01-09 08:40:00;3.8;998.8;91;2.5;11.3;;45;;
000EW;2025-01-09 08:50:00;3.6;999.3;91;2.2;12.1;;45;;
000EW;2025-01-09 09:00:00;3.3;999.7;91;2;8.9;;56;1;0.2
000EW;2025-01-09 09:10:00;3.2;1000.1;91;1.9;12.9;;34;;
000EW;2025-01-09 09:20:00;2.9;1000.6;90;1.5;12.9;;23;;
000EW;2025-01-09 09:30:00;3.1;1001;91;1.8;8;;45;;
000EW;2025-01-09 09:40:00;3.1;1001.5;90;1.6;6.4;;34;;
000EW;2025-01-09 09:50:00;3;1002.1;89;1.4;8;;34;;
000EW;2025-01-09 10:00:00;2.9;1002.6;89;1.3;11.3;;45;0;1
000EW;2025-01-09 10:10:00;3.1;1003.1;89;1.4;10.5;;34;;
000EW;2025-01-09 10:20:00;3.2;1003.4;88;1.4;6.4;;23;;
000EW;2025-01-09 10:30:00;3.2;1003.9;87;1.2;13.7;;45;;
000EW;2025-01-09 10:40:00;3.2;1004.3;87;1.3;8.9;;34;;
000EW;2025-01-09 10:50:00;3.4;1004.6;87;1.4;8;;11;;
000EW;2025-01-09 11:00:00;3.4;1005.2;86;1.3;8.9;;23;0;0
000EW;2025-01-09 11:10:00;3.6;1005.6;85;1.3;8;;11;;
000EW;2025-01-09 11:20:00;3.6;1005.9;84;1.1;7.2;;23;;
000EW;2025-01-09 11:30:00;3.6;1006.4;83;1;9.7;;34;;
000EW;2025-01-09 11:40:00;3.7;1006.8;83;1.1;9.7;;34;;
000EW;2025-01-09 11:50:00;3.7;1007;82;0.9;8;;23;;
000EW;2025-01-09 12:00:00;3.8;1007.3;82;1;11.3;;34;1;0
000EW;2025-01-09 12:10:00;3.8;1007.7;81;0.8;7.2;;34;;
000EW;2025-01-09 12:20:00;3.7;1007.9;80;0.6;7.2;;45;;
000EW;2025-01-09 12:30:00;3.8;1008.1;80;0.6;8.9;;45;;
000EW;2025-01-09 12:40:00;3.9;1008.3;79;0.6;7.2;;45;;
000EW;2025-01-09 12:50:00;4.1;1008.5;80;1;7.2;;45;;
000EW;2025-01-09 13:00:00;4.2;1008.6;79;0.9;0.8;;45;0;0
000EW;2025-01-09 13:10:00;4.3;1008.9;79;1;1.6;;45;;
000EW;2025-01-09 13:20:00;4.5;1009.1;78;1;0;;;;
000EW;2025-01-09 13:30:00;4.7;1009.4;77;1;1.6;;56;;
000EW;2025-01-09 13:40:00;4.8;1009.7;77;1.1;1.6;;45;;
000EW;2025-01-09 13:50:00;4.9;1010;76;1.1;3.2;;45;;
000EW;2025-01-09 14:00:00;5.1;1010.5;77;1.4;1.6;;68;0;0
000EW;2025-01-09 14:10:00;5.2;1010.8;76;1.3;1.6;;68;;
000EW;2025-01-09 14:20:00;5.3;1010.9;76;1.4;1.6;;23;;
000EW;2025-01-09 14:30:00;5.7;1011.3;75;1.6;0;;;;
000EW;2025-01-09 14:40:00;5.7;1011.5;75;1.6;2.4;;56;;
000EW;2025-01-09 14:50:00;5.8;1011.9;75;1.7;1.6;;270;;
000EW;2025-01-09 15:00:00;5.8;1012.1;75;1.7;2.4;;56;0;0
000EW;2025-01-09 15:10:00;5.8;1012.4;75;1.7;0.8;;68;;
000EW;2025-01-09 15:20:00;5.9;1012.6;75;1.8;0.8;;68;;
000EW;2025-01-09 15:30:00;5.9;1012.9;75;1.9;0;;;;
000EW;2025-01-09 15:40:00;5.9;1013.1;74;1.7;0;;;;
000EW;2025-01-09 15:50:00;5.9;1013.1;75;1.9;0.8;;270;;
000EW;2025-01-09 16:00:00;5.8;1013.3;75;1.7;0;;;0;0
000EW;2025-01-09 16:10:00;5.7;1013.6;76;1.8;0.8;;293;;
000EW;2025-01-09 16:20:00;5.7;1013.7;76;1.8;0.8;;248;;
000EW;2025-01-09 16:30:00;5.7;1014;77;2;0;;;;
000EW;2025-01-09 16:40:00;5.6;1014.2;77;1.8;0;;;;
000EW;2025-01-09 16:50:00;5.6;1014.4;78;2;0;;;;
000EW;2025-01-09 17:00:00;5.6;1014.6;78;2;0.8;;248;0;0
000EW;2025-01-09 17:10:00;5.6;1014.7;79;2.2;0;;;;
000EW;2025-01-09 17:20:00;5.6;1014.9;79;2.2;0;;;;
000EW;2025-01-09 17:30:00;5.6;1015;79;2.2;1.6;;259;;
000EW;2025-01-09 17:40:00;5.6;1015.2;80;2.4;0;;;;
000EW;2025-01-09 17:50:00;5.4;1015.3;80;2.3;0;;;;
000EW;2025-01-09 18:00:00;5.4;1015.5;80;2.2;0;;;0;0
000EW;2025-01-09 18:10:00;5.4;1015.6;80;2.3;0;;;;
000EW;2025-01-09 18:20:00;5.4;1015.7;80;2.3;1.6;;259;;
000EW;2025-01-09 18:30:00;5.4;1015.9;80;2.3;1.6;;248;;
000EW;2025-01-09 18:40:00;5.4;1016.1;80;2.3;0;;;;
000EW;2025-01-09 18:50:00;5.4;1016.3;79;2.1;0;;;;
000EW;2025-01-09 19:00:00;5.4;1016.6;78;1.9;0;;;0;0
000EW;2025-01-09 19:10:00;5.4;1016.8;77;1.7;0;;;;
000EW;2025-01-09 19:20:00;5.4;1016.9;76;1.6;0;;;;
000EW;2025-01-09 19:30:00;5.4;1017.1;75;1.4;0;;;;
000EW;2025-01-09 19:40:00;5.4;1017.2;75;1.4;0;;;;
000EW;2025-01-09 19:50:00;5.3;1017.4;75;1.3;0.8;;248;;
000EW;2025-01-09 20:00:00;5.3;1017.6;74;1;0;;;0;0
000EW;2025-01-09 20:10:00;5.3;1017.6;74;1;0;;;;
000EW;2025-01-09 20:20:00;5.3;1017.8;74;1;0;;;;
000EW;2025-01-09 20:30:00;5.2;1017.8;74;1;0;;;;
000EW;2025-01-09 20:40:00;5.2;1018;75;1.2;0;;;;
000EW;2025-01-09 20:50:00;5.3;1018;75;1.2;0;;;;
000EW;2025-01-09 21:00:00;5.3;1018.1;75;1.2;0;;;0;0
000EW;2025-01-09 21:10:00;5.2;1018.1;75;1.2;0;;;;
000EW;2025-01-09 21:20:00;5.2;1018.3;75;1.2;0;;;;
000EW;2025-01-09 21:30:00;5.2;1018.4;75;1.2;0;;;;
000EW;2025-01-09 21:40:00;5.3;1018.5;74;1.1;0;;;;
000EW;2025-01-09 21:50:00;5.4;1018.5;74;1.1;0;;;;
000EW;2025-01-09 22:00:00;5.4;1018.7;74;1.1;0;;;0;0
000EW;2025-01-09 22:10:00;5.4;1018.7;74;1.2;0;;;;
000EW;2025-01-09 22:20:00;5.4;1018.8;74;1.2;0;;;;
000EW;2025-01-09 22:30:00;5.4;1018.7;74;1.2;0;;;;
000EW;2025-01-09 22:40:00;5.5;1018.7;74;1.2;0;;;;
000EW;2025-01-09 22:50:00;5.4;1018.8;74;1.2;0;;;;
000EW;2025-01-09 23:00:00;5.4;1018.8;75;1.3;0;;;0;0
000EW;2025-01-09 23:10:00;5.3;1018.9;75;1.3;0;;;;
000EW;2025-01-09 23:20:00;5.3;1018.9;75;1.3;0;;;;
000EW;2025-01-09 23:30:00;5.3;1018.9;75;1.3;0;;;;
000EW;2025-01-09 23:40:00;5.3;1019.1;75;1.3;0;;;;
000EW;2025-01-09 23:50:00;5.3;1019.2;75;1.3;0;;;;
000EW;2025-01-10 00:00:00;5.3;1019.1;75;1.3;0;;;0;0
000EW;2025-01-10 00:10:00;5.3;1019.2;75;1.3;0;;;;
000EW;2025-01-10 00:20:00;5.3;1019.1;75;1.2;0;;;;
000EW;2025-01-10 00:30:00;5.3;1019.1;76;1.4;0;;;;
000EW;2025-01-10 00:40:00;5.2;1019.1;76;1.3;0;;;;
000EW;2025-01-10 00:50:00;5.3;1019;77;1.6;0;;;;
000EW;2025-01-10 01:00:00;5.3;1019;76;1.4;0;;;0;0
000EW;2025-01-10 01:10:00;5.3;1019;76;1.4;0;;;;
000EW;2025-01-10 01:20:00;5.3;1018.8;77;1.6;0;;;;
000EW;2025-01-10 01:30:00;5.2;1018.7;77;1.5;0;;;;
000EW;2025-01-10 01:40:00;5.2;1018.6;77;1.5;0;;;;
000EW;2025-01-10 01:50:00;5.2;1018.6;77;1.5;0;;;;
000EW;2025-01-10 02:00:00;5.1;1018.7;78;1.5;0;;;0;0
000EW;2025-01-10 02:10:00;4.9;1018.8;80;1.7;0;;;;
000EW;2025-01-10 02:20:00;4.7;1018.8;81;1.7;0;;;;
000EW;2025-01-10 02:30:00;4.6;1018.9;82;1.8;0;;;;
000EW;2025-01-10 02:40:00;4.6;1019;82;1.8;0;;;;
000EW;2025-01-10 02:50:00;4.6;1018.9;83;1.9;0;;;;
000EW;2025-01-10 03:00:00;4.4;1018.9;83;1.8;0;;;0;0
000EW;2025-01-10 03:10:00;4.4;1018.7;84;1.9;0;;;;
000EW;2025-01-10 03:20:00;4.3;1018.6;84;1.9;0;;;;
000EW;2025-01-10 03:30:00;4.3;1018.6;85;2;0;;;;
000EW;2025-01-10 03:40:00;4.3;1018.6;85;2;0;;;;
000EW;2025-01-10 03:50:00;4.2;1018.6;85;1.9;0;;;;
000EW;2025-01-10 04:00:00;4.2;1018.7;86;2.1;0;;;0;0
000EW;2025-01-10 04:10:00;4.2;1018.8;86;2;0;;;;
000EW;2025-01-10 04:20:00;4.2;1018.7;86;2;0;;;;
000EW;2025-01-10 04:30:00;4.2;1018.8;86;2;0;;;;
000EW;2025-01-10 04:40:00;4.2;1018.7;86;2;0;;;;
000EW;2025-01-10 04:50:00;4.2;1018.8;86;2;0;;;;
000EW;2025-01-10 05:00:00;4.2;1018.8;86;2.1;0;;;0;0
000EW;2025-01-10 05:10:00;4.2;1018.6;86;2.1;0;;;;
000EW;2025-01-10 05:20:00;4.3;1018.6;86;2.1;0;;;;
000EW;2025-01-10 05:30:00;4.3;1018.4;85;2;0;;;;
000EW;2025-01-10 05:40:00;4.4;1018.5;85;2.1;0;;;;
000EW;2025-01-10 05:50:00;4.4;1018.4;85;2.1;0;;;;
000EW;2025-01-10 06:00:00;4.4;1018.5;85;2.1;0;;;0;0
000EW;2025-01-10 06:10:00;4.4;1018.2;85;2.1;0;;;;
000EW;2025-01-10 06:20:00;4.4;1017.9;85;2.1;0;;;;
000EW;2025-01-10 06:30:00;4.4;1018.4;85;2.1;0;;;;
000EW;2025-01-10 06:40:00;4.4;1018.3;85;2.1;0;;;;
000EW;2025-01-10 06:50:00;4.4;1018.3;85;2.1;0;;;;
000EW;2025-01-10 07:00:00;4.3;1018.5;86;2.2;0;;;0;0
000EW;2025-01-10 07:10:00;4.3;1018.4;86;2.2;0;;;;
000EW;2025-01-10 07:20:00;4.3;1018.5;86;2.2;0;;;;
000EW;2025-01-10 07:30:00;4.3;1018.3;86;2.2;0;;;;
000EW;2025-01-10 07:40:00;4.3;1018.3;86;2.2;0;;;;
000EW;2025-01-10 07:50:00;4.3;1018.6;86;2.2;0;;;;
000EW;2025-01-10 08:00:00;4.3;1018.5;87;2.4;0;;;0;0
000EW;2025-01-10 08:10:00;4.3;1018.6;87;2.4;0;;;;
000EW;2025-01-10 08:20:00;4.3;1018.7;87;2.4;0;;;;
000EW;2025-01-10 08:30:00;4.3;1018.5;87;2.4;0;;;;
000EW;2025-01-10 08:40:00;4.3;1018.7;87;2.3;0;;;;
000EW;2025-01-10 08:50:00;4.4;1018.5;87;2.4;0;;;;
000EW;2025-01-10 09:00:00;4.5;1018.7;87;2.5;0;;;0;0
000EW;2025-01-10 09:10:00;4.5;1018.6;87;2.5;0;;;;
000EW;2025-01-10 09:20:00;4.5;1018.8;87;2.5;0;;;;
000EW;2025-01-10 09:30:00;4.5;1018.7;87;2.5;0;;;;
000EW;2025-01-10 09:40:00;4.6;1018.8;87;2.6;0;;;;
000EW;2025-01-10 09:50:00;4.6;1019;87;2.6;0;;;;
000EW;2025-01-10 10:00:00;4.6;1019.2;87;2.6;0;;;0;0
000EW;2025-01-10 10:10:00;4.7;1018.9;86;2.5;0;;;;
000EW;2025-01-10 10:20:00;4.7;1018.8;86;2.6;0;;;;
000EW;2025-01-10 10:30:00;4.8;1019;86;2.7;0;;;;
000EW;2025-01-10 10:40:00;4.9;1018.6;86;2.8;0;;;;
000EW;2025-01-10 10:50:00;5;1018.5;86;2.9;0;;;;
000EW;2025-01-10 11:00:00;5;1018.1;85;2.7;0;;;0;0
000EW;2025-01-10 11:10:00;5.2;1018.2;85;2.9;0;;;;
000EW;2025-01-10 11:20:00;5.2;1018.4;84;2.7;0;;;;
000EW;2025-01-10 11:30:00;5.3;1018.2;84;2.9;0;;;;
000EW;2025-01-10 11:40:00;5.4;1018.4;83;2.7;0;;;;
000EW;2025-01-10 11:50:00;5.4;1018.1;83;2.8;0;;;;
000EW;2025-01-10 12:00:00;5.4;1018;83;2.8;0;;;0;0
000EW;2025-01-10 12:10:00;5.5;1018.2;82;2.7;0;;;;
000EW;2025-01-10 12:20:00;5.4;1018.2;81;2.4;0;;;;
000EW;2025-01-10 12:30:00;5.5;1018.2;81;2.5;0;;;;
000EW;2025-01-10 12:40:00;5.5;1018;80;2.3;0;;;;
000EW;2025-01-10 12:50:00;5.5;1017.7;80;2.3;0;;;;
000EW;2025-01-10 13:00:00;5.4;1017.6;80;2.2;0;;;0;0
000EW;2025-01-10 13:10:00;5.5;1017.9;79;2.2;0;;;;
000EW;2025-01-10 13:20:00;5.7;1017.6;79;2.3;0;;;;
000EW;2025-01-10 13:30:00;5.9;1017.9;78;2.4;0.8;;158;;
000EW;2025-01-10 13:40:00;6.2;1017.8;75;2.1;0;;;;
000EW;2025-01-10 13:50:00;6.2;1018;75;2.1;0;;;;
000EW;2025-01-10 14:00:00;6.1;1018;75;2;0.8;;135;0;0
000EW;2025-01-10 14:10:00;6.2;1018.1;75;2.1;0;;;;
000EW;2025-01-10 14:20:00;6.2;1018.2;74;1.9;0;;;;
000EW;2025-01-10 14:30:00;6.3;1018.5;73;1.8;0;;;;
000EW;2025-01-10 14:40:00;6.2;1018.8;72;1.5;0;;;;
000EW;2025-01-10 14:50:00;6.3;1019;71;1.4;0;;;;
000EW;2025-01-10 15:00:00;6.3;1018.8;71;1.4;0;;;0;0
000EW;2025-01-10 15:10:00;6.4;1018.7;72;1.7;0;;;;
000EW;2025-01-10 15:20:00;6.3;1018.2;72;1.7;0;;;;
000EW;2025-01-10 15:30:00;6.2;1018.2;73;1.7;0;;;;
000EW;2025-01-10 15:40:00;6.1;1018.3;74;1.8;0;;;;
000EW;2025-01-10 15:50:00;5.9;1018.5;75;1.9;0;;;;
000EW;2025-01-10 16:00:00;5.9;1018.3;76;2;0;;;0;0
000EW;2025-01-10 16:10:00;5.8;1018.4;75;1.7;0;;;;
000EW;2025-01-10 16:20:00;5.7;1018.6;76;1.8;0;;;;
000EW;2025-01-10 16:30:00;5.7;1018.7;76;1.8;0;;;;
000EW;2025-01-10 16:40:00;5.7;1019;77;2;0;;;;
000EW;2025-01-10 16:50:00;5.6;1019.3;77;1.8;0;;;;
000EW;2025-01-10 17:00:00;5.6;1019.5;78;2;0;;;0;0
000EW;2025-01-10 17:10:00;5.4;1019.4;78;1.9;0;;;;
000EW;2025-01-10 17:20:00;5.3;1019.5;78;1.8;0;;;;
000EW;2025-01-10 17:30:00;5.4;1019.6;78;1.9;0;;;;
000EW;2025-01-10 17:40:00;5.3;1019.7;78;1.8;0;;;;
000EW;2025-01-10 17:50:00;5.3;1019.8;78;1.8;0;;;;
000EW;2025-01-10 18:00:00;5.3;1019.8;78;1.8;0;;;0;0
000EW;2025-01-10 18:10:00;5.2;1019.9;79;1.8;0;;;;
000EW;2025-01-10 18:20:00;5.2;1019.8;80;2;0;;;;
000EW;2025-01-10 18:30:00;5.1;1019.9;81;2.1;0;;;;
000EW;2025-01-10 18:40:00;5;1019.9;82;2.2;0;;;;
000EW;2025-01-10 18:50:00;4.9;1019.9;83;2.2;0;;;;
000EW;2025-01-10 19:00:00;4.8;1020;83;2.2;0;;;0;0
000EW;2025-01-10 19:10:00;4.8;1020;83;2.1;0;;;;
000EW;2025-01-10 19:20:00;4.7;1020;83;2.1;0;;;;
000EW;2025-01-10 19:30:00;4.6;1020;84;2.1;0;;;;
000EW;2025-01-10 19:40:00;4.5;1020.1;84;2;0;;;;
000EW;2025-01-10 19:50:00;4.4;1020.1;85;2.1;0;;;;
000EW;2025-01-10 20:00:00;4.3;1020.4;85;2;0;;;0;0
000EW;2025-01-10 20:10:00;4.3;1020.8;85;2;0;;;;
000EW;2025-01-10 20:20:00;4.2;1020.5;86;2;0;;;;
000EW;2025-01-10 20:30:00;4.1;1020.5;86;1.9;0;;;;
000EW;2025-01-10 20:40:00;4.1;1020.5;86;1.9;0;;;;
000EW;2025-01-10 20:50:00;4;1020.7;87;2;0;;;;
000EW;2025-01-10 21:00:00;3.9;1020.8;86;1.8;0;;;0;0
000EW;2025-01-10 21:10:00;3.9;1020.7;87;1.9;0;;;;
000EW;2025-01-10 21:20:00;3.8;1020.7;87;1.9;0;;;;
000EW;2025-01-10 21:30:00;3.7;1020.8;87;1.8;0;;;;
000EW;2025-01-10 21:40:00;3.7;1020.8;87;1.8;0;;;;
000EW;2025-01-10 21:50:00;3.7;1020.9;87;1.7;0;;;;
000EW;2025-01-10 22:00:00;3.6;1021;87;1.6;0;;;0;0
000EW;2025-01-10 22:10:00;3.6;1021.2;88;1.8;0;;;;
000EW;2025-01-10 22:20:00;3.5;1021.4;88;1.7;0;;;;
000EW;2025-01-10 22:30:00;3.4;1021.4;88;1.6;0;;;;
000EW;2025-01-10 22:40:00;3.2;1021.5;88;1.4;0;;;;
000EW;2025-01-10 22:50:00;3.1;1021.6;88;1.3;0;;;;
000EW;2025-01-10 23:00:00;3.1;1021.7;89;1.4;0;;;0;0
000EW;2025-01-10 23:10:00;3;1021.7;89;1.4;0;;;;
000EW;2025-01-10 23:20:00;2.9;1021.8;89;1.3;0;;;;
000EW;2025-01-10 23:30:00;2.7;1021.8;89;1.1;0;;;;
000EW;2025-01-10 23:40:00;2.6;1021.8;89;1;0;;;;
000EW;2025-01-10 23:50:00;2.4;1021.9;89;0.8;0;;;;
000EW;2025-01-11 00:00:00;2.3;1022;89;0.7;0;;;0;0
000EW;2025-01-11 00:10:00;2.2;1022.1;89;0.6;0;;;;
000EW;2025-01-11 00:20:00;2.2;1022.3;90;0.7;0;;;;
000EW;2025-01-11 00:30:00;1.9;1022.2;90;0.5;0;;;;
000EW;2025-01-11 00:40:00;1.8;1022.3;90;0.4;0;;;;
000EW;2025-01-11 00:50:00;1.7;1022.4;90;0.3;0.8;;0;;
000EW;2025-01-11 01:00:00;1.6;1022.4;91;0.3;0;;;0;0
000EW;2025-01-11 01:10:00;1.6;1022.6;91;0.2;0;;;;
000EW;2025-01-11 01:20:00;1.4;1022.7;91;0.1;2.4;;23;;
000EW;2025-01-11 01:30:00;1.4;1022.6;92;0.2;0;;;;
000EW;2025-01-11 01:40:00;1.3;1022.8;92;0.2;0.8;;0;;
000EW;2025-01-11 01:50:00;1.3;1023;92;0.1;0.8;;0;;
000EW;2025-01-11 02:00:00;1.2;1023.3;92;0.1;0.8;;23;0;0
000EW;2025-01-11 02:10:00;1.1;1023.2;92;-0;0;;;;
000EW;2025-01-11 02:20:00;0.9;1023.4;93;-0.1;1.6;;0;;
000EW;2025-01-11 02:30:00;0.9;1023.5;93;-0.1;0;;;;
000EW;2025-01-11 02:40:00;0.8;1023.6;93;-0.2;0.8;;0;;
000EW;2025-01-11 02:50:00;0.8;1023.6;93;-0.2;0;;;;
000EW;2025-01-11 03:00:00;0.7;1023.7;93;-0.3;0;;;0;0
000EW;2025-01-11 03:10:00;0.7;1023.6;93;-0.3;0;;;;
000EW;2025-01-11 03:20:00;0.8;1023.6;93;-0.2;0;;;;
000EW;2025-01-11 03:30:00;0.7;1023.8;94;-0.2;0.8;;45;;
000EW;2025-01-11 03:40:00;0.7;1023.8;94;-0.1;0;;;;
000EW;2025-01-11 03:50:00;0.7;1023.7;94;-0.1;0;;;;
000EW;2025-01-11 04:00:00;0.5;1023.8;94;-0.4;0.8;;45;0;0
000EW;2025-01-11 04:10:00;0.5;1023.9;94;-0.4;1.6;;0;;
000EW;2025-01-11 04:20:00;0.5;1023.9;94;-0.4;0;;;;
000EW;2025-01-11 04:30:00;0.5;1023.9;94;-0.4;3.2;;11;;
000EW;2025-01-11 04:40:00;0.4;1024.1;94;-0.5;1.6;;0;;
000EW;2025-01-11 04:50:00;0.5;1024.1;94;-0.4;1.6;;0;;
000EW;2025-01-11 05:00:00;0.6;1024.1;94;-0.3;0;;;0;0
000EW;2025-01-11 05:10:00;0.5;1024;94;-0.4;0;;;;
000EW;2025-01-11 05:20:00;0.5;1024.2;94;-0.4;0;;;;
000EW;2025-01-11 05:30:00;0.4;1024.2;94;-0.4;0;;;;
000EW;2025-01-11 05:40:00;0.4;1024.3;94;-0.4;1.6;;0;;
000EW;2025-01-11 05:50:00;0.5;1024.3;94;-0.4;0;;;;
000EW;2025-01-11 06:00:00;0.4;1024.5;94;-0.4;0;;;0;0
000EW;2025-01-11 06:10:00;0.3;1024.6;94;-0.6;0.8;;23;;
000EW;2025-01-11 06:20:00;0.3;1024.7;93;-0.7;0;;;;
000EW;2025-01-11 06:30:00;0.3;1024.9;93;-0.7;0;;;;
000EW;2025-01-11 06:40:00;0.3;1025.2;93;-0.7;0;;;;
000EW;2025-01-11 06:50:00;0.2;1025.3;92;-0.9;0;;;;
000EW;2025-01-11 07:00:00;0.2;1025.6;92;-1;0;;;0;0
000EW;2025-01-11 07:10:00;-0.1;1025.7;91;-1.3;0;;;;
000EW;2025-01-11 07:20:00;0;1025.9;91;-1.3;1.6;;0;;
000EW;2025-01-11 07:30:00;0.1;1026.1;90;-1.3;1.6;;0;;
000EW;2025-01-11 07:40:00;0.1;1026.3;90;-1.3;0;;;;
000EW;2025-01-11 07:50:00;0.2;1026.4;89;-1.4;0;;;;
000EW;2025-01-11 08:00:00;0.2;1026.6;89;-1.4;0;;;0;0
000EW;2025-01-11 08:10:00;0;1026.7;88;-1.7;1.6;;56;;
000EW;2025-01-11 08:20:00;-0.1;1026.9;88;-1.8;1.6;;0;;
000EW;2025-01-11 08:30:00;-0.1;1026.9;88;-1.8;0.8;;0;;
000EW;2025-01-11 08:40:00;0;1027;88;-1.7;0.8;;0;;
000EW;2025-01-11 08:50:00;0.1;1027.2;88;-1.6;0;;;;
000EW;2025-01-11 09:00:00;0.1;1027.4;87;-1.8;0;;;0;0
000EW;2025-01-11 09:10:00;0.1;1027.6;87;-1.8;0;;;;
000EW;2025-01-11 09:20:00;0.2;1027.7;87;-1.7;0;;;;
000EW;2025-01-11 09:30:00;0.3;1027.9;87;-1.6;0;;;;
000EW;2025-01-11 09:40:00;0.4;1028;87;-1.5;0;;;;
000EW;2025-01-11 09:50:00;0.5;1028.2;87;-1.4;0;;;;
000EW;2025-01-11 10:00:00;0.7;1028.4;87;-1.2;0;;;0;0
000EW;2025-01-11 10:10:00;0.7;1028.5;86;-1.4;0;;;;
000EW;2025-01-11 10:20:00;0.7;1028.4;86;-1.3;0;;;;
000EW;2025-01-11 10:30:00;0.8;1028.7;86;-1.3;0;;;;
000EW;2025-01-11 10:40:00;0.8;1028.7;86;-1.2;0;;;;
000EW;2025-01-11 10:50:00;0.7;1028.7;86;-1.4;0;;;;
000EW;2025-01-11 11:00:00;0.9;1028.8;86;-1.1;0;;;0;0
000EW;2025-01-11 11:10:00;0.9;1028.9;86;-1.1;0;;;;
000EW;2025-01-11 11:20:00;0.9;1029;87;-1;0.8;;0;;
000EW;2025-01-11 11:30:00;0.9;1029.1;86;-1.1;0;;;;
000EW;2025-01-11 11:40:00;0.9;1029.1;86;-1.1;0;;;;
000EW;2025-01-11 11:50:00;1;1029.1;87;-0.9;0;;;;
000EW;2025-01-11 12:00:00;1.2;1029.1;87;-0.7;0;;;0;0
000EW;2025-01-11 12:10:00;1.4;1029.2;86;-0.7;0;;;;
000EW;2025-01-11 12:20:00;1.3;1029.1;86;-0.7;0;;;;
000EW;2025-01-11 12:30:00;1.3;1029.2;86;-0.8;0;;;;
000EW;2025-01-11 12:40:00;1.3;1029.1;86;-0.7;0;;;;
000EW;2025-01-11 12:50:00;1.4;1029;86;-0.6;0;;;;
000EW;2025-01-11 13:00:00;1.6;1029;86;-0.5;0;;;0;0
000EW;2025-01-11 13:10:00;1.6;1029.1;86;-0.5;0;;;;
000EW;2025-01-11 13:20:00;2.1;1029.2;86;0;0;;;;
000EW;2025-01-11 13:30:00;2.3;1029.2;85;0.1;0;;;;
000EW;2025-01-11 13:40:00;2.3;1029.3;84;-0.1;0;;;;
000EW;2025-01-11 13:50:00;2.4;1029.4;84;-0;0;;;;
000EW;2025-01-11 14:00:00;2.4;1029.4;84;-0;0;;;0;0
000EW;2025-01-11 14:10:00;2.6;1029.5;84;0.2;0;;;;
000EW;2025-01-11 14:20:00;2.6;1029.6;83;-0;0;;;;
000EW;2025-01-11 14:30:00;2.2;1029.9;84;-0.2;0;;;;
000EW;2025-01-11 14:40:00;2.1;1029.9;85;-0.2;0.8;;0;;
000EW;2025-01-11 14:50:00;2.1;1030.1;85;-0.2;0.8;;23;;
000EW;2025-01-11 15:00:00;2.1;1030.2;85;-0.2;0;;;0;0
000EW;2025-01-11 15:10:00;2.2;1030.3;85;-0;0;;;;
000EW;2025-01-11 15:20:00;2.3;1030.5;85;0.1;0;;;;
000EW;2025-01-11 15:30:00;2.4;1030.6;86;0.3;0;;;;
000EW;2025-01-11 15:40:00;2.4;1030.6;86;0.3;0;;;;
000EW;2025-01-11 15:50:00;2.3;1030.7;86;0.2;0;;;;
000EW;2025-01-11 16:00:00;2.3;1030.7;86;0.2;0;;;0;0
000EW;2025-01-11 16:10:00;2.2;1030.9;86;0.1;0;;;;
000EW;2025-01-11 16:20:00;1.9;1031.1;87;-0;0.8;;45;;
000EW;2025-01-11 16:30:00;1.9;1031.1;87;-0;0.8;;45;;
000EW;2025-01-11 16:40:00;1.9;1031.1;87;0;0;;;;
000EW;2025-01-11 16:50:00;2.1;1031;87;0.1;0;;;;
000EW;2025-01-11 17:00:00;2.2;1031.3;88;0.4;0;;;0;0
000EW;2025-01-11 17:10:00;2.2;1031.3;87;0.2;0;;;;
000EW;2025-01-11 17:20:00;2.2;1031.5;87;0.2;0;;;;
000EW;2025-01-11 17:30:00;2.1;1031.7;87;0.2;0;;;;
000EW;2025-01-11 17:40:00;2.1;1031.9;88;0.3;0;;;;
000EW;2025-01-11 17:50:00;2;1032;88;0.2;0;;;;
000EW;2025-01-11 18:00:00;2;1032.2;88;0.2;0;;;0;0
000EW;2025-01-11 18:10:00;2;1032.4;88;0.2;0;;;;
000EW;2025-01-11 18:20:00;2;1032.6;88;0.2;0;;;;
000EW;2025-01-11 18:30:00;1.9;1032.7;88;0.2;0;;;;
000EW;2025-01-11 18:40:00;1.9;1032.7;89;0.3;0;;;;
000EW;2025-01-11 18:50:00;1.9;1032.7;89;0.3;0;;;;
000EW;2025-01-11 19:00:00;1.9;1032.9;89;0.3;0;;;0;0
000EW;2025-01-11 19:10:00;2;1033;89;0.4;0;;;;
000EW;2025-01-11 19:20:00;2.1;1033.1;90;0.6;0;;;;
000EW;2025-01-11 19:30:00;2.2;1033.2;90;0.8;0;;;;
000EW;2025-01-11 19:40:00;2.3;1033.3;90;0.8;0;;;;
000EW;2025-01-11 19:50:00;2.4;1033.3;90;0.9;0;;;;
000EW;2025-01-11 20:00:00;2.4;1033.5;90;1;0;;;0;0
000EW;2025-01-11 20:10:00;2.5;1033.5;90;1;0;;;;
000EW;2025-01-11 20:20:00;2.6;1033.7;90;1.1;0;;;;
000EW;2025-01-11 20:30:00;2.7;1033.8;90;1.2;0;;;;
000EW;2025-01-11 20:40:00;2.8;1034;90;1.3;0;;;;
000EW;2025-01-11 20:50:00;2.8;1034.2;90;1.4;0;;;;
000EW;2025-01-11 21:00:00;2.8;1034.3;89;1.1;0;;;0;0
000EW;2025-01-11 21:10:00;2.6;1034.5;89;1;0;;;;
000EW;2025-01-11 21:20:00;2.6;1034.7;90;1.1;0.8;;23;;
000EW;2025-01-11 21:30:00;2.5;1034.7;90;1;0;;;;
000EW;2025-01-11 21:40:00;2.4;1034.7;90;0.9;0;;;;
000EW;2025-01-11 21:50:00;2.3;1034.8;90;0.9;0;;;;
000EW;2025-01-11 22:00:00;2.3;1034.8;90;0.8;0;;;0;0
000EW;2025-01-11 22:10:00;2.2;1034.9;90;0.8;0;;;;
000EW;2025-01-11 22:20:00;2.2;1034.9;91;0.9;0;;;;
000EW;2025-01-11 22:30:00;2.3;1035.1;91;1;0;;;;
000EW;2025-01-11 22:40:00;2.3;1035.3;90;0.8;0;;;;
000EW;2025-01-11 22:50:00;2.2;1035.2;90;0.8;0;;;;
000EW;2025-01-11 23:00:00;2.2;1035.2;90;0.8;0;;;0;0
000EW;2025-01-11 23:10:00;2.2;1035.3;90;0.7;0;;;;
000EW;2025-01-11 23:20:00;2.1;1035.3;90;0.6;0.8;;0;;
000EW;2025-01-11 23:30:00;2.1;1035.3;91;0.7;0;;;;
000EW;2025-01-11 23:40:00;2.2;1035.4;91;0.9;0;;;;
000EW;2025-01-11 23:50:00;2.1;1035.5;91;0.8;0;;;;
000EW;2025-01-12 00:00:00;2.2;1035.5;91;0.9;0;;;0;0
000EW;2025-01-12 00:10:00;2.2;1035.6;91;0.9;0;;;;
000EW;2025-01-12 00:20:00;2.2;1035.7;91;0.9;0;;;;
000EW;2025-01-12 00:30:00;2.2;1035.7;91;0.9;0;;;;
000EW;2025-01-12 00:40:00;2.2;1035.6;90;0.7;0;;;;
000EW;2025-01-12 00:50:00;2.2;1035.5;90;0.7;0;;;;
000EW;2025-01-12 01:00:00;2.3;1035.7;90;0.9;0;;;0;0
000EW;2025-01-12 01:10:00;2.3;1035.7;90;0.9;0;;;;
000EW;2025-01-12 01:20:00;2.3;1035.7;90;0.9;0;;;;
000EW;2025-01-12 01:30:00;2.4;1035.7;90;1;0;;;;
000EW;2025-01-12 01:40:00;2.5;1035.7;89;0.9;0;;;;
000EW;2025-01-12 01:50:00;2.6;1035.7;89;1;0;;;;
000EW;2025-01-12 02:00:00;2.7;1035.8;89;1.1;0;;;0;0
000EW;2025-01-12 02:10:00;2.7;1035.7;88;0.9;0;;;;
000EW;2025-01-12 02:20:00;2.7;1035.8;88;0.9;0;;;;
000EW;2025-01-12 02:30:00;2.7;1035.8;87;0.8;0;;;;
000EW;2025-01-12 02:40:00;2.8;1035.9;87;0.8;0;;;;
000EW;2025-01-12 02:50:00;2.8;1036.1;87;0.9;0;;;;
000EW;2025-01-12 03:00:00;2.8;1036.3;86;0.7;0;;;0;0
000EW;2025-01-12 03:10:00;2.8;1036.4;86;0.7;0;;;;
000EW;2025-01-12 03:20:00;2.7;1036.3;86;0.6;0;;;;
000EW;2025-01-12 03:30:00;2.6;1036.3;86;0.5;0;;;;
000EW;2025-01-12 03:40:00;2.6;1036.3;87;0.7;0;;;;
000EW;2025-01-12 03:50:00;2.7;1036.4;87;0.7;0;;;;
000EW;2025-01-12 04:00:00;2.8;1036.7;87;0.9;0;;;0;0
000EW;2025-01-12 04:10:00;2.8;1036.8;87;0.9;0;;;;
000EW;2025-01-12 04:20:00;2.8;1036.7;87;0.8;0;;;;
000EW;2025-01-12 04:30:00;2.7;1036.6;88;0.9;0;;;;
000EW;2025-01-12 04:40:00;2.7;1037;88;0.9;0;;;;
000EW;2025-01-12 04:50:00;2.6;1036.8;88;0.8;0;;;;
000EW;2025-01-12 05:00:00;2.6;1036.9;89;1;0;;;0;0
000EW;2025-01-12 05:10:00;2.4;1037;89;0.8;0;;;;
000EW;2025-01-12 05:20:00;2.3;1037.2;89;0.7;0.8;;45;;
000EW;2025-01-12 05:30:00;2.3;1037.3;89;0.7;0.8;;45;;
000EW;2025-01-12 05:40:00;2.3;1037.2;89;0.7;0.8;;45;;
000EW;2025-01-12 05:50:00;2.3;1037.4;90;0.9;0;;;;
000EW;2025-01-12 06:00:00;2.3;1037.8;90;0.9;0.8;;68;0;0
000EW;2025-01-12 06:10:00;2.3;1038;90;0.9;0.8;;68;;
000EW;2025-01-12 06:20:00;2.3;1038;90;0.8;0;;;;
000EW;2025-01-12 06:30:00;2.3;1038.1;90;0.9;0;;;;
000EW;2025-01-12 06:40:00;2.4;1038.1;90;0.9;0.8;;23;;
000EW;2025-01-12 06:50:00;2.3;1038.2;90;0.9;0;;;;
000EW;2025-01-12 07:00:00;2.3;1038.2;90;0.9;0;;;0;0
000EW;2025-01-12 07:10:00;2.4;1038.4;90;0.9;0;;;;
000EW;2025-01-12 07:20:00;2.4;1038.5;90;0.9;0;;;;
000EW;2025-01-12 07:30:00;2.3;1038.5;90;0.9;0;;;;
000EW;2025-01-12 07:40:00;2.3;1038.6;90;0.9;0;;;;
000EW;2025-01-12 07:50:00;2.3;1038.8;90;0.8;0;;;;
000EW;2025-01-12 08:00:00;2.3;1039;90;0.8;0;;;0;0
000EW;2025-01-12 08:10:00;2.3;1039.1;90;0.9;0;;;;
000EW;2025-01-12 08:20:00;2.3;1039;90;0.8;0;;;;
000EW;2025-01-12 08:30:00;2.3;1038.9;90;0.8;0;;;;
000EW;2025-01-12 08:40:00;2.3;1039;90;0.9;0;;;;
000EW;2025-01-12 08:50:00;2.5;1039.2;90;1;0;;;;
000EW;2025-01-12 09:00:00;2.5;1039.2;90;1;0;;;0;0
000EW;2025-01-12 09:10:00;2.6;1039.2;90;1.1;0.8;;0;;
000EW;2025-01-12 09:20:00;2.8;1039.3;90;1.3;0;;;;
000EW;2025-01-12 09:30:00;2.9;1039.3;89;1.3;0;;;;
000EW;2025-01-12 09:40:00;2.9;1039.4;89;1.3;0;;;;
000EW;2025-01-12 09:50:00;3.1;1039.4;89;1.4;0;;;;
000EW;2025-01-12 10:00:00;3.2;1039.5;89;1.5;0;;;0;0
000EW;2025-01-12 10:10:00;3.3;1039.7;88;1.5;0;;;;
000EW;2025-01-12 10:20:00;3.3;1039.7;88;1.5;0;;;;
000EW;2025-01-12 10:30:00;3.3;1039.8;87;1.4;0;;;;
000EW;2025-01-12 10:40:00;3.3;1039.8;88;1.5;0;;;;
000EW;2025-01-12 10:50:00;3.3;1039.8;88;1.5;0;;;;
000EW;2025-01-12 11:00:00;3.6;1039.8;88;1.8;0;;;0;0
000EW;2025-01-12 11:10:00;3.6;1040;87;1.6;0;;;;
000EW;2025-01-12 11:20:00;3.7;1040;87;1.7;0;;;;
000EW;2025-01-12 11:30:00;3.7;1039.9;87;1.8;0;;;;
000EW;2025-01-12 11:40:00;3.8;1039.9;87;1.9;0;;;;
000EW;2025-01-12 11:50:00;3.9;1039.7;87;2;0;;;;
000EW;2025-01-12 12:00:00;3.9;1039.6;86;1.8;0;;;0;0
000EW;2025-01-12 12:10:00;3.9;1039.5;87;2;0;;;;
000EW;2025-01-12 12:20:00;4.1;1039.5;87;2.1;0;;;;
000EW;2025-01-12 12:30:00;4.1;1039.5;86;2;0;;;;
000EW;2025-01-12 12:40:00;4.1;1039.5;86;2;0;;;;
000EW;2025-01-12 12:50:00;4.3;1039.5;86;2.1;0;;;;
000EW;2025-01-12 13:00:00;4.3;1039.4;86;2.2;0;;;0;0
000EW;2025-01-12 13:10:00;4.4;1039.4;85;2.1;0;;;;
000EW;2025-01-12 13:20:00;4.5;1039.4;85;2.2;0;;;;
000EW;2025-01-12 13:30:00;4.6;1039.5;85;2.3;0;;;;
000EW;2025-01-12 13:40:00;4.7;1039.6;84;2.2;0;;;;
000EW;2025-01-12 13:50:00;4.6;1039.6;83;1.9;0;;;;
000EW;2025-01-12 14:00:00;4.6;1039.6;83;2;0;;;0;0
000EW;2025-01-12 14:10:00;4.6;1039.6;82;1.8;0;;;;
000EW;2025-01-12 14:20:00;4.7;1039.7;81;1.7;0;;;;
000EW;2025-01-12 14:30:00;4.6;1039.7;80;1.5;0;;;;
000EW;2025-01-12 14:40:00;4.7;1039.7;79;1.3;0;;;;
000EW;2025-01-12 14:50:00;4.7;1039.8;79;1.4;0;;;;
000EW;2025-01-12 15:00:00;4.8;1039.8;79;1.4;0;;;0;0
000EW;2025-01-12 15:10:00;4.7;1039.8;79;1.4;0;;;;
000EW;2025-01-12 15:20:00;4.7;1039.8;78;1.2;0;;;;
000EW;2025-01-12 15:30:00;4.7;1039.9;78;1.2;0;;;;
000EW;2025-01-12 15:40:00;4.7;1040;77;1;0;;;;
000EW;2025-01-12 15:50:00;4.8;1040;76;0.9;0;;;;
000EW;2025-01-12 16:00:00;4.8;1040;76;0.9;0;;;0;0
000EW;2025-01-12 16:10:00;4.8;1040;75;0.8;0;;;;
000EW;2025-01-12 16:20:00;4.8;1040;74;0.6;0;;;;
000EW;2025-01-12 16:30:00;4.8;1040;73;0.4;0;;;;
000EW;2025-01-12 16:40:00;4.8;1040.1;72;0.2;0;;;;
000EW;2025-01-12 16:50:00;4.8;1040.1;73;0.4;0;;;;
000EW;2025-01-12 17:00:00;4.8;1040.1;73;0.4;0;;;0;0
000EW;2025-01-12 17:10:00;4.8;1040.2;75;0.7;0;;;;
000EW;2025-01-12 17:20:00;4.8;1040.2;75;0.7;0;;;;
000EW;2025-01-12 17:30:00;4.8;1040.3;76;0.9;0;;;;
000EW;2025-01-12 17:40:00;4.8;1040.4;77;1.1;0;;;;
000EW;2025-01-12 17:50:00;4.7;1040.5;76;0.9;0;;;;
000EW;2025-01-12 18:00:00;4.7;1040.6;74;0.5;0;;;0;0
000EW;2025-01-12 18:10:00;4.7;1040.7;74;0.4;0;;;;
000EW;2025-01-12 18:20:00;4.7;1040.7;74;0.4;0;;;;
000EW;2025-01-12 18:30:00;4.6;1040.8;74;0.4;0;;;;
000EW;2025-01-12 18:40:00;4.6;1040.9;75;0.5;0;;;;
000EW;2025-01-12 18:50:00;4.6;1040.9;75;0.5;0;;;;
000EW;2025-01-12 19:00:00;4.4;1041;76;0.6;0;;;0;0
000EW;2025-01-12 19:10:00;4.3;1041;76;0.5;0;;;;
000EW;2025-01-12 19:20:00;4.3;1040.9;76;0.4;0;;;;
000EW;2025-01-12 19:30:00;4.2;1040.8;76;0.4;0;;;;
000EW;2025-01-12 19:40:00;4.2;1040.8;76;0.3;0;;;;
000EW;2025-01-12 19:50:00;4.2;1040.9;76;0.4;0;;;;
000EW;2025-01-12 20:00:00;4.2;1040.9;76;0.3;0;;;0;0
000EW;2025-01-12 20:10:00;4.1;1041;77;0.4;0;;;;
000EW;2025-01-12 20:20:00;4.1;1041.2;78;0.6;0;;;;
000EW;2025-01-12 20:30:00;3.9;1041.3;80;0.8;0;;;;
000EW;2025-01-12 20:40:00;3.9;1041.4;81;1;0;;;;
000EW;2025-01-12 20:50:00;3.9;1041.5;82;1.2;0;;;;
000EW;2025-01-12 21:00:00;3.8;1041.6;83;1.2;0;;;0;0
000EW;2025-01-12 21:10:00;3.7;1041.6;84;1.3;0;;;;
000EW;2025-01-12 21:20:00;3.7;1041.8;85;1.4;0;;;;
000EW;2025-01-12 21:30:00;3.6;1041.8;86;1.5;0;;;;
000EW;2025-01-12 21:40:00;3.6;1041.8;85;1.3;0;;;;
000EW;2025-01-12 21:50:00;3.6;1041.8;85;1.3;0;;;;
000EW;2025-01-12 22:00:00;3.7;1041.9;84;1.2;0;;;0;0
000EW;2025-01-12 22:10:00;3.8;1041.9;84;1.3;0;;;;
000EW;2025-01-12 22:20:00;3.8;1041.9;83;1.2;0;;;;
000EW;2025-01-12 22:30:00;3.8;1041.9;83;1.2;0;;;;
000EW;2025-01-12 22:40:00;3.8;1042.1;84;1.4;0;;;;
000EW;2025-01-12 22:50:00;3.8;1041.9;84;1.4;0;;;;
000EW;2025-01-12 23:00:00;3.8;1041.9;85;1.5;0;;;0;0
000EW;2025-01-12 23:10:00;3.8;1041.7;85;1.5;0;;;;
000EW;2025-01-12 23:20:00;3.9;1041.6;85;1.6;0;;;;
000EW;2025-01-12 23:30:00;3.8;1041.6;84;1.4;0;;;;
000EW;2025-01-12 23:40:00;3.8;1041.6;84;1.3;0;;;;
000EW;2025-01-12 23:50:00;3.7;1041.4;84;1.2;0;;;;
000EW;2025-01-13 00:00:00;3.6;1041.4;84;1.2;0;;;0;0
000EW;2025-01-13 00:10:00;3.6;1041;84;1.2;0;;;;
000EW;2025-01-13 00:20:00;3.7;1041;83;1.1;0;;;;
000EW;2025-01-13 00:30:00;3.7;1040.8;83;1.1;0;;;;
000EW;2025-01-13 00:40:00;3.7;1040.6;82;0.9;0;;;;
000EW;2025-01-13 00:50:00;3.7;1040.5;79;0.4;0;;;;
000EW;2025-01-13 01:00:00;3.6;1040.4;78;0.1;0;;;0;0
000EW;2025-01-13 01:10:00;3.6;1040.3;77;-0.1;0;;;;
000EW;2025-01-13 01:20:00;3.4;1040.2;78;-0.1;0;;;;
000EW;2025-01-13 01:30:00;3.2;1040.2;78;-0.2;0;;;;
000EW;2025-01-13 01:40:00;3.1;1040.1;79;-0.2;0;;;;
000EW;2025-01-13 01:50:00;3;1040.3;79;-0.3;0;;;;
000EW;2025-01-13 02:00:00;2.9;1040.4;79;-0.4;0;;;0;0
000EW;2025-01-13 02:10:00;2.9;1040.3;79;-0.3;0;;;;
000EW;2025-01-13 02:20:00;3;1040.3;78;-0.5;0;;;;
000EW;2025-01-13 02:30:00;3.1;1040.3;78;-0.4;0;;;;
000EW;2025-01-13 02:40:00;3.1;1040.2;77;-0.6;0;;;;
000EW;2025-01-13 02:50:00;3.1;1040.2;77;-0.6;0;;;;
000EW;2025-01-13 03:00:00;3;1039.9;76;-0.8;0;;;0;0
000EW;2025-01-13 03:10:00;2.9;1040.1;76;-0.9;0.8;;113;;
000EW;2025-01-13 03:20:00;2.9;1040.5;76;-0.9;0;;;;
000EW;2025-01-13 03:30:00;2.9;1040.6;76;-0.9;0;;;;
000EW;2025-01-13 03:40:00;3;1040.8;74;-1.2;0;;;;
000EW;2025-01-13 03:50:00;3.1;1040.8;74;-1.1;0;;;;
000EW;2025-01-13 04:00:00;3.1;1040.8;74;-1.1;0;;;0;0
000EW;2025-01-13 04:10:00;3.1;1040.7;73;-1.3;0;;;;
000EW;2025-01-13 04:20:00;3.1;1040.4;73;-1.3;0;;;;
000EW;2025-01-13 04:30:00;3.1;1040.4;74;-1.1;0;;;;
000EW;2025-01-13 04:40:00;3;1040.5;74;-1.2;0;;;;
000EW;2025-01-13 04:50:00;2.9;1040.3;74;-1.2;0;;;;
000EW;2025-01-13 05:00:00;2.9;1040.4;73;-1.5;0;;;0;0
000EW;2025-01-13 05:10:00;2.8;1040.3;73;-1.5;0;;;;
000EW;2025-01-13 05:20:00;2.8;1040.2;72;-1.8;0;;;;
000EW;2025-01-13 05:30:00;2.8;1040.2;72;-1.8;0;;;;
000EW;2025-01-13 05:40:00;2.7;1040.2;72;-1.8;0;;;;
000EW;2025-01-13 05:50:00;2.7;1040.2;73;-1.6;0;;;;
000EW;2025-01-13 06:00:00;2.7;1040.2;72;-1.9;0;;;0;0
000EW;2025-01-13 06:10:00;2.7;1040.2;72;-1.8;0;;;;
000EW;2025-01-13 06:20:00;2.7;1040.2;72;-1.8;0;;;;
000EW;2025-01-13 06:30:00;2.7;1040.2;72;-1.9;0;;;;
000EW;2025-01-13 06:40:00;2.7;1040.4;72;-1.9;0;;;;
000EW;2025-01-13 06:50:00;2.7;1040.4;72;-1.9;0;;;;
000EW;2025-01-13 07:00:00;2.7;1040.5;72;-1.9;0;;;0;0
000EW;2025-01-13 07:10:00;2.6;1040.6;72;-1.9;0;;;;
000EW;2025-01-13 07:20:00;2.5;1040.4;72;-2;0;;;;
000EW;2025-01-13 07:30:00;2.4;1040.6;72;-2.1;0;;;;
000EW;2025-01-13 07:40:00;2.4;1040.8;73;-2;0;;;;
000EW;2025-01-13 07:50:00;2.3;1040.8;73;-2;0;;;;
000EW;2025-01-13 08:00:00;2.2;1040.8;74;-1.9;0;;;0;0
000EW;2025-01-13 08:10:00;2.2;1040.9;74;-2;0;;;;
000EW;2025-01-13 08:20:00;2.2;1040.7;74;-1.9;0;;;;
000EW;2025-01-13 08:30:00;2.3;1040.7;74;-1.9;0;;;;
000EW;2025-01-13 08:40:00;2.3;1040.8;74;-1.9;0;;;;
000EW;2025-01-13 08:50:00;2.3;1040.8;73;-2.1;0;;;;
000EW;2025-01-13 09:00:00;2.3;1040.8;73;-2;0;;;0;0
000EW;2025-01-13 09:10:00;2.4;1040.7;73;-1.9;0;;;;
000EW;2025-01-13 09:20:00;2.6;1040.7;72;-2;0;;;;
000EW;2025-01-13 09:30:00;2.7;1040.6;72;-1.9;0;;;;
000EW;2025-01-13 09:40:00;2.7;1040.7;72;-1.8;0;;;;
000EW;2025-01-13 09:50:00;2.7;1040.7;71;-2.1;0;;;;
000EW;2025-01-13 10:00:00;2.8;1040.7;71;-1.9;0;;;0;0
000EW;2025-01-13 10:10:00;2.9;1040.7;69;-2.2;0;;;;
000EW;2025-01-13 10:20:00;3;1040.7;69;-2.1;0;;;;
000EW;2025-01-13 10:30:00;3.1;1040.6;68;-2.3;0.8;;0;;
000EW;2025-01-13 10:40:00;3.3;1040.4;67;-2.2;0;;;;
000EW;2025-01-13 10:50:00;3.4;1040.5;66;-2.4;0.8;;0;;
000EW;2025-01-13 11:00:00;3.4;1040.4;65;-2.5;0;;;0;0
000EW;2025-01-13 11:10:00;3.5;1040.4;65;-2.5;0;;;;
000EW;2025-01-13 11:20:00;3.5;1040.2;65;-2.5;0;;;;
000EW;2025-01-13 11:30:00;3.6;1040.1;65;-2.3;0;;;;
000EW;2025-01-13 11:40:00;3.6;1040;65;-2.3;4;;23;;
000EW;2025-01-13 11:50:00;3.7;1039.8;64;-2.5;4;;0;;
000EW;2025-01-13 12:00:00;3.8;1039.7;63;-2.6;3.2;;0;0;0
000EW;2025-01-13 12:10:00;3.9;1039.7;63;-2.5;0;;;;
000EW;2025-01-13 12:20:00;4.1;1039.4;64;-2.1;0;;;;
000EW;2025-01-13 12:30:00;4.1;1039.5;63;-2.3;1.6;;0;;
000EW;2025-01-13 12:40:00;4.1;1039.4;63;-2.3;3.2;;45;;
000EW;2025-01-13 12:50:00;4.3;1039.3;64;-1.9;0;;;;
000EW;2025-01-13 13:00:00;4.4;1039.2;62;-2.2;0;;;0;0
000EW;2025-01-13 13:10:00;4.5;1039.1;64;-1.7;0;;;;
000EW;2025-01-13 13:20:00;4.4;1038.8;62;-2.2;0;;;;
000EW;2025-01-13 13:30:00;4.5;1038.7;62;-2.1;0;;;;
000EW;2025-01-13 13:40:00;4.7;1038.7;61;-2.2;0;;;;
000EW;2025-01-13 13:50:00;4.8;1038.6;60;-2.3;0;;;;
000EW;2025-01-13 14:00:00;5.2;1038.5;59;-2.2;0;;;0;0
000EW;2025-01-13 14:10:00;5;1038.5;60;-2.1;0;;;;
000EW;2025-01-13 14:20:00;5;1038.4;59;-2.3;0;;;;
000EW;2025-01-13 14:30:00;4.9;1038.4;60;-2.2;0;;;;
000EW;2025-01-13 14:40:00;5.1;1038.3;60;-2.1;0;;;;
000EW;2025-01-13 14:50:00;5;1038.3;60;-2.1;0.8;;45;;
000EW;2025-01-13 15:00:00;4.8;1038.3;60;-2.3;0;;;0;0
000EW;2025-01-13 15:10:00;4.7;1038.3;61;-2.2;0;;;;
000EW;2025-01-13 15:20:00;4.7;1038.3;61;-2.2;0;;;;
000EW;2025-01-13 15:30:00;4.7;1038.3;61;-2.2;0;;;;
000EW;2025-01-13 15:40:00;4.7;1038.3;61;-2.2;0;;;;
000EW;2025-01-13 15:50:00;4.5;1038.1;61;-2.4;0.8;;0;;
000EW;2025-01-13 16:00:00;4.4;1038.1;61;-2.4;0;;;0;0
000EW;2025-01-13 16:10:00;4.4;1038.2;62;-2.2;0;;;;
000EW;2025-01-13 16:20:00;4.3;1038.1;61;-2.6;0;;;;
000EW;2025-01-13 16:30:00;4.2;1038.1;62;-2.4;0;;;;
000EW;2025-01-13 16:40:00;4.2;1038.1;62;-2.5;0;;;;
000EW;2025-01-13 16:50:00;4.1;1038.2;62;-2.6;0;;;;
000EW;2025-01-13 17:00:00;3.9;1038.2;62;-2.7;0;;;0;0
000EW;2025-01-13 17:10:00;3.9;1038.2;62;-2.7;0;;;;
000EW;2025-01-13 17:20:00;3.9;1038.3;63;-2.5;0;;;;
000EW;2025-01-13 17:30:00;3.7;1038.3;67;-1.8;0;;;;
000EW;2025-01-13 17:40:00;3.6;1038.3;68;-1.7;0;;;;
000EW;2025-01-13 17:50:00;3.5;1038.3;69;-1.6;0;;;;
000EW;2025-01-13 18:00:00;3.4;1038.2;68;-2;0;;;0;0
000EW;2025-01-13 18:10:00;3.3;1038.2;68;-2.1;0;;;;
000EW;2025-01-13 18:20:00;3.2;1038.2;68;-2.2;0;;;;
000EW;2025-01-13 18:30:00;3.1;1038.3;68;-2.3;0;;;;
000EW;2025-01-13 18:40:00;3;1038.2;68;-2.3;0;;;;
000EW;2025-01-13 18:50:00;2.9;1038.2;68;-2.4;0;;;;
000EW;2025-01-13 19:00:00;2.8;1038;68;-2.5;0;;;0;0
000EW;2025-01-13 19:10:00;2.7;1037.9;68;-2.6;0;;;;
000EW;2025-01-13 19:20:00;2.7;1037.8;69;-2.4;0;;;;
000EW;2025-01-13 19:30:00;2.5;1037.9;69;-2.6;0;;;;
000EW;2025-01-13 19:40:00;2.5;1038;69;-2.6;0;;;;
000EW;2025-01-13 19:50:00;2.4;1038.2;69;-2.7;0;;;;
000EW;2025-01-13 20:00:00;2.3;1038;69;-2.8;0;;;0;0
000EW;2025-01-13 20:10:00;2.3;1038.1;69;-2.8;0;;;;
000EW;2025-01-13 20:20:00;2.2;1038;70;-2.7;0;;;;
000EW;2025-01-13 20:30:00;2.1;1037.9;70;-2.8;0;;;;
000EW;2025-01-13 20:40:00;2;1037.8;70;-2.9;0;;;;
000EW;2025-01-13 20:50:00;1.9;1037.8;71;-2.8;0;;;;
000EW;2025-01-13 21:00:00;1.8;1037.8;71;-2.9;0;;;0;0
000EW;2025-01-13 21:10:00;1.8;1038;71;-2.9;0;;;;
000EW;2025-01-13 21:20:00;1.9;1038;71;-2.8;0;;;;
000EW;2025-01-13 21:30:00;1.9;1037.9;71;-2.8;0;;;;
000EW;2025-01-13 21:40:00;1.9;1037.9;71;-2.8;0;;;;
000EW;2025-01-13 21:50:00;1.9;1037.9;72;-2.6;0;;;;
000EW;2025-01-13 22:00:00;1.8;1037.8;72;-2.7;0;;;0;0
000EW;2025-01-13 22:10:00;1.6;1038;73;-2.8;0;;;;
000EW;2025-01-13 22:20:00;1.4;1038;74;-2.7;0;;;;
000EW;2025-01-13 22:30:00;1.3;1037.8;74;-2.8;0;;;;
000EW;2025-01-13 22:40:00;1.3;1037.8;74;-2.8;0;;;;
000EW;2025-01-13 22:50:00;1.3;1037.9;74;-2.8;0;;;;
000EW;2025-01-13 23:00:00;1.3;1037.9;73;-3;0;;;0;0
000EW;2025-01-13 23:10:00;1.3;1037.8;73;-3;0;;;;
000EW;2025-01-13 23:20:00;1.3;1037.7;72;-3.2;0;;;;
000EW;2025-01-13 23:30:00;1.3;1037.9;72;-3.2;0;;;;
000EW;2025-01-13 23:40:00;1.4;1037.8;72;-3;0;;;;
000EW;2025-01-13 23:50:00;1.4;1037.7;71;-3.3;0;;;;
000EW;2025-01-14 00:00:00;1.3;1037.5;72;-3.2;0;;;0;0
000EW;2025-01-14 00:10:00;1.3;1037.5;72;-3.2;0;;;;
000EW;2025-01-14 00:20:00;1.3;1037.3;73;-3;0;;;;
000EW;2025-01-14 00:30:00;1.2;1037.3;73;-3.1;0;;;;
000EW;2025-01-14 00:40:00;1.2;1037.2;73;-3.1;0;;;;
000EW;2025-01-14 00:50:00;1.1;1037.2;74;-3;0;;;;
000EW;2025-01-14 01:00:00;0.9;1037.2;74;-3.2;0;;;0;0
000EW;2025-01-14 01:10:00;0.7;1037.3;76;-3.1;0;;;;
000EW;2025-01-14 01:20:00;0.6;1037.3;77;-3;0;;;;
000EW;2025-01-14 01:30:00;0.5;1037.2;78;-2.9;0;;;;
000EW;2025-01-14 01:40:00;0.5;1037.3;78;-2.9;0;;;;
000EW;2025-01-14 01:50:00;0.6;1037.4;77;-3;0;;;;
000EW;2025-01-14 02:00:00;0.5;1037.3;78;-2.9;0;;;0;0
000EW;2025-01-14 02:10:00;0.4;1037.3;78;-2.9;0;;;;
000EW;2025-01-14 02:20:00;0.3;1037.2;79;-2.9;0;;;;
000EW;2025-01-14 02:30:00;0.2;1037;79;-3;0;;;;
000EW;2025-01-14 02:40:00;0.2;1036.9;79;-3;0;;;;
000EW;2025-01-14 02:50:00;0.1;1037;79;-3.1;0;;;;
000EW;2025-01-14 03:00:00;0.1;1036.8;80;-3;0;;;0;0
000EW;2025-01-14 03:10:00;0.1;1036.9;80;-3;0;;;;
000EW;2025-01-14 03:20:00;0;1036.7;80;-3;0;;;;
000EW;2025-01-14 03:30:00;-0.1;1036.6;80;-3.1;0;;;;
000EW;2025-01-14 03:40:00;-0.1;1036.7;80;-3.1;0;;;;
000EW;2025-01-14 03:50:00;-0.1;1036.6;80;-3.1;0;;;;
000EW;2025-01-14 04:00:00;-0.2;1036.5;80;-3.2;0;;;0;0
000EW;2025-01-14 04:10:00;-0.2;1036.5;80;-3.2;0;;;;
000EW;2025-01-14 04:20:00;-0.3;1036.5;80;-3.3;0;;;;
000EW;2025-01-14 04:30:00;-0.4;1036.5;81;-3.3;0;;;;
000EW;2025-01-14 04:40:00;-0.4;1036.3;81;-3.3;0;;;;
000EW;2025-01-14 04:50:00;-0.5;1036.3;81;-3.4;0;;;;
000EW;2025-01-14 05:00:00;-0.6;1036.3;81;-3.4;0;;;0;0
000EW;2025-01-14 05:10:00;-0.6;1036.3;82;-3.2;0;;;;
000EW;2025-01-14 05:20:00;-0.6;1036.1;81;-3.4;0;;;;
000EW;2025-01-14 05:30:00;-0.7;1036;81;-3.5;0;;;;
000EW;2025-01-14 05:40:00;-0.6;1036;81;-3.5;0;;;;
000EW;2025-01-14 05:50:00;-0.6;1036;80;-3.6;0;;;;
000EW;2025-01-14 06:00:00;-0.6;1036;80;-3.6;0;;;0;0
000EW;2025-01-14 06:10:00;-0.7;1036.2;80;-3.7;0;;;;
000EW;2025-01-14 06:20:00;-0.7;1036.2;80;-3.7;0;;;;
000EW;2025-01-14 06:30:00;-0.7;1036.3;80;-3.7;0;;;;
000EW;2025-01-14 06:40:00;-0.6;1036.5;80;-3.6;0;;;;
000EW;2025-01-14 06:50:00;-0.5;1036.7;78;-3.9;0;;;;
000EW;2025-01-14 07:00:00;-0.4;1036.7;78;-3.7;0;;;0;0
000EW;2025-01-14 07:10:00;-0.3;1036.8;77;-3.9;0;;;;
000EW;2025-01-14 07:20:00;-0.3;1037;77;-3.8;0;;;;
000EW;2025-01-14 07:30:00;-0.3;1037;78;-3.6;0;;;;
000EW;2025-01-14 07:40:00;-0.2;1037.3;78;-3.6;0;;;;
000EW;2025-01-14 07:50:00;-0.2;1037.3;79;-3.4;0;;;;
000EW;2025-01-14 08:00:00;-0.2;1037.4;80;-3.2;0;;;0;0
000EW;2025-01-14 08:10:00;-0.3;1037.6;80;-3.3;0;;;;
000EW;2025-01-14 08:20:00;-0.4;1037.6;81;-3.2;0;;;;
000EW;2025-01-14 08:30:00;-0.6;1037.5;82;-3.2;0;;;;
000EW;2025-01-14 08:40:00;-0.7;1037.4;82;-3.4;0;;;;
000EW;2025-01-14 08:50:00;-0.8;1037.3;82;-3.5;0;;;;
000EW;2025-01-14 09:00:00;-0.7;1037.2;81;-3.5;0;;;0;0
000EW;2025-01-14 09:10:00;-0.4;1037.1;81;-3.3;0;;;;
000EW;2025-01-14 09:20:00;0.2;1037;80;-2.9;0;;;;
000EW;2025-01-14 09:30:00;0.2;1037;78;-3.2;0;;;;
000EW;2025-01-14 09:40:00;0.2;1036.9;78;-3.2;0;;;;
000EW;2025-01-14 09:50:00;0.7;1037;78;-2.7;0;;;;
000EW;2025-01-14 10:00:00;0.8;1036.8;77;-2.8;0;;;0;0
000EW;2025-01-14 10:10:00;0.7;1036.8;77;-2.8;0;;;;
000EW;2025-01-14 10:20:00;0.9;1036.8;77;-2.7;0;;;;
000EW;2025-01-14 10:30:00;1.1;1036.7;77;-2.5;0;;;;
000EW;2025-01-14 10:40:00;1.6;1036.6;76;-2.2;0;;;;
000EW;2025-01-14 10:50:00;1.9;1036.5;74;-2.2;0;;;;
000EW;2025-01-14 11:00:00;2.2;1036.4;73;-2.2;0;;;0;0
000EW;2025-01-14 11:10:00;2.4;1036.1;73;-1.9;0;;;;
000EW;2025-01-14 11:20:00;2.3;1036.2;71;-2.4;0;;;;
000EW;2025-01-14 11:30:00;2.4;1036.1;72;-2.1;0;;;;
000EW;2025-01-14 11:40:00;3;1036.2;71;-1.7;0;;;;
000EW;2025-01-14 11:50:00;3.4;1036;70;-1.5;0;;;;
000EW;2025-01-14 12:00:00;3.7;1035.9;68;-1.7;0;;;0;0
000EW;2025-01-14 12:10:00;3.8;1035.8;67;-1.8;0;;;;
000EW;2025-01-14 12:20:00;3.7;1035.6;65;-2.2;0;;;;
000EW;2025-01-14 12:30:00;3.8;1035.6;64;-2.4;0;;;;
000EW;2025-01-14 12:40:00;3.9;1035.5;62;-2.7;0;;;;
000EW;2025-01-14 12:50:00;3.9;1035.4;61;-2.9;0;;;;
000EW;2025-01-14 13:00:00;4.1;1035.4;62;-2.5;0;;;0;0
000EW;2025-01-14 13:10:00;4.2;1035.4;62;-2.5;0;;;;
000EW;2025-01-14 13:20:00;4.1;1035;61;-2.8;0.8;;23;;
000EW;2025-01-14 13:30:00;4.2;1035.1;61;-2.6;0;;;;
000EW;2025-01-14 13:40:00;4.4;1034.9;61;-2.4;0;;;;
000EW;2025-01-14 13:50:00;4.6;1035;61;-2.3;0;;;;
000EW;2025-01-14 14:00:00;4.7;1034.9;61;-2.2;0;;;0;0
000EW;2025-01-14 14:10:00;4.8;1034.9;62;-1.8;0;;;;
000EW;2025-01-14 14:20:00;5.1;1035;60;-2.1;0;;;;
000EW;2025-01-14 14:30:00;5.1;1035;61;-1.8;0;;;;
000EW;2025-01-14 14:40:00;5.3;1034.9;62;-1.4;0;;;;
000EW;2025-01-14 14:50:00;5.5;1034.9;62;-1.2;0;;;;
000EW;2025-01-14 15:00:00;5.6;1034.8;62;-1.1;0;;;0;0
000EW;2025-01-14 15:10:00;5.3;1034.9;63;-1.1;0;;;;
000EW;2025-01-14 15:20:00;5.2;1034.9;64;-1;0;;;;
000EW;2025-01-14 15:30:00;5.2;1035;64;-1.1;0;;;;
000EW;2025-01-14 15:40:00;5.1;1035.1;65;-1;0;;;;
000EW;2025-01-14 15:50:00;5;1035.2;66;-0.8;0;;;;
000EW;2025-01-14 16:00:00;4.7;1035.3;68;-0.7;0;;;0;0
000EW;2025-01-14 16:10:00;4.5;1035.1;68;-0.9;0;;;;
000EW;2025-01-14 16:20:00;4.4;1035.1;66;-1.4;0;;;;
000EW;2025-01-14 16:30:00;4.3;1035;66;-1.5;0;;;;
000EW;2025-01-14 16:40:00;4.3;1035.1;66;-1.5;0;;;;
000EW;2025-01-14 16:50:00;4.1;1035.1;68;-1.3;0;;;;
000EW;2025-01-14 17:00:00;3.9;1035.1;69;-1.2;0;;;0;0
000EW;2025-01-14 17:10:00;3.8;1035;69;-1.3;0;;;;
000EW;2025-01-14 17:20:00;3.8;1034.8;70;-1.2;0;;;;
000EW;2025-01-14 17:30:00;3.8;1035.1;70;-1.2;0;;;;
000EW;2025-01-14 17:40:00;3.8;1035.1;71;-1;0;;;;
000EW;2025-01-14 17:50:00;3.8;1035.2;71;-1;0;;;;
000EW;2025-01-14 18:00:00;3.8;1035.1;72;-0.7;0;;;0;0
000EW;2025-01-14 18:10:00;3.8;1035.1;71;-0.9;0;;;;
000EW;2025-01-14 18:20:00;3.8;1035.2;71;-0.9;0;;;;
000EW;2025-01-14 18:30:00;3.8;1035.4;71;-0.9;0;;;;
000EW;2025-01-14 18:40:00;3.9;1035.4;72;-0.7;0;;;;
000EW;2025-01-14 18:50:00;3.9;1035.4;72;-0.7;0;;;;
000EW;2025-01-14 19:00:00;3.9;1035.6;72;-0.7;0;;;0;0
000EW;2025-01-14 19:10:00;3.9;1035.8;72;-0.6;0;;;;
000EW;2025-01-14 19:20:00;3.9;1035.9;72;-0.7;0;;;;
000EW;2025-01-14 19:30:00;3.8;1035.8;72;-0.7;0;;;;
000EW;2025-01-14 19:40:00;3.7;1035.8;73;-0.7;0;;;;
000EW;2025-01-14 19:50:00;3.7;1035.6;74;-0.5;0;;;;
000EW;2025-01-14 20:00:00;3.7;1035.5;74;-0.5;0;;;0;0
000EW;2025-01-14 20:10:00;3.7;1035.5;74;-0.5;0;;;;
000EW;2025-01-14 20:20:00;3.7;1035.5;73;-0.7;0;;;;
000EW;2025-01-14 20:30:00;3.6;1035.4;72;-1;0;;;;
000EW;2025-01-14 20:40:00;3.5;1035.3;73;-0.9;0;;;;
000EW;2025-01-14 20:50:00;3.4;1035.4;73;-0.9;0;;;;
000EW;2025-01-14 21:00:00;3.4;1035.3;74;-0.8;0;;;0;0
000EW;2025-01-14 21:10:00;3.3;1035.3;74;-0.9;0;;;;
000EW;2025-01-14 21:20:00;3.2;1035.4;74;-1;0;;;;
000EW;2025-01-14 21:30:00;3.2;1035.4;75;-0.8;0;;;;
000EW;2025-01-14 21:40:00;3.1;1035.3;76;-0.8;0;;;;
000EW;2025-01-14 21:50:00;3.1;1035;76;-0.8;0;;;;
000EW;2025-01-14 22:00:00;3.1;1034.9;77;-0.6;0;;;0;0
000EW;2025-01-14 22:10:00;3.1;1034.7;77;-0.6;0;;;;
000EW;2025-01-14 22:20:00;2.9;1034.9;77;-0.7;0;;;;
000EW;2025-01-14 22:30:00;2.8;1035.1;77;-0.8;0;;;;
000EW;2025-01-14 22:40:00;2.9;1035.2;78;-0.6;0;;;;
000EW;2025-01-14 22:50:00;3.1;1035.1;77;-0.6;0;;;;
000EW;2025-01-14 23:00:00;3.1;1035.1;76;-0.7;0;;;0;0
000EW;2025-01-14 23:10:00;3.2;1035;75;-0.8;0;;;;
000EW;2025-01-14 23:20:00;3.2;1035.1;75;-0.8;0;;;;
000EW;2025-01-14 23:30:00;3.2;1035;75;-0.8;0;;;;
000EW;2025-01-14 23:40:00;3.1;1035.1;75;-0.9;0;;;;
000EW;2025-01-14 23:50:00;3.1;1034.9;75;-0.9;0;;;;
000EW;2025-01-15 00:00:00;3;1034.9;76;-0.8;0;;;0;0
000EW;2025-01-15 00:10:00;3.2;1034.9;76;-0.6;0.8;;45;;
000EW;2025-01-15 00:20:00;3.2;1034.8;75;-0.8;0;;;;
000EW;2025-01-15 00:30:00;3.2;1034.9;75;-0.8;0;;;;
000EW;2025-01-15 00:40:00;2.9;1035;75;-1.1;0;;;;
000EW;2025-01-15 00:50:00;2.7;1035;77;-1;0;;;;
000EW;2025-01-15 01:00:00;2.5;1034.9;78;-0.9;0;;;0;0
000EW;2025-01-15 01:10:00;2.4;1035;78;-1;0;;;;
000EW;2025-01-15 01:20:00;2.3;1035.1;78;-1.1;0;;;;
000EW;2025-01-15 01:30:00;2.3;1035;79;-0.9;0;;;;
000EW;2025-01-15 01:40:00;2.5;1034.9;79;-0.8;0;;;;
000EW;2025-01-15 01:50:00;2.7;1035;79;-0.6;0;;;;
000EW;2025-01-15 02:00:00;2.8;1034.9;80;-0.3;0;;;0;0
000EW;2025-01-15 02:10:00;3;1034.7;80;-0.1;0;;;;
000EW;2025-01-15 02:20:00;3.2;1034.6;81;0.3;0;;;;
000EW;2025-01-15 02:30:00;3.3;1034.7;81;0.3;0;;;;
000EW;2025-01-15 02:40:00;3.4;1034.6;81;0.5;0;;;;
000EW;2025-01-15 02:50:00;3.6;1034.6;82;0.8;0;;;;
000EW;2025-01-15 03:00:00;3.6;1034.3;81;0.6;0;;;0;0
000EW;2025-01-15 03:10:00;3.7;1034.1;81;0.7;0;;;;
000EW;2025-01-15 03:20:00;3.8;1034.2;81;0.9;0;;;;
000EW;2025-01-15 03:30:00;3.8;1033.9;81;0.9;0;;;;
000EW;2025-01-15 03:40:00;3.5;1033.8;81;0.6;0;;;;
000EW;2025-01-15 03:50:00;3.3;1033.7;80;0.2;0;;;;
000EW;2025-01-15 04:00:00;3.2;1033.7;81;0.2;0;;;0;0
000EW;2025-01-15 04:10:00;3.1;1033.6;81;0.2;0;;;;
000EW;2025-01-15 04:20:00;3;1033.6;80;-0.1;0;;;;
000EW;2025-01-15 04:30:00;2.9;1033.5;81;0;0;;;;
000EW;2025-01-15 04:40:00;3;1033.5;81;0.1;0;;;;
000EW;2025-01-15 04:50:00;3.1;1033.5;81;0.2;0;;;;
000EW;2025-01-15 05:00:00;3.2;1033.5;81;0.3;0;;;0;0
000EW;2025-01-15 05:10:00;3.3;1033.5;81;0.4;0;;;;
000EW;2025-01-15 05:20:00;3.5;1033.4;81;0.6;0;;;;
000EW;2025-01-15 05:30:00;3.5;1033.5;81;0.6;0;;;;
000EW;2025-01-15 05:40:00;3.2;1033.4;82;0.4;0;;;;
000EW;2025-01-15 05:50:00;2.9;1033.4;84;0.5;0;;;;
000EW;2025-01-15 06:00:00;2.9;1033.3;85;0.6;0;;;0;0
000EW;2025-01-15 06:10:00;2.9;1033.5;87;1;0;;;;
000EW;2025-01-15 06:20:00;3;1033.5;87;1.1;0;;;;
000EW;2025-01-15 06:30:00;3.1;1033.6;88;1.3;0;;;;
000EW;2025-01-15 06:40:00;3.1;1033.7;88;1.3;0;;;;
000EW;2025-01-15 06:50:00;3.2;1033.7;89;1.6;0;;;;
000EW;2025-01-15 07:00:00;3.3;1033.7;90;1.9;0;;;0;0
000EW;2025-01-15 07:10:00;3.5;1033.8;90;2;0;;;;
000EW;2025-01-15 07:20:00;4.1;1033.8;92;2.9;0;;;;
000EW;2025-01-15 07:30:00;4.6;1034.1;92;3.4;0;;;;
000EW;2025-01-15 07:40:00;4.8;1034.1;92;3.6;0;;;;
000EW;2025-01-15 07:50:00;4.9;1034.2;92;3.7;0;;;;
000EW;2025-01-15 08:00:00;4.9;1034;92;3.8;0;;;0;0
000EW;2025-01-15 08:10:00;5;1034.2;92;3.8;0;;;;
000EW;2025-01-15 08:20:00;5.1;1034.2;92;3.9;0;;;;
000EW;2025-01-15 08:30:00;5.1;1034.1;92;3.9;0;;;;
000EW;2025-01-15 08:40:00;5.1;1034;92;3.9;0;;;;
000EW;2025-01-15 08:50:00;5.1;1033.9;92;3.9;0;;;;
000EW;2025-01-15 09:00:00;5.2;1034.1;93;4.1;0;;;0;0
000EW;2025-01-15 09:10:00;5.2;1034.2;93;4.1;0;;;;
000EW;2025-01-15 09:20:00;5.2;1034.3;93;4.1;0;;;;
000EW;2025-01-15 09:30:00;5.2;1034.3;93;4.2;0;;;;
000EW;2025-01-15 09:40:00;5.2;1034.5;93;4.2;0;;;;
000EW;2025-01-15 09:50:00;5.2;1034.5;93;4.2;0;;;;
000EW;2025-01-15 10:00:00;5.3;1034.5;93;4.3;0;;;0;0
000EW;2025-01-15 10:10:00;5.3;1034.6;93;4.3;0;;;;
000EW;2025-01-15 10:20:00;5.3;1034.5;93;4.3;0;;;;
000EW;2025-01-15 10:30:00;5.3;1034.3;93;4.3;0;;;;
000EW;2025-01-15 10:40:00;5.4;1034.4;93;4.4;0;;;;
000EW;2025-01-15 10:50:00;5.6;1034.4;93;4.5;0;;;;
000EW;2025-01-15 11:00:00;5.7;1034.3;94;4.8;0;;;0;0
000EW;2025-01-15 11:10:00;5.9;1034.1;94;5.1;0;;;;
000EW;2025-01-15 11:20:00;6.1;1034.1;94;5.2;0;;;;
000EW;2025-01-15 11:30:00;6.1;1034.1;93;5.1;0;;;;
000EW;2025-01-15 11:40:00;6.2;1034;93;5.1;0;;;;
000EW;2025-01-15 11:50:00;6.3;1033.9;94;5.4;0;;;;
000EW;2025-01-15 12:00:00;6.2;1033.8;93;5.1;0;;;0;0
000EW;2025-01-15 12:10:00;6.2;1033.7;93;5.1;0;;;;
000EW;2025-01-15 12:20:00;6.3;1033.6;93;5.2;0;;;;
000EW;2025-01-15 12:30:00;6.3;1033.3;93;5.3;0;;;;
000EW;2025-01-15 12:40:00;6.4;1033.3;93;5.4;0;;;;
000EW;2025-01-15 12:50:00;6.6;1033.2;93;5.5;0;;;;
000EW;2025-01-15 13:00:00;6.6;1033;93;5.5;0;;;0;0
000EW;2025-01-15 13:10:00;6.7;1033;93;5.6;0;;;;
000EW;2025-01-15 13:20:00;6.8;1032.9;93;5.8;0;;;;
000EW;2025-01-15 13:30:00;7;1032.9;93;5.9;0;;;;
000EW;2025-01-15 13:40:00;7;1033;92;5.8;0;;;;
000EW;2025-01-15 13:50:00;6.9;1033;92;5.7;0;;;;
000EW;2025-01-15 14:00:00;6.9;1033;92;5.7;0;;;0;0
000EW;2025-01-15 14:10:00;6.9;1032.9;92;5.7;0;;;;
000EW;2025-01-15 14:20:00;7.1;1032.8;92;5.8;0;;;;
000EW;2025-01-15 14:30:00;7.1;1033;92;5.9;0;;;;
000EW;2025-01-15 14:40:00;7.2;1032.8;92;6;0;;;;
000EW;2025-01-15 14:50:00;7.4;1032.8;93;6.3;0;;;;
000EW;2025-01-15 15:00:00;7.5;1032.9;92;6.3;0;;;0;0
000EW;2025-01-15 15:10:00;7.6;1032.9;92;6.3;0;;;;
000EW;2025-01-15 15:20:00;7.6;1032.8;92;6.3;0;;;;
000EW;2025-01-15 15:30:00;7.6;1032.9;91;6.2;0;;;;
000EW;2025-01-15 15:40:00;7.6;1032.8;92;6.3;0;;;;
000EW;2025-01-15 15:50:00;7.6;1032.8;91;6.2;0;;;;
000EW;2025-01-15 16:00:00;7.6;1032.9;91;6.2;0;;;0;0
000EW;2025-01-15 16:10:00;7.6;1032.9;91;6.2;0;;;;
000EW;2025-01-15 16:20:00;7.6;1032.8;91;6.2;0;;;;
000EW;2025-01-15 16:30:00;7.6;1033;91;6.2;0;;;;
000EW;2025-01-15 16:40:00;7.6;1033.1;91;6.2;0;;;;
000EW;2025-01-15 16:50:00;7.6;1033.2;91;6.2;0;;;;
000EW;2025-01-15 17:00:00;7.6;1033.1;91;6.2;0;;;0;0
000EW;2025-01-15 17:10:00;7.6;1033.2;91;6.2;0;;;;
000EW;2025-01-15 17:20:00;7.6;1033.3;91;6.2;0;;;;
000EW;2025-01-15 17:30:00;7.6;1033.3;91;6.2;0;;;;
000EW;2025-01-15 17:40:00;7.5;1033.3;91;6.1;0;;;;
000EW;2025-01-15 17:50:00;7.4;1033.4;91;6;0;;;;
000EW;2025-01-15 18:00:00;7.3;1033.3;91;6;0;;;0;0
000EW;2025-01-15 18:10:00;7.3;1033.3;92;6.1;0;;;;
000EW;2025-01-15 18:20:00;7.3;1033.4;92;6.1;0;;;;
000EW;2025-01-15 18:30:00;7.3;1033.6;92;6.1;0;;;;
000EW;2025-01-15 18:40:00;7.3;1033.6;92;6.1;0;;;;
000EW;2025-01-15 18:50:00;7.3;1033.8;92;6.1;0;;;;
000EW;2025-01-15 19:00:00;7.3;1033.8;92;6.1;0;;;0;0
000EW;2025-01-15 19:10:00;7.2;1033.8;92;6;0;;;;
000EW;2025-01-15 19:20:00;7.2;1033.9;91;5.8;0;;;;
000EW;2025-01-15 19:30:00;7;1033.8;92;5.8;0;;;;
000EW;2025-01-15 19:40:00;6.9;1033.9;92;5.7;0;;;;
000EW;2025-01-15 19:50:00;6.9;1033.8;92;5.7;0;;;;
000EW;2025-01-15 20:00:00;6.8;1033.8;92;5.6;0;;;0;0
000EW;2025-01-15 20:10:00;6.8;1033.8;92;5.6;0;;;;
000EW;2025-01-15 20:20:00;6.8;1033.8;92;5.6;0;;;;
000EW;2025-01-15 20:30:00;6.8;1033.8;92;5.6;0;;;;
000EW;2025-01-15 20:40:00;6.7;1033.7;92;5.5;0;;;;
000EW;2025-01-15 20:50:00;6.8;1033.7;92;5.6;0;;;;
000EW;2025-01-15 21:00:00;6.7;1033.5;92;5.5;0;;;0;0
000EW;2025-01-15 21:10:00;6.7;1033.7;92;5.5;0;;;;
000EW;2025-01-15 21:20:00;6.7;1033.6;91;5.4;0;;;;
000EW;2025-01-15 21:30:00;6.7;1033.7;91;5.4;0;;;;
000EW;2025-01-15 21:40:00;6.7;1033.6;91;5.4;0;;;;
000EW;2025-01-15 21:50:00;6.7;1033.6;91;5.4;0;;;;
000EW;2025-01-15 22:00:00;6.7;1033.7;91;5.4;0;;;0;0
000EW;2025-01-15 22:10:00;6.7;1033.7;90;5.1;0;;;;
000EW;2025-01-15 22:20:00;6.6;1033.6;91;5.2;0;;;;
000EW;2025-01-15 22:30:00;6.6;1033.6;91;5.2;0;;;;
000EW;2025-01-15 22:40:00;6.6;1033.6;91;5.2;0;;;;
000EW;2025-01-15 22:50:00;6.4;1033.6;91;5.1;0;;;;
000EW;2025-01-15 23:00:00;6.4;1033.5;91;5;0;;;0;0
000EW;2025-01-15 23:10:00;6.4;1033.6;91;5;0;;;;
000EW;2025-01-15 23:20:00;6.3;1033.6;91;5;0;;;;
000EW;2025-01-15 23:30:00;6.2;1033.6;90;4.7;0;;;;
000EW;2025-01-15 23:40:00;5.9;1033.5;90;4.4;0;;;;
000EW;2025-01-15 23:50:00;5.7;1033.6;90;4.2;0;;;;
000EW;2025-01-16 00:00:00;5.4;1033.7;91;4;0;;;0;0
000EW;2025-01-16 00:10:00;5.1;1033.5;91;3.7;0;;;;
000EW;2025-01-16 00:20:00;4.9;1033.5;92;3.7;0;;;;
000EW;2025-01-16 00:30:00;4.9;1033.4;92;3.7;0;;;;
000EW;2025-01-16 00:40:00;4.9;1033.4;93;3.9;0;;;;
000EW;2025-01-16 00:50:00;5;1033.3;93;4;0;;;;
000EW;2025-01-16 01:00:00;5.1;1033.2;93;4;0;;;0;0
000EW;2025-01-16 01:10:00;5.2;1033.2;93;4.1;0;;;;
000EW;2025-01-16 01:20:00;5.2;1033;93;4.2;0;;;;
000EW;2025-01-16 01:30:00;5.3;1033;93;4.2;0;;;;
000EW;2025-01-16 01:40:00;5.3;1032.9;92;4.1;0;;;;
000EW;2025-01-16 01:50:00;5.3;1032.8;92;4.1;0;;;;
000EW;2025-01-16 02:00:00;5.3;1032.8;92;4.1;0;;;0;0
000EW;2025-01-16 02:10:00;5.3;1032.9;92;4.1;0;;;;
000EW;2025-01-16 02:20:00;5.4;1032.9;91;4;0;;;;
000EW;2025-01-16 02:30:00;5.4;1032.9;91;4.1;0;;;;
000EW;2025-01-16 02:40:00;5.5;1032.9;91;4.1;0;;;;
000EW;2025-01-16 02:50:00;5.5;1032.8;91;4.1;0;;;;
000EW;2025-01-16 03:00:00;5.5;1032.8;90;4;0;;;0;0
000EW;2025-01-16 03:10:00;5.4;1032.7;90;3.9;0;;;;
000EW;2025-01-16 03:20:00;5.3;1032.8;90;3.8;0;;;;
000EW;2025-01-16 03:30:00;5.2;1032.9;90;3.7;0;;;;
000EW;2025-01-16 03:40:00;5.2;1032.9;90;3.7;0;;;;
000EW;2025-01-16 03:50:00;5.1;1033;90;3.6;0;;;;
000EW;2025-01-16 04:00:00;4.9;1032.9;90;3.4;0;;;0;0
000EW;2025-01-16 04:10:00;4.8;1033.1;91;3.4;0;;;;
000EW;2025-01-16 04:20:00;4.6;1033.2;91;3.3;0;;;;
000EW;2025-01-16 04:30:00;4.4;1033.3;91;3.1;0;;;;
000EW;2025-01-16 04:40:00;4.3;1033.2;91;2.9;0;;;;
000EW;2025-01-16 04:50:00;4.2;1033.3;91;2.8;0;;;;
000EW;2025-01-16 05:00:00;3.9;1033.4;91;2.6;0;;;0;0
000EW;2025-01-16 05:10:00;3.8;1033.4;92;2.7;0;;;;
000EW;2025-01-16 05:20:00;3.8;1033.3;92;2.7;0;;;;
000EW;2025-01-16 05:30:00;3.8;1033.3;92;2.7;0;;;;
000EW;2025-01-16 05:40:00;3.8;1033.4;92;2.7;0;;;;
000EW;2025-01-16 05:50:00;3.8;1033.3;92;2.6;0;;;;
000EW;2025-01-16 06:00:00;3.8;1033.4;91;2.4;0;;;0;0
000EW;2025-01-16 06:10:00;3.7;1033.4;91;2.4;0;;;;
000EW;2025-01-16 06:20:00;3.7;1033.4;91;2.3;0;;;;
000EW;2025-01-16 06:30:00;3.6;1033.4;91;2.3;0;;;;
000EW;2025-01-16 06:40:00;3.6;1033.4;91;2.3;0;;;;
000EW;2025-01-16 06:50:00;3.7;1033.6;91;2.3;0;;;;
000EW;2025-01-16 07:00:00;3.7;1033.7;91;2.3;0;;;0;0
000EW;2025-01-16 07:10:00;3.8;1033.8;91;2.4;0;;;;
000EW;2025-01-16 07:20:00;3.8;1033.7;91;2.5;0;;;;
000EW;2025-01-16 07:30:00;3.9;1033.9;91;2.6;0;;;;
000EW;2025-01-16 07:40:00;3.9;1034;90;2.5;0;;;;
000EW;2025-01-16 07:50:00;3.9;1034.1;90;2.5;0;;;;
000EW;2025-01-16 08:00:00;3.8;1034.1;90;2.3;0;;;0;0
000EW;2025-01-16 08:10:00;3.8;1034.1;90;2.3;0;;;;
000EW;2025-01-16 08:20:00;3.8;1034.2;90;2.3;0;;;;
000EW;2025-01-16 08:30:00;3.8;1034.2;90;2.3;0;;;;
000EW;2025-01-16 08:40:00;3.9;1034.3;90;2.4;0;;;;
000EW;2025-01-16 08:50:00;4;1034.2;90;2.5;0;;;;
000EW;2025-01-16 09:00:00;4.2;1034.4;89;2.5;0;;;0.2;0.2
000EW;2025-01-16 09:10:00;4.4;1034.3;89;2.7;0;;;;
000EW;2025-01-16 09:20:00;4.6;1034.3;88;2.7;0.8;;0;;
000EW;2025-01-16 09:30:00;4.7;1034.3;88;2.9;0;;;;
000EW;2025-01-16 09:40:00;4.8;1034.5;87;2.9;0;;;;
000EW;2025-01-16 09:50:00;4.8;1034.5;87;2.9;0;;;;
000EW;2025-01-16 10:00:00;5;1034.4;87;3;0;;;0;0
000EW;2025-01-16 10:10:00;5.1;1034.3;86;2.9;0;;;;
000EW;2025-01-16 10:20:00;5.1;1034.6;86;2.9;0;;;;
000EW;2025-01-16 10:30:00;5.1;1034.5;86;2.9;0;;;;
000EW;2025-01-16 10:40:00;5.2;1034.6;86;3;0;;;;
000EW;2025-01-16 10:50:00;5.1;1034.4;85;2.8;0;;;;
000EW;2025-01-16 11:00:00;5.1;1034.3;85;2.8;0;;;0;0
000EW;2025-01-16 11:10:00;5.2;1034.3;85;2.9;0;;;;
000EW;2025-01-16 11:20:00;5.2;1034.3;85;2.9;0;;;;
000EW;2025-01-16 11:30:00;5.3;1034.1;85;3;0;;;;
000EW;2025-01-16 11:40:00;5.4;1034.1;85;3.1;0;;;;
000EW;2025-01-16 11:50:00;5.3;1033.9;84;2.8;0;;;;
000EW;2025-01-16 12:00:00;5.2;1034.1;84;2.7;0;;;0;0
000EW;2025-01-16 12:10:00;5.3;1034.1;85;3;0;;;;
000EW;2025-01-16 12:20:00;5.3;1034;85;3;0;;;;
000EW;2025-01-16 12:30:00;5.3;1034;84;2.8;0;;;;
000EW;2025-01-16 12:40:00;5.3;1034;84;2.9;0;;;;
000EW;2025-01-16 12:50:00;5.3;1034;84;2.8;0;;;;
000EW;2025-01-16 13:00:00;5.3;1034.1;84;2.9;0;;;0;0
000EW;2025-01-16 13:10:00;5.1;1034;83;2.5;0.8;;135;;
000EW;2025-01-16 13:20:00;5.2;1033.9;83;2.5;0;;;;
000EW;2025-01-16 13:30:00;5.3;1033.8;83;2.6;0;;;;
000EW;2025-01-16 13:40:00;5.4;1033.8;83;2.7;0;;;;
000EW;2025-01-16 13:50:00;5.3;1033.8;83;2.6;0;;;;
000EW;2025-01-16 14:00:00;5.3;1034;83;2.6;0;;;0;0
000EW;2025-01-16 14:10:00;5.1;1034;82;2.3;0;;;;
000EW;2025-01-16 14:20:00;5.1;1033.9;82;2.2;0;;;;
000EW;2025-01-16 14:30:00;5.1;1033.9;83;2.4;0;;;;
000EW;2025-01-16 14:40:00;5.1;1034;82;2.2;0;;;;
000EW;2025-01-16 14:50:00;5.1;1034;82;2.3;0;;;;
000EW;2025-01-16 15:00:00;5.1;1033.9;82;2.3;0;;;0;0
000EW;2025-01-16 15:10:00;5;1034;82;2.2;0;;;;
000EW;2025-01-16 15:20:00;5;1034;82;2.2;0;;;;
000EW;2025-01-16 15:30:00;5;1034;82;2.2;0;;;;
000EW;2025-01-16 15:40:00;4.9;1034.1;82;2.1;0;;;;
000EW;2025-01-16 15:50:00;4.9;1034.1;82;2.1;0;;;;
000EW;2025-01-16 16:00:00;4.9;1034;82;2.1;0;;;0;0
000EW;2025-01-16 16:10:00;4.9;1034;82;2.1;0;;;;
000EW;2025-01-16 16:20:00;4.9;1034.2;82;2.1;0;;;;
000EW;2025-01-16 16:30:00;4.9;1034.2;81;1.9;0;;;;
000EW;2025-01-16 16:40:00;4.8;1034.2;81;1.9;0.8;;158;;
000EW;2025-01-16 16:50:00;4.9;1034.2;81;1.9;0;;;;
000EW;2025-01-16 17:00:00;4.9;1034.3;81;2;0;;;0;0
000EW;2025-01-16 17:10:00;4.9;1034.4;81;2;0;;;;
000EW;2025-01-16 17:20:00;4.9;1034.5;81;1.9;0;;;;
000EW;2025-01-16 17:30:00;4.9;1034.6;81;1.9;0;;;;
000EW;2025-01-16 17:40:00;4.8;1034.7;81;1.9;0;;;;
000EW;2025-01-16 17:50:00;4.9;1034.8;81;2;0;;;;
000EW;2025-01-16 18:00:00;5;1034.9;80;1.8;0;;;0;0
000EW;2025-01-16 18:10:00;5;1034.8;80;1.8;0;;;;
000EW;2025-01-16 18:20:00;5.1;1034.8;80;1.9;0;;;;
000EW;2025-01-16 18:30:00;5.1;1035;80;1.9;0;;;;
000EW;2025-01-16 18:40:00;5.2;1035;79;1.8;0;;;;
000EW;2025-01-16 18:50:00;5.2;1035;79;1.9;0;;;;
000EW;2025-01-16 19:00:00;5.2;1035.2;79;1.8;0;;;0;0
000EW;2025-01-16 19:10:00;5.2;1035.2;79;1.8;0;;;;
000EW;2025-01-16 19:20:00;5.2;1035.2;79;1.8;0;;;;
000EW;2025-01-16 19:30:00;5.2;1035.3;79;1.9;0;;;;
000EW;2025-01-16 19:40:00;5.3;1035.4;79;1.9;0;;;;
000EW;2025-01-16 19:50:00;5.3;1035.4;79;2;0;;;;
000EW;2025-01-16 20:00:00;5.3;1035.4;79;2;0;;;0;0
000EW;2025-01-16 20:10:00;5.3;1035.4;78;1.8;0;;;;
000EW;2025-01-16 20:20:00;5.4;1035.5;79;2;0;;;;
000EW;2025-01-16 20:30:00;5.4;1035.4;79;2;0;;;;
000EW;2025-01-16 20:40:00;5.3;1035.4;78;1.8;0;;;;
000EW;2025-01-16 20:50:00;5.3;1035.3;79;1.9;0;;;;
000EW;2025-01-16 21:00:00;5.3;1035.4;79;2;0;;;0;0
000EW;2025-01-16 21:10:00;5.3;1035.4;79;2;0;;;;
000EW;2025-01-16 21:20:00;5.3;1035.4;79;1.9;0;;;;
000EW;2025-01-16 21:30:00;5.3;1035.3;79;1.9;0;;;;
000EW;2025-01-16 21:40:00;5.3;1035.4;79;1.9;0;;;;
000EW;2025-01-16 21:50:00;5.3;1035.4;79;1.9;0;;;;
000EW;2025-01-16 22:00:00;5.3;1035.4;78;1.8;0;;;0;0
000EW;2025-01-16 22:10:00;5.3;1035.5;79;1.9;0;;;;
000EW;2025-01-16 22:20:00;5.3;1035.6;79;2;0;;;;
000EW;2025-01-16 22:30:00;5.3;1035.6;78;1.8;0;;;;
000EW;2025-01-16 22:40:00;5.3;1035.5;79;1.9;0;;;;
000EW;2025-01-16 22:50:00;5.2;1035.5;79;1.9;0;;;;
000EW;2025-01-16 23:00:00;5.2;1035.6;79;1.8;0;;;0;0
000EW;2025-01-16 23:10:00;5.2;1035.6;79;1.8;0;;;;
000EW;2025-01-16 23:20:00;5.2;1035.5;79;1.8;0;;;;
000EW;2025-01-16 23:30:00;5.2;1035.5;80;2;0;;;;
000EW;2025-01-16 23:40:00;5.1;1035.4;80;1.9;0;;;;
000EW;2025-01-16 23:50:00;5.1;1035.4;80;1.9;0;;;;
000EW;2025-01-17 00:00:00;5;1035.4;81;2;0;;;0;0
000EW;2025-01-17 00:10:00;4.9;1035.4;81;1.9;0;;;;
000EW;2025-01-17 00:20:00;4.7;1035.4;82;1.9;0;;;;
000EW;2025-01-17 00:30:00;4.4;1035.4;83;1.8;0;;;;
000EW;2025-01-17 00:40:00;4.3;1035.3;84;1.8;0;;;;
000EW;2025-01-17 00:50:00;4.1;1035.2;84;1.7;0;;;;
000EW;2025-01-17 01:00:00;4;1035.3;85;1.7;0;;;0;0
000EW;2025-01-17 01:10:00;3.9;1035.3;85;1.6;0;;;;
000EW;2025-01-17 01:20:00;3.8;1035.2;86;1.7;0;;;;
000EW;2025-01-17 01:30:00;3.7;1035;86;1.5;0;;;;
000EW;2025-01-17 01:40:00;3.6;1035;86;1.5;0;;;;
000EW;2025-01-17 01:50:00;3.5;1035.2;87;1.5;0;;;;
000EW;2025-01-17 02:00:00;3.4;1035.2;87;1.5;0;;;0;0
000EW;2025-01-17 02:10:00;3.3;1035.2;87;1.4;0;;;;
000EW;2025-01-17 02:20:00;3.3;1035.1;87;1.3;0;;;;
000EW;2025-01-17 02:30:00;3.2;1035;88;1.4;0;;;;
000EW;2025-01-17 02:40:00;3.1;1035;88;1.3;0;;;;
000EW;2025-01-17 02:50:00;3.1;1035.1;88;1.3;0;;;;
000EW;2025-01-17 03:00:00;2.9;1035.1;88;1.2;0;;;0;0
000EW;2025-01-17 03:10:00;2.9;1035.1;88;1.1;0;;;;
000EW;2025-01-17 03:20:00;2.8;1035.2;89;1.2;0;;;;
000EW;2025-01-17 03:30:00;2.8;1035.3;89;1.2;0;;;;
000EW;2025-01-17 03:40:00;2.8;1035.2;89;1.2;0;;;;
000EW;2025-01-17 03:50:00;2.8;1035.2;89;1.1;0;;;;
000EW;2025-01-17 04:00:00;2.8;1035.3;89;1.1;0;;;0;0
000EW;2025-01-17 04:10:00;2.7;1035.3;89;1;0;;;;
000EW;2025-01-17 04:20:00;2.6;1035.4;89;1;0;;;;
000EW;2025-01-17 04:30:00;2.6;1035.5;89;0.9;0;;;;
000EW;2025-01-17 04:40:00;2.5;1035.5;90;1;0;;;;
000EW;2025-01-17 04:50:00;2.4;1035.6;90;1;0;;;;
000EW;2025-01-17 05:00:00;2.4;1035.5;90;0.9;0;;;0;0
000EW;2025-01-17 05:10:00;2.3;1035.4;90;0.9;0;;;;
000EW;2025-01-17 05:20:00;2.2;1035.4;90;0.8;0;;;;
000EW;2025-01-17 05:30:00;2.2;1035.4;90;0.7;0;;;;
000EW;2025-01-17 05:40:00;2.1;1035.3;90;0.6;0;;;;
000EW;2025-01-17 05:50:00;2;1035.3;90;0.5;0;;;;
000EW;2025-01-17 06:00:00;1.8;1035.3;90;0.4;0;;;0;0
000EW;2025-01-17 06:10:00;1.7;1035.5;91;0.4;0;;;;
000EW;2025-01-17 06:20:00;1.3;1035.5;91;0;0;;;;
000EW;2025-01-17 06:30:00;1.2;1035.5;91;-0.1;0;;;;
000EW;2025-01-17 06:40:00;1.1;1035.6;92;-0.1;0;;;;
000EW;2025-01-17 06:50:00;1;1035.6;92;-0.2;0;;;;
000EW;2025-01-17 07:00:00;0.9;1035.6;92;-0.3;0;;;0;0
000EW;2025-01-17 07:10:00;0.8;1035.7;92;-0.4;0;;;;
000EW;2025-01-17 07:20:00;0.7;1035.7;93;-0.3;0;;;;
000EW;2025-01-17 07:30:00;0.7;1036;93;-0.3;0;;;;
000EW;2025-01-17 07:40:00;0.6;1036;93;-0.4;0;;;;
000EW;2025-01-17 07:50:00;0.7;1036;93;-0.3;0;;;;
000EW;2025-01-17 08:00:00;0.6;1036.1;93;-0.4;0;;;0;0
000EW;2025-01-17 08:10:00;0.6;1036.2;93;-0.4;0;;;;
000EW;2025-01-17 08:20:00;0.6;1036.1;93;-0.4;0;;;;
000EW;2025-01-17 08:30:00;0.7;1036.1;94;-0.1;0;;;;
000EW;2025-01-17 08:40:00;0.7;1036.1;94;-0.2;0;;;;
000EW;2025-01-17 08:50:00;0.7;1036.3;94;-0.1;0;;;;
000EW;2025-01-17 09:00:00;0.7;1036.4;94;-0.1;0;;;0;0
000EW;2025-01-17 09:10:00;0.6;1036.3;94;-0.3;0;;;;
000EW;2025-01-17 09:20:00;0.6;1036.4;94;-0.2;0;;;;
000EW;2025-01-17 09:30:00;0.4;1036.4;94;-0.4;0;;;;
000EW;2025-01-17 09:40:00;0.6;1036.3;94;-0.3;0;;;;
000EW;2025-01-17 09:50:00;0.3;1036.3;94;-0.5;0;;;;
000EW;2025-01-17 10:00:00;0.2;1036.4;94;-0.7;0;;;0;0
000EW;2025-01-17 10:10:00;0.3;1036.5;94;-0.6;0;;;;
000EW;2025-01-17 10:20:00;0.4;1036.4;94;-0.5;0;;;;
000EW;2025-01-17 10:30:00;0.4;1036.4;94;-0.4;0;;;;
000EW;2025-01-17 10:40:00;0.4;1036.4;94;-0.4;0;;;;
000EW;2025-01-17 10:50:00;0.6;1036.4;94;-0.2;0;;;;
000EW;2025-01-17 11:00:00;0.7;1036.3;94;-0.2;0;;;0;0
000EW;2025-01-17 11:10:00;0.8;1036.2;94;-0.1;0;;;;
000EW;2025-01-17 11:20:00;0.9;1036.2;94;0;0;;;;
000EW;2025-01-17 11:30:00;1;1036;94;0.1;0;;;;
000EW;2025-01-17 11:40:00;1;1036;94;0.1;0;;;;
000EW;2025-01-17 11:50:00;1.1;1035.9;94;0.3;0;;;;
000EW;2025-01-17 12:00:00;1.2;1035.9;94;0.4;0;;;0;0
000EW;2025-01-17 12:10:00;1.2;1035.7;94;0.4;0;;;;
000EW;2025-01-17 12:20:00;1.4;1035.6;94;0.5;0;;;;
000EW;2025-01-17 12:30:00;1.4;1035.7;94;0.6;0;;;;
000EW;2025-01-17 12:40:00;1.4;1035.6;94;0.6;0;;;;
000EW;2025-01-17 12:50:00;1.3;1035.5;93;0.3;0;;;;
000EW;2025-01-17 13:00:00;1.3;1035.4;93;0.3;0;;;0;0
000EW;2025-01-17 13:10:00;1.4;1035.2;93;0.4;0;;;;
000EW;2025-01-17 13:20:00;1.3;1035.1;93;0.3;0;;;;
000EW;2025-01-17 13:30:00;1.4;1035.2;93;0.4;0;;;;
000EW;2025-01-17 13:40:00;1.4;1035.1;93;0.4;0;;;;
000EW;2025-01-17 13:50:00;1.5;1035.1;92;0.3;0;;;;
000EW;2025-01-17 14:00:00;1.4;1035;92;0.3;0;;;0;0
000EW;2025-01-17 14:10:00;1.4;1035;92;0.2;0;;;;
000EW;2025-01-17 14:20:00;1.3;1034.9;92;0.2;0;;;;
000EW;2025-01-17 14:30:00;1.2;1034.8;92;0.1;0;;;;
000EW;2025-01-17 14:40:00;1.2;1034.9;92;0.1;0;;;;
000EW;2025-01-17 14:50:00;1.1;1035;92;-0.1;0;;;;
000EW;2025-01-17 15:00:00;0.9;1034.9;92;-0.2;0;;;0;0
000EW;2025-01-17 15:10:00;0.8;1034.9;92;-0.3;0;;;;
000EW;2025-01-17 15:20:00;0.8;1034.8;92;-0.4;0;;;;
000EW;2025-01-17 15:30:00;0.7;1034.8;92;-0.4;0;;;;
000EW;2025-01-17 15:40:00;0.7;1034.9;92;-0.4;0;;;;
000EW;2025-01-17 15:50:00;0.7;1034.9;92;-0.5;0;;;;
000EW;2025-01-17 16:00:00;0.6;1034.9;92;-0.6;0;;;0;0
000EW;2025-01-17 16:10:00;0.5;1034.8;92;-0.6;0;;;;
000EW;2025-01-17 16:20:00;0.5;1034.8;92;-0.6;0;;;;
000EW;2025-01-17 16:30:00;0.4;1034.8;92;-0.7;0;;;;
000EW;2025-01-17 16:40:00;0.3;1034.9;93;-0.7;0;;;;
000EW;2025-01-17 16:50:00;0.3;1034.9;93;-0.7;0;;;;
000EW;2025-01-17 17:00:00;0.3;1034.9;93;-0.7;0;;;0;0
000EW;2025-01-17 17:10:00;0.3;1034.9;93;-0.7;0;;;;
000EW;2025-01-17 17:20:00;0.4;1034.9;93;-0.6;0;;;;
000EW;2025-01-17 17:30:00;0.4;1034.9;93;-0.6;0;;;;
000EW;2025-01-17 17:40:00;0.3;1034.9;93;-0.7;1.6;;23;;
000EW;2025-01-17 17:50:00;0.4;1034.9;93;-0.6;0;;;;
000EW;2025-01-17 18:00:00;0.5;1034.8;93;-0.5;0;;;0;0
000EW;2025-01-17 18:10:00;0.5;1034.9;93;-0.5;0;;;;
000EW;2025-01-17 18:20:00;0.4;1034.8;93;-0.6;0;;;;
000EW;2025-01-17 18:30:00;0.5;1034.7;93;-0.5;0;;;;
000EW;2025-01-17 18:40:00;0.4;1034.6;93;-0.6;0;;;;
000EW;2025-01-17 18:50:00;0.4;1034.6;93;-0.6;0;;;;
000EW;2025-01-17 19:00:00;0.5;1034.5;93;-0.5;0;;;0;0
000EW;2025-01-17 19:10:00;0.4;1034.5;93;-0.6;0;;;;
000EW;2025-01-17 19:20:00;0.4;1034.5;94;-0.4;0;;;;
000EW;2025-01-17 19:30:00;0.4;1034.5;94;-0.4;0;;;;
000EW;2025-01-17 19:40:00;0.3;1034.5;94;-0.6;0;;;;
000EW;2025-01-17 19:50:00;0.3;1034.6;94;-0.6;0;;;;
000EW;2025-01-17 20:00:00;0.3;1034.4;94;-0.6;0;;;0;0
000EW;2025-01-17 20:10:00;0.3;1034.3;94;-0.5;0;;;;
000EW;2025-01-17 20:20:00;0.4;1034.4;94;-0.5;0;;;;
000EW;2025-01-17 20:30:00;0.3;1034.3;94;-0.6;0;;;;
000EW;2025-01-17 20:40:00;0.2;1034.2;94;-0.6;0;;;;
000EW;2025-01-17 20:50:00;0.2;1034.2;94;-0.6;0;;;;
000EW;2025-01-17 21:00:00;0.2;1034.2;94;-0.7;0;;;0;0
000EW;2025-01-17 21:10:00;0.2;1034.1;94;-0.7;0;;;;
000EW;2025-01-17 21:20:00;0.2;1034;94;-0.6;0;;;;
000EW;2025-01-17 21:30:00;0.2;1034;94;-0.7;0;;;;
000EW;2025-01-17 21:40:00;0.1;1034.1;94;-0.7;0;;;;
000EW;2025-01-17 21:50:00;0.2;1034.1;94;-0.7;0;;;;
000EW;2025-01-17 22:00:00;0.2;1034;94;-0.7;0;;;0;0
000EW;2025-01-17 22:10:00;0.1;1033.9;94;-0.8;0;;;;
000EW;2025-01-17 22:20:00;0.1;1033.9;94;-0.8;0;;;;
000EW;2025-01-17 22:30:00;0;1033.7;94;-0.8;0;;;;
000EW;2025-01-17 22:40:00;0.1;1033.6;94;-0.7;0;;;;
000EW;2025-01-17 22:50:00;0.2;1033.5;94;-0.7;0;;;;
000EW;2025-01-17 23:00:00;0.2;1033.6;94;-0.6;0;;;0;0
000EW;2025-01-17 23:10:00;0.2;1033.6;94;-0.6;0;;;;
000EW;2025-01-17 23:20:00;0.2;1033.6;94;-0.6;0;;;;
000EW;2025-01-17 23:30:00;0.3;1033.5;94;-0.6;0;;;;
000EW;2025-01-17 23:40:00;0.2;1033.5;94;-0.6;0;;;;
000EW;2025-01-17 23:50:00;0.2;1033.3;94;-0.7;0;;;;
000EW;2025-01-18 00:00:00;0.1;1033.4;94;-0.7;0;;;0;0
000EW;2025-01-18 00:10:00;0.1;1033.4;94;-0.7;0;;;;
000EW;2025-01-18 00:20:00;0.1;1033;94;-0.8;0;;;;
000EW;2025-01-18 00:30:00;0.1;1032.9;94;-0.7;0;;;;
000EW;2025-01-18 00:40:00;0.1;1032.8;94;-0.8;0;;;;
000EW;2025-01-18 00:50:00;0.1;1032.6;94;-0.8;0;;;;
000EW;2025-01-18 01:00:00;0.1;1032.5;94;-0.7;0;;;0;0
000EW;2025-01-18 01:10:00;0.2;1032.4;94;-0.7;0;;;;
000EW;2025-01-18 01:20:00;0.1;1032.2;94;-0.7;0;;;;
000EW;2025-01-18 01:30:00;0.2;1032.1;94;-0.7;0;;;;
000EW;2025-01-18 01:40:00;0.2;1032.2;94;-0.6;0;;;;
000EW;2025-01-18 01:50:00;0.3;1032.2;94;-0.6;0;;;;
000EW;2025-01-18 02:00:00;0.3;1032.2;94;-0.6;0;;;0;0
000EW;2025-01-18 02:10:00;0.4;1032.1;94;-0.5;0;;;;
000EW;2025-01-18 02:20:00;0.4;1032.1;93;-0.6;0;;;;
000EW;2025-01-18 02:30:00;0.4;1032;93;-0.6;0;;;;
000EW;2025-01-18 02:40:00;0.5;1031.8;93;-0.5;0;;;;
000EW;2025-01-18 02:50:00;0.5;1031.7;93;-0.5;0;;;;
000EW;2025-01-18 03:00:00;0.6;1031.6;93;-0.4;0;;;0;0
000EW;2025-01-18 03:10:00;0.7;1031.6;93;-0.3;0;;;;
000EW;2025-01-18 03:20:00;0.7;1031.5;93;-0.3;0;;;;
000EW;2025-01-18 03:30:00;0.7;1031.4;93;-0.3;0;;;;
000EW;2025-01-18 03:40:00;0.7;1031.2;93;-0.3;0;;;;
000EW;2025-01-18 03:50:00;0.8;1031;93;-0.2;0;;;;
000EW;2025-01-18 04:00:00;0.8;1030.9;93;-0.2;0;;;0;0
000EW;2025-01-18 04:10:00;0.8;1031;93;-0.2;0;;;;
000EW;2025-01-18 04:20:00;0.8;1030.9;93;-0.2;0;;;;
000EW;2025-01-18 04:30:00;0.8;1030.8;93;-0.2;0;;;;
000EW;2025-01-18 04:40:00;0.8;1030.8;93;-0.2;0;;;;
000EW;2025-01-18 04:50:00;0.9;1030.7;93;-0.1;0;;;;
000EW;2025-01-18 05:00:00;0.9;1030.7;92;-0.2;0;;;0;0
000EW;2025-01-18 05:10:00;1;1030.6;92;-0.2;0;;;;
000EW;2025-01-18 05:20:00;1;1030.4;92;-0.2;0;;;;
000EW;2025-01-18 05:30:00;1.1;1030.5;92;-0.1;0;;;;
000EW;2025-01-18 05:40:00;1.1;1030.4;92;-0.1;0;;;;
000EW;2025-01-18 05:50:00;1.1;1030.3;92;-0;0;;;;
000EW;2025-01-18 06:00:00;1.2;1030.2;92;0;0;;;0;0
000EW;2025-01-18 06:10:00;1.1;1030.2;92;-0;0;;;;
000EW;2025-01-18 06:20:00;1.1;1030.1;92;-0;0;;;;
000EW;2025-01-18 06:30:00;1.2;1030;91;-0.1;0;;;;
000EW;2025-01-18 06:40:00;1.2;1030;91;-0.1;0.8;;0;;
000EW;2025-01-18 06:50:00;1.2;1029.8;90;-0.2;0.8;;0;;
000EW;2025-01-18 07:00:00;1.3;1029.9;90;-0.2;0;;;0;0
000EW;2025-01-18 07:10:00;1.3;1029.9;89;-0.3;0;;;;
000EW;2025-01-18 07:20:00;1.3;1029.8;89;-0.3;0;;;;
000EW;2025-01-18 07:30:00;1.3;1029.7;89;-0.3;0;;;;
000EW;2025-01-18 07:40:00;1.3;1029.8;89;-0.3;0;;;;
000EW;2025-01-18 07:50:00;1.3;1029.9;89;-0.3;0;;;;
000EW;2025-01-18 08:00:00;1.4;1029.7;89;-0.2;0;;;0;0
000EW;2025-01-18 08:10:00;1.4;1029.7;88;-0.4;0;;;;
000EW;2025-01-18 08:20:00;1.4;1029.6;88;-0.3;0;;;;
000EW;2025-01-18 08:30:00;1.4;1029.6;88;-0.3;0;;;;
000EW;2025-01-18 08:40:00;1.5;1029.6;88;-0.3;0;;;;
000EW;2025-01-18 08:50:00;1.4;1029.6;88;-0.3;0;;;;
000EW;2025-01-18 09:00:00;1.4;1029.6;87;-0.5;0.8;;135;0;0
000EW;2025-01-18 09:10:00;1.5;1029.6;88;-0.3;0;;;;
000EW;2025-01-18 09:20:00;1.6;1029.5;87;-0.4;0;;;;
000EW;2025-01-18 09:30:00;1.5;1029.7;87;-0.4;0;;;;
000EW;2025-01-18 09:40:00;1.5;1029.5;87;-0.4;0;;;;
000EW;2025-01-18 09:50:00;1.6;1029.5;87;-0.3;0;;;;
000EW;2025-01-18 10:00:00;1.7;1029.6;86;-0.4;0;;;0;0
000EW;2025-01-18 10:10:00;1.7;1029.6;86;-0.4;0;;;;
000EW;2025-01-18 10:20:00;1.8;1029.6;86;-0.3;0;;;;
000EW;2025-01-18 10:30:00;1.8;1029.5;86;-0.3;0;;;;
000EW;2025-01-18 10:40:00;1.9;1029.5;86;-0.2;0;;;;
000EW;2025-01-18 10:50:00;1.9;1029.5;85;-0.4;0;;;;
000EW;2025-01-18 11:00:00;2;1029.4;85;-0.3;0;;;0;0
000EW;2025-01-18 11:10:00;2.1;1029.2;85;-0.2;0;;;;
000EW;2025-01-18 11:20:00;2.1;1029.1;85;-0.2;0;;;;
000EW;2025-01-18 11:30:00;2.1;1029;84;-0.3;0;;;;
000EW;2025-01-18 11:40:00;2.1;1028.9;84;-0.4;0;;;;
000EW;2025-01-18 11:50:00;2;1028.8;85;-0.3;0;;;;
000EW;2025-01-18 12:00:00;2;1028.5;85;-0.3;0;;;0;0
000EW;2025-01-18 12:10:00;2.1;1028.3;85;-0.2;0;;;;
000EW;2025-01-18 12:20:00;2.1;1028.3;84;-0.4;0;;;;
000EW;2025-01-18 12:30:00;2;1028.2;85;-0.3;0;;;;
000EW;2025-01-18 12:40:00;2.1;1028.1;85;-0.2;0.8;;135;;
000EW;2025-01-18 12:50:00;2.1;1027.9;85;-0.1;0;;;;
000EW;2025-01-18 13:00:00;2.1;1027.7;84;-0.3;0;;;0;0
000EW;2025-01-18 13:10:00;2.1;1027.7;84;-0.3;0;;;;
000EW;2025-01-18 13:20:00;2.1;1027.4;84;-0.3;0;;;;
000EW;2025-01-18 13:30:00;2.2;1027.4;83;-0.4;0;;;;
000EW;2025-01-18 13:40:00;2.2;1027.2;83;-0.4;0;;;;
000EW;2025-01-18 13:50:00;2.2;1027;83;-0.4;0;;;;
000EW;2025-01-18 14:00:00;2.3;1026.9;82;-0.5;0;;;0;0
000EW;2025-01-18 14:10:00;2.3;1026.9;82;-0.4;0;;;;
000EW;2025-01-18 14:20:00;2.4;1026.8;82;-0.3;0;;;;
000EW;2025-01-18 14:30:00;2.5;1026.8;82;-0.3;0;;;;
000EW;2025-01-18 14:40:00;2.5;1026.8;81;-0.4;0;;;;
000EW;2025-01-18 14:50:00;2.4;1026.8;81;-0.5;0;;;;
000EW;2025-01-18 15:00:00;2.3;1026.8;81;-0.6;0;;;0;0
000EW;2025-01-18 15:10:00;2.4;1026.8;82;-0.4;0;;;;
000EW;2025-01-18 15:20:00;2.4;1026.7;82;-0.4;0;;;;
000EW;2025-01-18 15:30:00;2.4;1026.8;81;-0.5;0;;;;
000EW;2025-01-18 15:40:00;2.3;1026.9;81;-0.6;0;;;;
000EW;2025-01-18 15:50:00;2.3;1026.8;81;-0.6;0.8;;158;;
000EW;2025-01-18 16:00:00;2.3;1026.7;81;-0.6;0;;;0;0
000EW;2025-01-18 16:10:00;2.3;1026.6;81;-0.6;0;;;;
000EW;2025-01-18 16:20:00;2.3;1026.6;81;-0.6;0;;;;
000EW;2025-01-18 16:30:00;2.2;1026.5;81;-0.8;0;;;;
000EW;2025-01-18 16:40:00;2.1;1026.6;81;-0.8;0;;;;
000EW;2025-01-18 16:50:00;2.1;1026.6;81;-0.9;0;;;;
000EW;2025-01-18 17:00:00;2;1026.6;82;-0.7;0.8;;158;0;0
000EW;2025-01-18 17:10:00;2.1;1026.6;82;-0.7;0;;;;
000EW;2025-01-18 17:20:00;2.1;1026.7;82;-0.7;0;;;;
000EW;2025-01-18 17:30:00;2.1;1026.7;82;-0.7;0;;;;
000EW;2025-01-18 17:40:00;2.1;1026.7;82;-0.7;0;;;;
000EW;2025-01-18 17:50:00;2.1;1026.8;82;-0.7;0;;;;
000EW;2025-01-18 18:00:00;2.1;1026.8;82;-0.7;0;;;0;0
000EW;2025-01-18 18:10:00;2.1;1026.7;82;-0.7;0;;;;
000EW;2025-01-18 18:20:00;2;1026.7;82;-0.7;0;;;;
000EW;2025-01-18 18:30:00;1.9;1026.6;82;-0.8;0;;;;
000EW;2025-01-18 18:40:00;1.9;1026.7;83;-0.6;0.8;;135;;
000EW;2025-01-18 18:50:00;1.9;1026.5;83;-0.6;0;;;;
000EW;2025-01-18 19:00:00;1.9;1026.5;83;-0.6;0;;;0;0
000EW;2025-01-18 19:10:00;1.9;1026.5;83;-0.7;0;;;;
000EW;2025-01-18 19:20:00;1.8;1026.5;83;-0.8;0;;;;
000EW;2025-01-18 19:30:00;1.8;1026.5;83;-0.8;0;;;;
000EW;2025-01-18 19:40:00;1.8;1026.4;83;-0.8;0;;;;
000EW;2025-01-18 19:50:00;1.7;1026.3;84;-0.7;0;;;;
000EW;2025-01-18 20:00:00;1.6;1026.3;84;-0.8;0;;;0;0
000EW;2025-01-18 20:10:00;1.6;1026.2;84;-0.9;0.8;;180;;
000EW;2025-01-18 20:20:00;1.6;1026.1;84;-0.9;0;;;;
000EW;2025-01-18 20:30:00;1.6;1026.1;84;-0.8;0;;;;
000EW;2025-01-18 20:40:00;1.6;1026;84;-0.8;0;;;;
000EW;2025-01-18 20:50:00;1.6;1025.9;84;-0.8;0.8;;158;;
000EW;2025-01-18 21:00:00;1.6;1025.8;84;-0.9;0;;;0;0
000EW;2025-01-18 21:10:00;1.5;1025.8;84;-0.9;0;;;;
000EW;2025-01-18 21:20:00;1.4;1025.7;84;-1;0;;;;
000EW;2025-01-18 21:30:00;1.4;1025.6;85;-0.9;0;;;;
000EW;2025-01-18 21:40:00;1.3;1025.6;85;-0.9;0;;;;
000EW;2025-01-18 21:50:00;1.3;1025.6;85;-1;0;;;;
000EW;2025-01-18 22:00:00;1.2;1025.5;85;-1;0;;;0;0
000EW;2025-01-18 22:10:00;1.2;1025.4;85;-1.1;0;;;;
000EW;2025-01-18 22:20:00;1.2;1025.3;85;-1.1;0;;;;
000EW;2025-01-18 22:30:00;1.2;1025.2;85;-1.1;0;;;;
000EW;2025-01-18 22:40:00;1.2;1025.4;85;-1.1;0;;;;
000EW;2025-01-18 22:50:00;1.2;1025.3;86;-0.9;0;;;;
000EW;2025-01-18 23:00:00;1.2;1025.3;85;-1.1;0;;;0;0
000EW;2025-01-18 23:10:00;1.2;1025.3;86;-0.9;0;;;;
000EW;2025-01-18 23:20:00;1.3;1025.1;86;-0.8;0;;;;
000EW;2025-01-18 23:30:00;1.3;1025;86;-0.8;0;;;;
000EW;2025-01-18 23:40:00;1.3;1024.9;86;-0.8;0;;;;
000EW;2025-01-18 23:50:00;1.3;1024.9;86;-0.8;0;;;;
000EW;2025-01-19 00:00:00;1.2;1024.9;86;-0.9;0;;;0;0
000EW;2025-01-19 00:10:00;1.2;1024.9;86;-0.9;0;;;;
000EW;2025-01-19 00:20:00;1.2;1024.7;86;-0.9;0;;;;
000EW;2025-01-19 00:30:00;1.2;1024.6;86;-0.9;0;;;;
000EW;2025-01-19 00:40:00;1.2;1024.5;86;-0.9;0;;;;
000EW;2025-01-19 00:50:00;1.2;1024.5;86;-0.9;0;;;;
000EW;2025-01-19 01:00:00;1.2;1024.4;86;-0.9;0;;;0;0
000EW;2025-01-19 01:10:00;1.2;1024.3;86;-0.9;0;;;;
000EW;2025-01-19 01:20:00;1.2;1024.3;86;-0.9;0;;;;
000EW;2025-01-19 01:30:00;1.2;1024.2;86;-0.9;0;;;;
000EW;2025-01-19 01:40:00;1.2;1024.2;86;-0.9;0;;;;
000EW;2025-01-19 01:50:00;1.3;1024.2;86;-0.8;0;;;;
000EW;2025-01-19 02:00:00;1.3;1024.2;86;-0.8;0;;;0;0
000EW;2025-01-19 02:10:00;1.3;1024.2;86;-0.8;0;;;;
000EW;2025-01-19 02:20:00;1.3;1024;86;-0.8;0;;;;
000EW;2025-01-19 02:30:00;1.3;1023.9;86;-0.8;0;;;;
000EW;2025-01-19 02:40:00;1.3;1023.9;86;-0.8;0;;;;
000EW;2025-01-19 02:50:00;1.3;1023.8;86;-0.8;0;;;;
000EW;2025-01-19 03:00:00;1.3;1023.5;86;-0.8;0;;;0;0
000EW;2025-01-19 03:10:00;1.2;1023.6;86;-0.9;0;;;;
000EW;2025-01-19 03:20:00;1.2;1023.6;87;-0.7;0;;;;
000EW;2025-01-19 03:30:00;1.2;1023.5;87;-0.7;0;;;;
000EW;2025-01-19 03:40:00;1.2;1023.5;87;-0.7;0;;;;
000EW;2025-01-19 03:50:00;1.2;1023.6;87;-0.7;0;;;;
000EW;2025-01-19 04:00:00;1.3;1023.3;87;-0.6;0;;;0;0
000EW;2025-01-19 04:10:00;1.2;1023.2;87;-0.7;0;;;;
000EW;2025-01-19 04:20:00;1.2;1023.1;87;-0.8;0;;;;
000EW;2025-01-19 04:30:00;1.2;1022.9;87;-0.8;0;;;;
000EW;2025-01-19 04:40:00;1.2;1023;87;-0.8;0;;;;
000EW;2025-01-19 04:50:00;1.1;1022.8;87;-0.9;0;;;;
000EW;2025-01-19 05:00:00;1;1022.8;87;-0.9;0;;;0;0
000EW;2025-01-19 05:10:00;0.8;1022.6;87;-1.1;0;;;;
000EW;2025-01-19 05:20:00;0.7;1022.8;87;-1.2;0;;;;
000EW;2025-01-19 05:30:00;0.6;1022.7;88;-1.2;0;;;;
000EW;2025-01-19 05:40:00;0.4;1022.6;88;-1.3;0;;;;
000EW;2025-01-19 05:50:00;0.3;1022.8;88;-1.4;0;;;;
000EW;2025-01-19 06:00:00;0.3;1022.8;88;-1.5;0;;;0;0
000EW;2025-01-19 06:10:00;0.2;1022.5;89;-1.4;0;;;;
000EW;2025-01-19 06:20:00;0.1;1022.4;89;-1.5;0;;;;
000EW;2025-01-19 06:30:00;0.1;1022.2;89;-1.5;0;;;;
000EW;2025-01-19 06:40:00;0.2;1022.3;89;-1.4;0;;;;
000EW;2025-01-19 06:50:00;0.2;1022.2;89;-1.4;0;;;;
000EW;2025-01-19 07:00:00;0.2;1022.1;89;-1.4;0;;;0;0
000EW;2025-01-19 07:10:00;0.2;1022.3;89;-1.4;0;;;;
000EW;2025-01-19 07:20:00;0.1;1022.5;89;-1.5;0;;;;
000EW;2025-01-19 07:30:00;-0.1;1022.5;90;-1.6;0;;;;
000EW;2025-01-19 07:40:00;-0.2;1022.5;90;-1.7;0;;;;
000EW;2025-01-19 07:50:00;-0.4;1022.5;90;-1.8;0;;;;
000EW;2025-01-19 08:00:00;-0.5;1022.4;90;-1.9;0;;;0;0
000EW;2025-01-19 08:10:00;-0.6;1022.5;90;-2;0;;;;
000EW;2025-01-19 08:20:00;-0.5;1022.5;91;-1.8;0;;;;
000EW;2025-01-19 08:30:00;-0.2;1022.4;91;-1.5;0;;;;
000EW;2025-01-19 08:40:00;-0.1;1022.5;91;-1.3;0;;;;
000EW;2025-01-19 08:50:00;-0.1;1022.6;90;-1.5;0;;;;
000EW;2025-01-19 09:00:00;0;1022.5;91;-1.3;0;;;0;0
000EW;2025-01-19 09:10:00;0.2;1022.5;91;-1.1;0;;;;
000EW;2025-01-19 09:20:00;0.3;1022.6;90;-1.2;0;;;;
000EW;2025-01-19 09:30:00;0.3;1022.6;90;-1.2;0;;;;
000EW;2025-01-19 09:40:00;0.5;1022.7;91;-0.8;0;;;;
000EW;2025-01-19 09:50:00;0.7;1022.6;91;-0.6;0;;;;
000EW;2025-01-19 10:00:00;0.7;1022.6;90;-0.7;0;;;0;0
000EW;2025-01-19 10:10:00;0.9;1022.6;90;-0.5;0;;;;
000EW;2025-01-19 10:20:00;1;1022.6;90;-0.5;0;;;;
000EW;2025-01-19 10:30:00;1.1;1022.6;89;-0.5;0;;;;
000EW;2025-01-19 10:40:00;1.1;1022.5;89;-0.5;0;;;;
000EW;2025-01-19 10:50:00;1.3;1022.3;89;-0.3;0;;;;
000EW;2025-01-19 11:00:00;1.5;1022.2;89;-0.1;0;;;0;0
000EW;2025-01-19 11:10:00;1.6;1022.4;88;-0.2;0;;;;
000EW;2025-01-19 11:20:00;1.7;1022.2;87;-0.3;0;;;;
000EW;2025-01-19 11:30:00;1.7;1022;86;-0.4;0;;;;
000EW;2025-01-19 11:40:00;1.8;1021.9;85;-0.5;0;;;;
000EW;2025-01-19 11:50:00;1.7;1021.8;85;-0.6;0;;;;
000EW;2025-01-19 12:00:00;1.7;1021.8;85;-0.5;0;;;0;0
000EW;2025-01-19 12:10:00;1.8;1021.8;84;-0.6;0;;;;
000EW;2025-01-19 12:20:00;1.8;1021.5;84;-0.6;0;;;;
000EW;2025-01-19 12:30:00;1.9;1021.4;84;-0.5;0;;;;
000EW;2025-01-19 12:40:00;1.9;1021.3;83;-0.6;0;;;;
000EW;2025-01-19 12:50:00;2;1021.3;83;-0.6;0;;;;
000EW;2025-01-19 13:00:00;2;1021.1;83;-0.6;0;;;0;0
000EW;2025-01-19 13:10:00;2;1020.9;83;-0.6;0;;;;
000EW;2025-01-19 13:20:00;1.9;1020.8;83;-0.6;0;;;;
000EW;2025-01-19 13:30:00;1.9;1020.9;83;-0.6;0;;;;
000EW;2025-01-19 13:40:00;1.8;1020.8;83;-0.8;0;;;;
000EW;2025-01-19 13:50:00;1.8;1020.8;83;-0.8;0;;;;
000EW;2025-01-19 14:00:00;1.8;1020.9;84;-0.6;0;;;0;0
000EW;2025-01-19 14:10:00;1.8;1020.9;84;-0.6;0;;;;
000EW;2025-01-19 14:20:00;1.7;1021;84;-0.7;0;;;;
000EW;2025-01-19 14:30:00;1.7;1020.9;84;-0.7;0;;;;
000EW;2025-01-19 14:40:00;1.6;1020.9;84;-0.9;0;;;;
000EW;2025-01-19 14:50:00;1.5;1020.9;85;-0.7;0;;;;
000EW;2025-01-19 15:00:00;1.5;1020.7;84;-0.9;0;;;0;0
000EW;2025-01-19 15:10:00;1.4;1020.6;85;-0.9;0;;;;
000EW;2025-01-19 15:20:00;1.4;1020.6;85;-0.9;0;;;;
000EW;2025-01-19 15:30:00;1.3;1020.6;85;-0.9;0;;;;
000EW;2025-01-19 15:40:00;1.2;1020.6;86;-0.9;0;;;;
000EW;2025-01-19 15:50:00;1.1;1020.5;86;-1;0;;;;
000EW;2025-01-19 16:00:00;1.1;1020.6;86;-1;0;;;0;0
000EW;2025-01-19 16:10:00;1.1;1020.4;87;-0.8;0;;;;
000EW;2025-01-19 16:20:00;1.2;1020.4;86;-0.9;0;;;;
000EW;2025-01-19 16:30:00;1.1;1020.5;86;-1;0;;;;
000EW;2025-01-19 16:40:00;1.2;1020.6;86;-0.9;0;;;;
000EW;2025-01-19 16:50:00;1.2;1020.5;86;-0.9;0;;;;
000EW;2025-01-19 17:00:00;1.1;1020.6;86;-1;0;;;0;0
000EW;2025-01-19 17:10:00;0.9;1020.6;86;-1.1;0;;;;
000EW;2025-01-19 17:20:00;1;1020.4;86;-1.1;0;;;;
000EW;2025-01-19 17:30:00;1.1;1020.4;86;-1;0;;;;
000EW;2025-01-19 17:40:00;1.2;1020.5;86;-0.9;0;;;;
000EW;2025-01-19 17:50:00;1.2;1020.6;86;-0.9;0;;;;
000EW;2025-01-19 18:00:00;1.1;1020.6;85;-1.1;0;;;0;0
000EW;2025-01-19 18:10:00;1.1;1020.7;85;-1.1;0;;;;
000EW;2025-01-19 18:20:00;1.2;1020.7;85;-1.1;0;;;;
000EW;2025-01-19 18:30:00;1.2;1020.8;85;-1.1;0;;;;
000EW;2025-01-19 18:40:00;1.1;1020.8;85;-1.1;0;;;;
000EW;2025-01-19 18:50:00;1.1;1020.8;86;-1;0;;;;
000EW;2025-01-19 19:00:00;1;1020.9;86;-1.1;0;;;0;0
000EW;2025-01-19 19:10:00;1;1020.9;86;-1.1;0;;;;
000EW;2025-01-19 19:20:00;1.1;1020.9;86;-1;0;;;;
000EW;2025-01-19 19:30:00;1.1;1020.8;86;-1;0;;;;
000EW;2025-01-19 19:40:00;0.9;1020.7;86;-1.1;0;;;;
000EW;2025-01-19 19:50:00;0.9;1020.7;86;-1.2;0;;;;
000EW;2025-01-19 20:00:00;0.9;1020.7;86;-1.1;0;;;0;0
000EW;2025-01-19 20:10:00;0.9;1020.7;86;-1.2;0;;;;
000EW;2025-01-19 20:20:00;0.8;1020.7;87;-1.1;0;;;;
000EW;2025-01-19 20:30:00;0.9;1020.8;87;-1;0;;;;
000EW;2025-01-19 20:40:00;0.8;1020.8;87;-1.1;0;;;;
000EW;2025-01-19 20:50:00;0.7;1020.8;87;-1.2;0;;;;
000EW;2025-01-19 21:00:00;0.7;1020.7;87;-1.2;0;;;0;0
000EW;2025-01-19 21:10:00;0.7;1020.7;87;-1.2;0;;;;
000EW;2025-01-19 21:20:00;0.7;1020.6;87;-1.2;0;;;;
000EW;2025-01-19 21:30:00;0.7;1020.5;87;-1.2;0;;;;
000EW;2025-01-19 21:40:00;0.7;1020.5;87;-1.2;0;;;;
000EW;2025-01-19 21:50:00;0.7;1020.3;87;-1.2;0;;;;
000EW;2025-01-19 22:00:00;0.7;1020.4;88;-1.1;0;;;0;0
000EW;2025-01-19 22:10:00;0.7;1020.3;87;-1.2;0;;;;
000EW;2025-01-19 22:20:00;0.7;1020.4;88;-1.1;0;;;;
000EW;2025-01-19 22:30:00;0.7;1020.5;88;-1.1;0;;;;
000EW;2025-01-19 22:40:00;0.7;1020.6;88;-1.1;0;;;;
000EW;2025-01-19 22:50:00;0.7;1020.6;88;-1;0;;;;
000EW;2025-01-19 23:00:00;0.8;1020.5;88;-1;0;;;0;0
000EW;2025-01-19 23:10:00;0.7;1020.4;88;-1;0;;;;
000EW;2025-01-19 23:20:00;0.7;1020.5;88;-1.1;0;;;;
000EW;2025-01-19 23:30:00;0.6;1020.3;88;-1.2;0;;;;
000EW;2025-01-19 23:40:00;0.5;1020.3;88;-1.3;0;;;;
000EW;2025-01-19 23:50:00;0.4;1020.5;89;-1.2;0;;;;
000EW;2025-01-20 00:00:00;0.4;1020.5;89;-1.2;0;;;0;0
000EW;2025-01-20 00:10:00;0.3;1020.6;89;-1.3;0;;;;
000EW;2025-01-20 00:20:00;0.3;1020.5;89;-1.3;0;;;;
000EW;2025-01-20 00:30:00;0.2;1020.3;90;-1.2;0;;;;
000EW;2025-01-20 00:40:00;0.2;1020.2;90;-1.2;0;;;;
000EW;2025-01-20 00:50:00;0.2;1020.2;90;-1.3;0;;;;
000EW;2025-01-20 01:00:00;0.2;1020.1;90;-1.3;0;;;0;0
000EW;2025-01-20 01:10:00;0.1;1020;90;-1.3;0;;;;
000EW;2025-01-20 01:20:00;0.1;1019.9;90;-1.3;0;;;;
000EW;2025-01-20 01:30:00;0.1;1019.7;91;-1.2;0;;;;
000EW;2025-01-20 01:40:00;0.1;1019.6;91;-1.2;0;;;;
000EW;2025-01-20 01:50:00;0;1019.5;91;-1.3;0;;;;
000EW;2025-01-20 02:00:00;0;1019.4;91;-1.3;0.8;;135;0;0
000EW;2025-01-20 02:10:00;0;1019.4;91;-1.3;0;;;;
000EW;2025-01-20 02:20:00;0;1019.4;92;-1.1;0;;;;
000EW;2025-01-20 02:30:00;-0.1;1019.4;92;-1.2;0;;;;
000EW;2025-01-20 02:40:00;0;1019.3;92;-1.1;0;;;;
000EW;2025-01-20 02:50:00;-0.1;1019.2;92;-1.2;0;;;;
000EW;2025-01-20 03:00:00;-0.1;1019.2;92;-1.2;0;;;0;0
000EW;2025-01-20 03:10:00;-0.1;1019.3;92;-1.3;0;;;;
000EW;2025-01-20 03:20:00;-0.2;1019.4;92;-1.3;0;;;;
000EW;2025-01-20 03:30:00;-0.2;1019.3;92;-1.3;0;;;;
000EW;2025-01-20 03:40:00;-0.2;1019.3;92;-1.4;0;;;;
000EW;2025-01-20 03:50:00;-0.2;1019.4;92;-1.3;0;;;;
000EW;2025-01-20 04:00:00;-0.2;1019.3;92;-1.3;0;;;0;0
000EW;2025-01-20 04:10:00;-0.2;1019.4;92;-1.4;0;;;;
000EW;2025-01-20 04:20:00;-0.3;1019.5;92;-1.4;0;;;;
000EW;2025-01-20 04:30:00;-0.2;1019.3;92;-1.4;0;;;;
000EW;2025-01-20 04:40:00;-0.2;1019.4;92;-1.4;0;;;;
000EW;2025-01-20 04:50:00;-0.3;1019.3;92;-1.4;0;;;;
000EW;2025-01-20 05:00:00;-0.3;1019.4;92;-1.4;0;;;0;0
000EW;2025-01-20 05:10:00;-0.2;1019.2;92;-1.4;0;;;;
000EW;2025-01-20 05:20:00;-0.2;1019.3;92;-1.3;0;;;;
000EW;2025-01-20 05:30:00;-0.1;1019.2;92;-1.2;0;;;;
000EW;2025-01-20 05:40:00;-0.1;1019.2;92;-1.2;0;;;;
000EW;2025-01-20 05:50:00;-0.1;1019.4;91;-1.4;0;;;;
000EW;2025-01-20 06:00:00;-0.1;1019.3;91;-1.3;0;;;0;0
000EW;2025-01-20 06:10:00;-0.2;1019.4;91;-1.5;0;;;;
000EW;2025-01-20 06:20:00;-0.2;1019.4;91;-1.5;0;;;;
000EW;2025-01-20 06:30:00;-0.2;1019.2;91;-1.5;0;;;;
000EW;2025-01-20 06:40:00;-0.3;1019.3;91;-1.6;0;;;;
000EW;2025-01-20 06:50:00;-0.3;1019.3;90;-1.8;0;;;;
000EW;2025-01-20 07:00:00;-0.6;1019.2;90;-2;0;;;0;0
000EW;2025-01-20 07:10:00;-0.5;1019;91;-1.8;0.8;;135;;
000EW;2025-01-20 07:20:00;-0.5;1019;90;-1.9;0;;;;
000EW;2025-01-20 07:30:00;-0.6;1019.2;90;-2;0.8;;0;;
000EW;2025-01-20 07:40:00;-0.7;1019.1;91;-2;0;;;;
000EW;2025-01-20 07:50:00;-0.7;1019.2;91;-2;0;;;;
000EW;2025-01-20 08:00:00;-0.7;1019.2;91;-2;0;;;0;0
000EW;2025-01-20 08:10:00;-0.8;1019.3;91;-2.1;0;;;;
000EW;2025-01-20 08:20:00;-0.8;1019.5;91;-2.1;0;;;;
000EW;2025-01-20 08:30:00;-0.7;1019.5;91;-2;0;;;;
000EW;2025-01-20 08:40:00;-0.7;1019.6;91;-2;0;;;;
000EW;2025-01-20 08:50:00;-0.6;1019.6;91;-1.8;0;;;;
000EW;2025-01-20 09:00:00;-0.6;1019.6;91;-1.8;0;;;0;0
000EW;2025-01-20 09:10:00;-0.6;1019.7;91;-1.8;0;;;;
000EW;2025-01-20 09:20:00;-0.6;1019.8;91;-1.8;0;;;;
000EW;2025-01-20 09:30:00;-0.5;1019.9;91;-1.8;0;;;;
000EW;2025-01-20 09:40:00;-0.6;1020;91;-1.8;0;;;;
000EW;2025-01-20 09:50:00;-0.6;1020.1;91;-1.8;0;;;;
000EW;2025-01-20 10:00:00;-0.5;1020;91;-1.8;0;;;0;0
000EW;2025-01-20 10:10:00;-0.4;1020.1;91;-1.7;0;;;;
000EW;2025-01-20 10:20:00;-0.4;1020;91;-1.7;0;;;;
000EW;2025-01-20 10:30:00;-0.3;1020;91;-1.6;0;;;;
000EW;2025-01-20 10:40:00;-0.3;1020.1;90;-1.7;0;;;;
000EW;2025-01-20 10:50:00;-0.2;1020;90;-1.7;0;;;;
000EW;2025-01-20 11:00:00;-0.2;1019.8;90;-1.6;0;;;0;0
000EW;2025-01-20 11:10:00;-0.1;1019.6;90;-1.6;0;;;;
000EW;2025-01-20 11:20:00;-0.1;1019.7;90;-1.5;0;;;;
000EW;2025-01-20 11:30:00;-0.1;1019.4;90;-1.6;0;;;;
000EW;2025-01-20 11:40:00;-0.1;1019.5;89;-1.7;0;;;;
000EW;2025-01-20 11:50:00;-0.1;1019.5;89;-1.7;0;;;;
000EW;2025-01-20 12:00:00;-0.1;1019.6;89;-1.6;0;;;0;0
000EW;2025-01-20 12:10:00;-0.1;1019.4;89;-1.6;0;;;;
000EW;2025-01-20 12:20:00;-0.2;1019.2;88;-1.9;0;;;;
000EW;2025-01-20 12:30:00;-0.2;1019;89;-1.8;0;;;;
000EW;2025-01-20 12:40:00;-0.1;1018.9;89;-1.7;0;;;;
000EW;2025-01-20 12:50:00;-0.2;1018.9;88;-1.9;0;;;;
000EW;2025-01-20 13:00:00;-0.3;1019;89;-1.9;0;;;0;0
000EW;2025-01-20 13:10:00;-0.5;1018.9;89;-2.1;0;;;;
000EW;2025-01-20 13:20:00;-0.6;1018.9;89;-2.2;0;;;;
000EW;2025-01-20 13:30:00;-0.6;1018.8;89;-2.1;0;;;;
000EW;2025-01-20 13:40:00;-0.4;1018.7;89;-2;0;;;;
000EW;2025-01-20 13:50:00;-0.3;1018.5;89;-1.9;0;;;;
000EW;2025-01-20 14:00:00;-0.4;1018.4;89;-2;0;;;0;0
000EW;2025-01-20 14:10:00;-0.3;1018.2;89;-1.9;0;;;;
000EW;2025-01-20 14:20:00;-0.2;1018.2;89;-1.8;0;;;;
000EW;2025-01-20 14:30:00;0.1;1018.3;89;-1.5;0;;;;
000EW;2025-01-20 14:40:00;0;1018.3;89;-1.6;0;;;;
000EW;2025-01-20 14:50:00;-0.1;1018.1;89;-1.6;0;;;;
000EW;2025-01-20 15:00:00;-0.1;1018;88;-1.8;0;;;0;0
000EW;2025-01-20 15:10:00;-0.2;1018;88;-1.9;0;;;;
000EW;2025-01-20 15:20:00;-0.1;1018;88;-1.8;0;;;;
000EW;2025-01-20 15:30:00;0.1;1018;88;-1.7;0;;;;
000EW;2025-01-20 15:40:00;0.2;1018.1;88;-1.6;0;;;;
000EW;2025-01-20 15:50:00;0.1;1018.1;88;-1.6;0;;;;
000EW;2025-01-20 16:00:00;0;1018;88;-1.7;0;;;0;0
000EW;2025-01-20 16:10:00;-0.1;1018.1;88;-1.8;0;;;;
000EW;2025-01-20 16:20:00;-0.2;1018.1;88;-1.9;0;;;;
000EW;2025-01-20 16:30:00;-0.1;1018.1;88;-1.9;0;;;;
000EW;2025-01-20 16:40:00;-0.2;1018.2;88;-1.9;0;;;;
000EW;2025-01-20 16:50:00;-0.2;1018.3;88;-2;0;;;;
000EW;2025-01-20 17:00:00;-0.2;1018.4;88;-2;0;;;0;0
000EW;2025-01-20 17:10:00;-0.3;1018.5;89;-1.9;0;;;;
000EW;2025-01-20 17:20:00;-0.3;1018.4;89;-1.9;0;;;;
000EW;2025-01-20 17:30:00;-0.3;1018.4;89;-1.9;0;;;;
000EW;2025-01-20 17:40:00;-0.5;1018.5;89;-2.1;0;;;;
000EW;2025-01-20 17:50:00;-0.5;1018.5;90;-1.9;0;;;;
000EW;2025-01-20 18:00:00;-0.4;1018.4;90;-1.9;0;;;0;0
000EW;2025-01-20 18:10:00;-0.4;1018.5;90;-1.9;0;;;;
000EW;2025-01-20 18:20:00;-0.4;1018.5;90;-1.8;0;;;;
000EW;2025-01-20 18:30:00;-0.5;1018.5;90;-1.9;0;;;;
000EW;2025-01-20 18:40:00;-0.5;1018.5;90;-1.9;0;;;;
000EW;2025-01-20 18:50:00;-0.4;1018.4;90;-1.9;0;;;;
000EW;2025-01-20 19:00:00;-0.4;1018.4;90;-1.9;0;;;0;0
000EW;2025-01-20 19:10:00;-0.4;1018.4;90;-1.9;0;;;;
000EW;2025-01-20 19:20:00;-0.5;1018.3;90;-1.9;0;;;;
000EW;2025-01-20 19:30:00;-0.5;1018.2;90;-1.9;0;;;;
000EW;2025-01-20 19:40:00;-0.4;1018.3;91;-1.7;0;;;;
000EW;2025-01-20 19:50:00;-0.3;1018.4;90;-1.8;0;;;;
000EW;2025-01-20 20:00:00;-0.6;1018.5;90;-2;0;;;0;0
000EW;2025-01-20 20:10:00;-0.4;1018.5;91;-1.7;0;;;;
000EW;2025-01-20 20:20:00;-0.4;1018.4;91;-1.7;0;;;;
000EW;2025-01-20 20:30:00;-0.6;1018.4;90;-2;0;;;;
000EW;2025-01-20 20:40:00;-0.7;1018.6;91;-2;0;;;;
000EW;2025-01-20 20:50:00;-0.8;1018.4;91;-2.1;0;;;;
000EW;2025-01-20 21:00:00;-0.8;1018.4;91;-2.1;0;;;0;0
000EW;2025-01-20 21:10:00;-0.6;1018.3;91;-1.9;0;;;;
000EW;2025-01-20 21:20:00;-0.7;1018.4;91;-2;0;;;;
000EW;2025-01-20 21:30:00;-0.7;1018.4;91;-2;0;;;;
000EW;2025-01-20 21:40:00;-0.7;1018.3;92;-1.8;0;;;;
000EW;2025-01-20 21:50:00;-0.6;1018.3;92;-1.7;0;;;;
000EW;2025-01-20 22:00:00;-0.7;1018.3;92;-1.8;0;;;0;0
000EW;2025-01-20 22:10:00;-0.6;1018.3;92;-1.7;0;;;;
000EW;2025-01-20 22:20:00;-0.6;1018.3;92;-1.7;0;;;;
000EW;2025-01-20 22:30:00;-0.6;1018.2;92;-1.7;0;;;;
000EW;2025-01-20 22:40:00;-0.6;1018.3;92;-1.7;0;;;;
000EW;2025-01-20 22:50:00;-0.4;1018.3;92;-1.6;0;;;;
000EW;2025-01-20 23:00:00;-0.4;1018.4;92;-1.5;0;;;0;0
000EW;2025-01-20 23:10:00;-0.3;1018.4;92;-1.5;0;;;;
000EW;2025-01-20 23:20:00;-0.3;1018.4;92;-1.4;0;;;;
000EW;2025-01-20 23:30:00;-0.2;1018;92;-1.4;0;;;;
000EW;2025-01-20 23:40:00;-0.2;1017.9;92;-1.3;0;;;;
000EW;2025-01-20 23:50:00;-0.2;1017.9;92;-1.3;0;;;;
000EW;2025-01-21 00:00:00;-0.1;1018;92;-1.3;0;;;0;0
000EW;2025-01-21 00:10:00;-0.1;1018;92;-1.3;0;;;;
000EW;2025-01-21 00:20:00;-0.2;1017.8;92;-1.4;0;;;;
000EW;2025-01-21 00:30:00;-0.3;1017.7;92;-1.4;0;;;;
000EW;2025-01-21 00:40:00;-0.3;1017.8;92;-1.5;0;;;;
000EW;2025-01-21 00:50:00;-0.4;1017.8;92;-1.6;0;;;;
000EW;2025-01-21 01:00:00;-0.4;1017.7;92;-1.6;0;;;0;0
000EW;2025-01-21 01:10:00;-0.5;1017.7;92;-1.6;0;;;;
000EW;2025-01-21 01:20:00;-0.5;1017.6;92;-1.6;0;;;;
000EW;2025-01-21 01:30:00;-0.5;1017.6;92;-1.6;0;;;;
000EW;2025-01-21 01:40:00;-0.5;1017.6;92;-1.6;0;;;;
000EW;2025-01-21 01:50:00;-0.6;1017.6;92;-1.7;0;;;;
000EW;2025-01-21 02:00:00;-0.6;1017.7;92;-1.7;0;;;0;0
000EW;2025-01-21 02:10:00;-0.6;1017.8;93;-1.6;0;;;;
000EW;2025-01-21 02:20:00;-0.6;1017.8;93;-1.6;0;;;;
000EW;2025-01-21 02:30:00;-0.6;1017.8;93;-1.5;0;;;;
000EW;2025-01-21 02:40:00;-0.6;1017.7;93;-1.6;0;;;;
000EW;2025-01-21 02:50:00;-0.7;1017.6;93;-1.7;0;;;;
000EW;2025-01-21 03:00:00;-0.9;1017.3;93;-1.9;0;;;0;0
000EW;2025-01-21 03:10:00;-0.9;1017.1;93;-1.9;0;;;;
000EW;2025-01-21 03:20:00;-0.9;1017.1;93;-1.9;0;;;;
000EW;2025-01-21 03:30:00;-1;1017.1;93;-2;0;;;;
000EW;2025-01-21 03:40:00;-1.1;1017.1;93;-2;0;;;;
000EW;2025-01-21 03:50:00;-1;1017.1;94;-1.8;0;;;;
000EW;2025-01-21 04:00:00;-0.9;1017;94;-1.8;0;;;0;0
000EW;2025-01-21 04:10:00;-1;1017;94;-1.8;0;;;;
000EW;2025-01-21 04:20:00;-1;1017;94;-1.8;0;;;;
000EW;2025-01-21 04:30:00;-0.9;1017;94;-1.8;0;;;;
000EW;2025-01-21 04:40:00;-1.1;1017;94;-1.9;0;;;;
000EW;2025-01-21 04:50:00;-1.1;1016.9;94;-1.9;0;;;;
000EW;2025-01-21 05:00:00;-1.2;1016.7;94;-2.1;0;;;0;0
000EW;2025-01-21 05:10:00;-1.2;1016.7;94;-2.1;0;;;;
000EW;2025-01-21 05:20:00;-1.2;1016.6;94;-2.1;0;;;;
000EW;2025-01-21 05:30:00;-1.1;1016.5;94;-1.9;0;;;;
000EW;2025-01-21 05:40:00;-1.1;1016.6;94;-2;0;;;;
000EW;2025-01-21 05:50:00;-1.1;1016.6;94;-2;0;;;;
000EW;2025-01-21 06:00:00;-1.2;1016.7;94;-2;0;;;0;0
000EW;2025-01-21 06:10:00;-1.2;1016.4;94;-2;0;;;;
000EW;2025-01-21 06:20:00;-1.2;1016.3;94;-2.1;0;;;;
000EW;2025-01-21 06:30:00;-1.2;1016.4;94;-2;0;;;;
000EW;2025-01-21 06:40:00;-1.1;1016.4;95;-1.8;0;;;;
000EW;2025-01-21 06:50:00;-1.2;1016.4;94;-2;0;;;;
000EW;2025-01-21 07:00:00;-1.2;1016.5;94;-2;0;;;0;0
000EW;2025-01-21 07:10:00;-1;1016.5;95;-1.7;0;;;;
000EW;2025-01-21 07:20:00;-0.9;1016.4;95;-1.6;0;;;;
000EW;2025-01-21 07:30:00;-0.8;1016.4;95;-1.5;0;;;;
000EW;2025-01-21 07:40:00;-0.8;1016.4;94;-1.7;0;;;;
000EW;2025-01-21 07:50:00;-0.9;1016.4;94;-1.8;0;;;;
000EW;2025-01-21 08:00:00;-1.1;1016.6;95;-1.8;0;;;0;0
000EW;2025-01-21 08:10:00;-1.1;1016.5;95;-1.8;0;;;;
000EW;2025-01-21 08:20:00;-1;1016.5;95;-1.7;0;;;;
000EW;2025-01-21 08:30:00;-1;1016.5;95;-1.7;0;;;;
000EW;2025-01-21 08:40:00;-0.9;1016.3;95;-1.6;0;;;;
000EW;2025-01-21 08:50:00;-0.9;1016.4;95;-1.6;0;;;;
000EW;2025-01-21 09:00:00;-0.8;1016.3;95;-1.5;0;;;0;0
000EW;2025-01-21 09:10:00;-0.8;1016.2;95;-1.5;0;;;;
000EW;2025-01-21 09:20:00;-0.7;1016.1;95;-1.4;0;;;;
000EW;2025-01-21 09:30:00;-0.7;1016.2;95;-1.4;0;;;;
000EW;2025-01-21 09:40:00;-0.6;1016.2;95;-1.3;0;;;;
000EW;2025-01-21 09:50:00;-0.5;1016.3;95;-1.2;0;;;;
000EW;2025-01-21 10:00:00;-0.3;1016.1;95;-1;0;;;0;0
000EW;2025-01-21 10:10:00;-0.3;1016;95;-1;0;;;;
000EW;2025-01-21 10:20:00;-0.3;1016.1;95;-1;0;;;;
000EW;2025-01-21 10:30:00;-0.2;1016;95;-0.9;0;;;;
000EW;2025-01-21 10:40:00;-0.1;1016;95;-0.8;0;;;;
000EW;2025-01-21 10:50:00;-0.1;1016;95;-0.8;0;;;;
000EW;2025-01-21 11:00:00;-0.2;1015.9;95;-0.9;0;;;0;0
000EW;2025-01-21 11:10:00;-0.1;1015.8;95;-0.8;0;;;;
000EW;2025-01-21 11:20:00;0.2;1015.7;95;-0.5;0;;;;
000EW;2025-01-21 11:30:00;0.3;1015.5;95;-0.4;0;;;;
000EW;2025-01-21 11:40:00;0.5;1015.5;95;-0.2;0;;;;
000EW;2025-01-21 11:50:00;0.8;1015.4;95;0.1;0;;;;
000EW;2025-01-21 12:00:00;1.1;1015.2;95;0.3;0;;;0;0
000EW;2025-01-21 12:10:00;1.4;1015;95;0.7;0;;;;
000EW;2025-01-21 12:20:00;1.6;1014.9;95;0.9;0;;;;
000EW;2025-01-21 12:30:00;1.9;1014.6;95;1.2;0;;;;
000EW;2025-01-21 12:40:00;2.2;1014.4;94;1.3;0;;;;
000EW;2025-01-21 12:50:00;2.7;1014.2;94;1.8;0;;;;
000EW;2025-01-21 13:00:00;3.2;1014.1;92;2;0;;;0;0
000EW;2025-01-21 13:10:00;3.8;1014;90;2.3;0;;;;
000EW;2025-01-21 13:20:00;4.1;1013.9;88;2.3;0;;;;
000EW;2025-01-21 13:30:00;4.6;1013.7;86;2.4;0;;;;
000EW;2025-01-21 13:40:00;4.7;1013.4;84;2.3;0;;;;
000EW;2025-01-21 13:50:00;4.9;1013.2;82;2.1;0;;;;
000EW;2025-01-21 14:00:00;5.1;1013.1;81;2.1;0;;;0;0
000EW;2025-01-21 14:10:00;5.4;1013;80;2.3;0;;;;
000EW;2025-01-21 14:20:00;5.3;1012.8;79;2;0;;;;
000EW;2025-01-21 14:30:00;5.2;1012.6;79;1.9;0;;;;
000EW;2025-01-21 14:40:00;5.2;1012.5;79;1.9;0;;;;
000EW;2025-01-21 14:50:00;5.3;1012.5;79;2;0;;;;
000EW;2025-01-21 15:00:00;5.3;1012.3;79;2;0;;;0;0
000EW;2025-01-21 15:10:00;5.4;1012.2;80;2.2;0;;;;
000EW;2025-01-21 15:20:00;5.4;1012.2;80;2.3;0;;;;
000EW;2025-01-21 15:30:00;5.4;1012;80;2.3;0;;;;
000EW;2025-01-21 15:40:00;5.4;1012.1;80;2.3;0;;;;
000EW;2025-01-21 15:50:00;5.4;1012;80;2.2;0;;;;
000EW;2025-01-21 16:00:00;5.2;1011.9;80;2.1;0;;;0;0
000EW;2025-01-21 16:10:00;4.9;1011.9;81;1.9;0;;;;
000EW;2025-01-21 16:20:00;4.6;1011.9;82;1.8;0;;;;
000EW;2025-01-21 16:30:00;4.4;1011.9;83;1.8;0;;;;
000EW;2025-01-21 16:40:00;4.2;1011.7;83;1.6;0;;;;
000EW;2025-01-21 16:50:00;4.2;1011.7;84;1.8;0;;;;
000EW;2025-01-21 17:00:00;4.2;1011.7;85;1.9;0;;;0;0
000EW;2025-01-21 17:10:00;4.2;1011.8;85;1.9;0;;;;
000EW;2025-01-21 17:20:00;4.2;1011.9;85;1.9;0;;;;
000EW;2025-01-21 17:30:00;4.2;1011.8;85;1.9;0;;;;
000EW;2025-01-21 17:40:00;4.1;1011.8;85;1.8;0;;;;
000EW;2025-01-21 17:50:00;4.1;1011.7;86;1.9;0;;;;
000EW;2025-01-21 18:00:00;4.2;1011.6;86;2;0;;;0;0
000EW;2025-01-21 18:10:00;4.2;1011.5;86;2;0;;;;
000EW;2025-01-21 18:20:00;4.1;1011.1;86;1.9;0;;;;
000EW;2025-01-21 18:30:00;3.9;1010.8;86;1.8;0;;;;
000EW;2025-01-21 18:40:00;3.8;1010.8;86;1.7;0;;;;
000EW;2025-01-21 18:50:00;3.8;1011;87;1.9;0;;;;
000EW;2025-01-21 19:00:00;3.8;1010.9;87;1.8;0;;;0;0
000EW;2025-01-21 19:10:00;3.7;1010.7;87;1.8;0;;;;
000EW;2025-01-21 19:20:00;3.7;1010.6;87;1.8;0;;;;
000EW;2025-01-21 19:30:00;3.8;1010.6;87;1.9;0;;;;
000EW;2025-01-21 19:40:00;3.8;1010.5;88;2;0;;;;
000EW;2025-01-21 19:50:00;3.9;1010.4;88;2.1;0;;;;
000EW;2025-01-21 20:00:00;3.9;1010.3;88;2.1;0;;;0;0
000EW;2025-01-21 20:10:00;3.9;1010.1;88;2.1;0;;;;
000EW;2025-01-21 20:20:00;4.1;1010;88;2.2;0;;;;
000EW;2025-01-21 20:30:00;4.2;1009.9;88;2.4;0;;;;
000EW;2025-01-21 20:40:00;4.3;1009.9;88;2.5;0;;;;
000EW;2025-01-21 20:50:00;4.4;1009.9;87;2.4;0;;;;
000EW;2025-01-21 21:00:00;4.3;1009.9;87;2.4;0;;;0;0
000EW;2025-01-21 21:10:00;4.3;1009.7;87;2.3;0;;;;
000EW;2025-01-21 21:20:00;4.2;1009.6;87;2.3;0;;;;
000EW;2025-01-21 21:30:00;4.2;1009.7;87;2.3;0;;;;
000EW;2025-01-21 21:40:00;4.3;1009.5;87;2.3;0;;;;
000EW;2025-01-21 21:50:00;4.3;1009.6;87;2.4;0;;;;
000EW;2025-01-21 22:00:00;4.3;1009.4;87;2.4;0;;;0;0
000EW;2025-01-21 22:10:00;4.3;1009.2;87;2.3;0;;;;
000EW;2025-01-21 22:20:00;4.3;1009.1;87;2.3;0;;;;
000EW;2025-01-21 22:30:00;4.2;1009.1;87;2.3;0;;;;
000EW;2025-01-21 22:40:00;4.2;1008.9;87;2.2;0;;;;
000EW;2025-01-21 22:50:00;4.2;1008.8;87;2.3;0;;;;
000EW;2025-01-21 23:00:00;4.2;1008.6;88;2.4;0;;;0;0
000EW;2025-01-21 23:10:00;4.3;1008.6;88;2.5;0;;;;
000EW;2025-01-21 23:20:00;4.2;1008.4;88;2.4;0;;;;
000EW;2025-01-21 23:30:00;4.3;1008.1;88;2.5;0;;;;
000EW;2025-01-21 23:40:00;4.3;1008.1;88;2.5;0;;;;
000EW;2025-01-21 23:50:00;4.4;1008.2;88;2.6;0;;;;
000EW;2025-01-22 00:00:00;4.4;1007.9;88;2.6;0;;;0;0
000EW;2025-01-22 00:10:00;4.5;1008;88;2.7;0;;;;
000EW;2025-01-22 00:20:00;4.6;1008;88;2.8;0;;;;
000EW;2025-01-22 00:30:00;4.7;1008;87;2.7;0;;;;
000EW;2025-01-22 00:40:00;4.7;1007.7;87;2.7;0;;;;
000EW;2025-01-22 00:50:00;4.7;1007.6;87;2.7;0;;;;
000EW;2025-01-22 01:00:00;4.6;1007.4;87;2.6;0;;;0;0
000EW;2025-01-22 01:10:00;4.6;1007.2;87;2.6;0;;;;
000EW;2025-01-22 01:20:00;4.5;1007.2;87;2.5;0;;;;
000EW;2025-01-22 01:30:00;4.3;1007.1;88;2.5;0;;;;
000EW;2025-01-22 01:40:00;4.2;1007;88;2.4;0;;;;
000EW;2025-01-22 01:50:00;4.3;1007;88;2.5;0;;;;
000EW;2025-01-22 02:00:00;4.3;1007;88;2.5;0;;;0;0
000EW;2025-01-22 02:10:00;4.4;1007;88;2.6;0;;;;
000EW;2025-01-22 02:20:00;4.4;1006.8;88;2.6;0;;;;
000EW;2025-01-22 02:30:00;4.4;1006.7;88;2.6;0;;;;
000EW;2025-01-22 02:40:00;4.4;1006.7;88;2.6;0;;;;
000EW;2025-01-22 02:50:00;4.4;1006.5;88;2.6;0;;;;
000EW;2025-01-22 03:00:00;4.4;1006.4;88;2.6;0;;;0;0
000EW;2025-01-22 03:10:00;4.4;1006.3;88;2.6;0;;;;
000EW;2025-01-22 03:20:00;4.3;1006.3;88;2.5;0;;;;
000EW;2025-01-22 03:30:00;4.3;1006.1;89;2.7;0;;;;
000EW;2025-01-22 03:40:00;4.3;1006;89;2.7;0;;;;
000EW;2025-01-22 03:50:00;4.3;1005.8;89;2.6;0;;;;
000EW;2025-01-22 04:00:00;4.3;1005.8;89;2.7;0;;;0;0
000EW;2025-01-22 04:10:00;4.3;1005.7;89;2.7;0;;;;
000EW;2025-01-22 04:20:00;4.4;1005.7;89;2.7;0;;;;
000EW;2025-01-22 04:30:00;4.4;1005.6;89;2.8;0;;;;
000EW;2025-01-22 04:40:00;4.4;1005.5;89;2.8;0;;;;
000EW;2025-01-22 04:50:00;4.5;1005.4;89;2.8;0;;;;
000EW;2025-01-22 05:00:00;4.6;1005.4;89;2.9;0;;;0;0
000EW;2025-01-22 05:10:00;4.6;1005.2;89;2.9;0;;;;
000EW;2025-01-22 05:20:00;4.7;1005.2;89;3.1;0;;;;
000EW;2025-01-22 05:30:00;4.8;1005.2;89;3.1;0;;;;
000EW;2025-01-22 05:40:00;4.8;1005.1;89;3.2;0;;;;
000EW;2025-01-22 05:50:00;4.8;1005.1;89;3.2;0;;;;
000EW;2025-01-22 06:00:00;4.9;1005;89;3.3;0;;;0;0
000EW;2025-01-22 06:20:00;5.2;1004.9;89;3.5;0;;;;
000EW;2025-01-22 06:30:00;5.3;1004.8;89;3.6;0;;;;
000EW;2025-01-22 06:40:00;5.4;1004.8;89;3.8;0;;;;
000EW;2025-01-22 06:50:00;5.4;1004.8;89;3.8;0;;;;
000EW;2025-01-22 07:00:00;5.6;1004.7;89;3.9;0;;;0;0
000EW;2025-01-22 07:10:00;5.7;1004.7;90;4.2;0;;;;
000EW;2025-01-22 07:20:00;5.7;1004.6;90;4.2;0;;;;
000EW;2025-01-22 07:30:00;5.7;1004.5;90;4.2;0;;;;
000EW;2025-01-22 07:40:00;5.8;1004.5;91;4.4;0;;;;
000EW;2025-01-22 07:50:00;5.8;1004.4;91;4.4;0;;;;
000EW;2025-01-22 08:00:00;5.8;1004.3;91;4.5;0;;;0;0
000EW;2025-01-22 08:10:00;5.8;1004.3;91;4.5;0;;;;
000EW;2025-01-22 08:20:00;5.9;1004.4;92;4.7;0;;;;
000EW;2025-01-22 08:30:00;6;1004.4;92;4.8;0;;;;
000EW;2025-01-22 08:40:00;6.1;1004.4;92;4.9;0;;;;
000EW;2025-01-22 08:50:00;6.2;1004.4;92;5;0;;;;
000EW;2025-01-22 09:00:00;6.3;1004.4;92;5.1;0;;;0;0
000EW;2025-01-22 09:10:00;6.3;1004.4;92;5.1;0;;;;
000EW;2025-01-22 09:20:00;6.3;1004.3;92;5.1;0;;;;
000EW;2025-01-22 09:30:00;6.4;1004.4;92;5.2;0;;;;
000EW;2025-01-22 09:40:00;6.5;1004.4;93;5.5;0;;;;
000EW;2025-01-22 09:50:00;6.7;1004.3;93;5.6;0;;;;
000EW;2025-01-22 10:00:00;6.8;1004.1;93;5.8;0;;;0;0
000EW;2025-01-22 10:10:00;6.9;1004.1;93;5.9;0;;;;
000EW;2025-01-22 10:20:00;7.1;1004.2;93;6;0;;;;
000EW;2025-01-22 10:30:00;7.2;1004.1;93;6.1;0;;;;
000EW;2025-01-22 10:40:00;7.2;1003.9;93;6.2;0;;;;
000EW;2025-01-22 10:50:00;7.4;1003.8;93;6.3;0;;;;
000EW;2025-01-22 11:00:00;7.6;1003.6;93;6.5;0;;;0;0
000EW;2025-01-22 11:10:00;7.7;1003.4;92;6.4;0;;;;
000EW;2025-01-22 11:20:00;7.8;1003.1;92;6.6;0;;;;
000EW;2025-01-22 11:30:00;7.9;1003;92;6.7;0;;;;
000EW;2025-01-22 11:40:00;8;1002.9;92;6.8;0;;;;
000EW;2025-01-22 11:50:00;8.2;1002.7;92;6.9;0;;;;
000EW;2025-01-22 12:00:00;8.3;1002.6;92;7.1;0;;;0;0
000EW;2025-01-22 12:10:00;8.4;1002.5;91;7;0;;;;
000EW;2025-01-22 12:20:00;8.6;1002.4;91;7.2;0;;;;
000EW;2025-01-22 12:30:00;8.6;1002.3;91;7.2;0;;;;
000EW;2025-01-22 12:40:00;8.8;1002.2;91;7.4;0;;;;
000EW;2025-01-22 12:50:00;8.9;1002.1;91;7.5;0;;;;
000EW;2025-01-22 13:00:00;9;1001.9;90;7.4;0;;;0;0
000EW;2025-01-22 13:10:00;9.1;1001.7;90;7.5;0;;;;
000EW;2025-01-22 13:20:00;9.2;1001.5;90;7.7;0;;;;
000EW;2025-01-22 13:30:00;9.3;1001.4;90;7.7;0;;;;
000EW;2025-01-22 13:40:00;9.3;1001.3;90;7.8;0;;;;
000EW;2025-01-22 13:50:00;9.4;1001.2;90;7.8;0;;;;
000EW;2025-01-22 14:00:00;9.4;1001;90;7.8;0;;;0;0
000EW;2025-01-22 14:10:00;9.4;1001;90;7.9;0;;;;
000EW;2025-01-22 14:20:00;9.5;1001;90;7.9;0;;;;
000EW;2025-01-22 14:30:00;9.6;1001.1;90;8;0;;;;
000EW;2025-01-22 14:40:00;9.6;1000.8;90;8.1;0;;;;
000EW;2025-01-22 14:50:00;9.7;1000.8;90;8.1;0;;;;
000EW;2025-01-22 15:00:00;9.7;1000.7;90;8.1;0;;;0;0
000EW;2025-01-22 15:10:00;9.7;1000.7;90;8.2;0;;;;
000EW;2025-01-22 15:20:00;9.7;1000.7;90;8.2;0;;;;
000EW;2025-01-22 15:30:00;9.8;1000.7;91;8.4;0;;;;
000EW;2025-01-22 15:40:00;9.8;1000.6;91;8.4;0;;;;
000EW;2025-01-22 15:50:00;9.8;1000.4;91;8.4;0;;;;
000EW;2025-01-22 16:00:00;9.8;1000.3;91;8.4;0;;;0;0.6
000EW;2025-01-22 16:10:00;9.7;1000.1;91;8.3;0;;;;
000EW;2025-01-22 16:20:00;9.8;1000.2;92;8.5;0;;;;
000EW;2025-01-22 16:30:00;9.7;1000;92;8.5;0;;;;
000EW;2025-01-22 16:40:00;9.7;999.7;92;8.5;0;;;;
000EW;2025-01-22 16:50:00;9.7;999.7;92;8.5;0;;;;
000EW;2025-01-22 17:00:00;9.7;999.7;92;8.4;0;;;0;2.6
000EW;2025-01-22 17:10:00;9.7;999.6;92;8.4;0;;;;
000EW;2025-01-22 17:20:00;9.7;999.5;93;8.6;0;;;;
000EW;2025-01-22 17:30:00;9.7;999.5;93;8.6;0;;;;
000EW;2025-01-22 17:40:00;9.7;999.5;93;8.6;0;;;;
000EW;2025-01-22 17:50:00;9.6;999.3;93;8.5;0;;;;
000EW;2025-01-22 18:00:00;9.6;999.2;93;8.5;0;;;6.8;3.6
000EW;2025-01-22 18:10:00;9.6;999.1;93;8.5;0;;;;
000EW;2025-01-22 18:20:00;9.7;998.9;93;8.6;0;;;;
000EW;2025-01-22 18:30:00;9.7;998.8;93;8.6;0;;;;
000EW;2025-01-22 18:40:00;9.7;998.6;93;8.6;0;;;;
000EW;2025-01-22 18:50:00;9.7;998.6;93;8.6;0;;;;
000EW;2025-01-22 19:00:00;9.7;998.6;93;8.6;0;;;0;4.8
000EW;2025-01-22 19:10:00;9.7;998.5;93;8.6;0;;;;
000EW;2025-01-22 19:20:00;9.7;998.4;94;8.8;0;;;;
000EW;2025-01-22 19:30:00;9.7;998.4;94;8.7;0;;;;
000EW;2025-01-22 19:40:00;9.6;998.5;94;8.7;0;;;;
000EW;2025-01-22 19:50:00;9.6;998.3;94;8.6;0;;;;
000EW;2025-01-22 20:00:00;9.4;998.4;94;8.5;0;;;0;6.4
000EW;2025-01-22 20:10:00;9.4;998.5;94;8.5;0;;;;
000EW;2025-01-22 20:20:00;9.3;998.5;94;8.4;0;;;;
000EW;2025-01-22 20:30:00;9.1;998.7;94;8.2;0;;;;
000EW;2025-01-22 20:40:00;8.4;999.1;93;7.4;1.6;;34;;
000EW;2025-01-22 20:50:00;8.1;999.4;93;7;0.8;;23;;
000EW;2025-01-22 21:00:00;7.6;999.7;92;6.4;0.8;;45;15.8;4.6
000EW;2025-01-22 21:10:00;7.3;999.9;92;6.1;2.4;;23;;
000EW;2025-01-22 21:20:00;7.3;1000;92;6.1;1.6;;23;;
000EW;2025-01-22 21:30:00;7.2;1000;92;6;0;;;;
000EW;2025-01-22 21:40:00;7;1000.2;92;5.8;1.6;;45;;
000EW;2025-01-22 21:50:00;7;1000.3;92;5.8;1.6;;34;;
000EW;2025-01-22 22:00:00;6.9;1000.3;92;5.7;0.8;;45;0;2.4
000EW;2025-01-22 22:10:00;6.8;1000.4;91;5.4;0.8;;23;;
000EW;2025-01-22 22:20:00;6.6;1000.5;91;5.2;1.6;;23;;
000EW;2025-01-22 22:30:00;6.5;1000.8;91;5.1;2.4;;11;;
000EW;2025-01-22 22:40:00;6.5;1001;91;5.1;0.8;;45;;
000EW;2025-01-22 22:50:00;6.4;1001.2;91;5.1;1.6;;45;;
000EW;2025-01-22 23:00:00;6.4;1001.4;91;5.1;0;;;0;0.2
000EW;2025-01-22 23:10:00;6.3;1001.6;91;5;1.6;;45;;
000EW;2025-01-22 23:20:00;6.3;1001.7;91;4.9;1.6;;56;;
000EW;2025-01-22 23:30:00;6.2;1001.9;91;4.9;1.6;;45;;
000EW;2025-01-22 23:40:00;6.2;1002.1;91;4.9;1.6;;45;;
000EW;2025-01-22 23:50:00;6.2;1002.5;91;4.9;2.4;;45;;
000EW;2025-01-23 00:00:00;6.2;1002.7;91;4.8;1.6;;45;0;0.4
000EW;2025-01-23 00:10:00;6.2;1002.7;91;4.8;1.6;;56;;
000EW;2025-01-23 00:20:00;6.2;1002.9;91;4.9;0.8;;68;;
000EW;2025-01-23 00:30:00;6.3;1002.8;91;4.9;0.8;;45;;
000EW;2025-01-23 00:40:00;6.3;1003.3;91;4.9;0;;;;
000EW;2025-01-23 00:50:00;6.3;1003.5;91;4.9;0;;;;
000EW;2025-01-23 01:00:00;6.3;1003.6;91;4.9;0;;;0;0
000EW;2025-01-23 01:10:00;6.3;1003.8;91;4.9;0;;;;
000EW;2025-01-23 01:20:00;6.3;1003.9;91;4.9;0;;;;
000EW;2025-01-23 01:30:00;6.3;1004;91;5;0;;;;
000EW;2025-01-23 01:40:00;6.4;1004.2;91;5;0;;;;
000EW;2025-01-23 01:50:00;6.4;1004.5;91;5.1;1.6;;326;;
000EW;2025-01-23 02:00:00;6.4;1004.6;91;5.1;0;;;0;0
000EW;2025-01-23 02:10:00;6.5;1004.7;91;5.1;0;;;;
000EW;2025-01-23 02:20:00;6.5;1005;91;5.1;0.8;;248;;
000EW;2025-01-23 02:30:00;6.6;1005.2;91;5.2;0;;;;
000EW;2025-01-23 02:40:00;6.6;1005.4;91;5.2;0;;;;
000EW;2025-01-23 02:50:00;6.6;1005.6;91;5.2;0;;;;
000EW;2025-01-23 03:00:00;6.7;1005.7;91;5.3;0;;;0;0
000EW;2025-01-23 03:10:00;6.7;1005.9;91;5.3;0;;;;
000EW;2025-01-23 03:20:00;6.7;1006.1;90;5.1;0;;;;
000EW;2025-01-23 03:30:00;6.5;1006.4;90;5;0.8;;248;;
000EW;2025-01-23 03:40:00;6.4;1006.6;89;4.7;0.8;;248;;
000EW;2025-01-23 03:50:00;6.4;1006.9;87;4.4;0.8;;248;;
000EW;2025-01-23 04:00:00;6.4;1007.1;85;4.1;0.8;;45;0;0
000EW;2025-01-23 04:10:00;6.5;1007.3;84;4;0.8;;68;;
000EW;2025-01-23 04:20:00;6.6;1007.4;84;4;0;;;;
000EW;2025-01-23 04:30:00;6.4;1007.6;84;3.9;0;;;;
000EW;2025-01-23 04:40:00;6.3;1007.7;84;3.8;1.6;;259;;
000EW;2025-01-23 04:50:00;6.3;1008;84;3.8;1.6;;248;;
000EW;2025-01-23 05:00:00;6.2;1008.4;83;3.6;1.6;;236;0;0
000EW;2025-01-23 05:10:00;6.2;1008.5;83;3.5;2.4;;68;;
000EW;2025-01-23 05:20:00;6.1;1008.8;82;3.3;0.8;;45;;
000EW;2025-01-23 05:30:00;6.2;1008.8;81;3.2;1.6;;11;;
000EW;2025-01-23 05:40:00;6.2;1008.8;82;3.4;0;;;;
000EW;2025-01-23 05:50:00;6.2;1009;81;3.2;0;;;;
000EW;2025-01-23 06:00:00;6.2;1009.2;82;3.4;0;;;0;0
000EW;2025-01-23 06:10:00;6.2;1009.5;82;3.4;0;;;;
000EW;2025-01-23 06:20:00;6.2;1009.5;82;3.4;0;;;;
000EW;2025-01-23 06:30:00;6.3;1009.8;81;3.3;0;;;;
000EW;2025-01-23 06:40:00;6.3;1010.1;81;3.3;0;;;;
000EW;2025-01-23 06:50:00;6.3;1010.5;81;3.3;0;;;;
000EW;2025-01-23 07:00:00;6.3;1010.6;81;3.3;0;;;0;0
000EW;2025-01-23 07:10:00;6.2;1010.6;81;3.2;0;;;;
000EW;2025-01-23 07:20:00;6.2;1010.7;81;3.2;0.8;;270;;
000EW;2025-01-23 07:30:00;6.1;1010.8;82;3.3;0;;;;
000EW;2025-01-23 07:40:00;6.1;1010.6;82;3.3;0;;;;
000EW;2025-01-23 07:50:00;6.1;1010.4;82;3.3;0;;;;
000EW;2025-01-23 08:00:00;6.1;1010.7;83;3.4;0;;;0;0
000EW;2025-01-23 08:10:00;5.9;1010.7;83;3.3;0;;;;
000EW;2025-01-23 08:20:00;5.8;1010.7;84;3.3;0;;;;
000EW;2025-01-23 08:30:00;5.8;1010.9;84;3.3;0;;;;
000EW;2025-01-23 08:40:00;5.7;1011.1;84;3.2;0;;;;
000EW;2025-01-23 08:50:00;5.9;1011.1;84;3.4;0.8;;180;;
000EW;2025-01-23 09:00:00;6;1010.9;83;3.3;0;;;0;0
000EW;2025-01-23 09:10:00;6.3;1010.8;82;3.4;0;;;;
000EW;2025-01-23 09:20:00;6.5;1010.8;81;3.5;0;;;;
000EW;2025-01-23 09:30:00;6.6;1011;79;3.2;0;;;;
000EW;2025-01-23 09:40:00;6.7;1011.1;79;3.3;0;;;;
000EW;2025-01-23 09:50:00;6.9;1011.2;78;3.4;1.6;;214;;
000EW;2025-01-23 10:00:00;7.1;1011.3;77;3.3;0;;;0;0
000EW;2025-01-23 10:10:00;7.2;1011.5;76;3.2;0.8;;225;;
000EW;2025-01-23 10:20:00;7.3;1011.4;76;3.4;0;;;;
000EW;2025-01-23 10:30:00;7.4;1011.2;75;3.3;0.8;;270;;
000EW;2025-01-23 10:40:00;7.3;1011.1;76;3.4;0;;;;
000EW;2025-01-23 10:50:00;7.3;1011.5;76;3.4;0;;;;
000EW;2025-01-23 11:00:00;7.3;1011.3;77;3.5;0.8;;248;0;0
000EW;2025-01-23 11:10:00;7.3;1011.3;77;3.6;0.8;;293;;
000EW;2025-01-23 11:20:00;7.5;1011.4;77;3.7;0.8;;270;;
000EW;2025-01-23 11:30:00;7.7;1011.1;76;3.7;0;;;;
000EW;2025-01-23 11:40:00;7.7;1011.1;76;3.7;1.6;;236;;
000EW;2025-01-23 11:50:00;7.8;1011.3;77;4;1.6;;214;;
000EW;2025-01-23 12:00:00;7.8;1011.2;78;4.2;0.8;;248;0;0
000EW;2025-01-23 12:10:00;7.5;1011.6;78;3.9;0.8;;180;;
000EW;2025-01-23 12:20:00;7.3;1011.2;79;3.9;3.2;;248;;
000EW;2025-01-23 12:30:00;6.9;1011;80;3.7;2.4;;180;;
000EW;2025-01-23 12:40:00;6.7;1010;82;3.9;1.6;;203;;
000EW;2025-01-23 12:50:00;6.6;1009.7;83;3.9;4.8;;214;;
000EW;2025-01-23 13:00:00;6.7;1010.1;83;4;1.6;;248;0;0
000EW;2025-01-23 13:10:00;6.9;1010.8;83;4.3;0;;;;
000EW;2025-01-23 13:20:00;7.1;1010.9;83;4.4;0;;;;
000EW;2025-01-23 13:30:00;7.3;1010.7;82;4.4;1.6;;236;;
000EW;2025-01-23 13:40:00;7.4;1010.5;82;4.6;0;;;;
000EW;2025-01-23 13:50:00;7.6;1010.3;81;4.6;0.8;;180;;
000EW;2025-01-23 14:00:00;7.8;1010.2;81;4.7;2.4;;236;0;0
000EW;2025-01-23 14:10:00;7.8;1010.2;80;4.6;1.6;;259;;
000EW;2025-01-23 14:20:00;8.1;1010.4;79;4.6;1.6;;281;;
000EW;2025-01-23 14:30:00;8.3;1010.3;78;4.7;0.8;;248;;
000EW;2025-01-23 14:40:00;8.2;1010.1;79;4.7;4.8;;236;;
000EW;2025-01-23 14:50:00;8.2;1010;79;4.8;2.4;;191;;
000EW;2025-01-23 15:00:00;8.2;1010.1;79;4.8;1.6;;203;0;0
000EW;2025-01-23 15:10:00;8.3;1010.1;79;4.9;4.8;;191;;
000EW;2025-01-23 15:20:00;8.3;1010;79;4.9;5.6;;203;;
000EW;2025-01-23 15:30:00;8.4;1009.9;78;4.8;4;;203;;
000EW;2025-01-23 15:40:00;8.4;1009.8;78;4.8;0.8;;203;;
000EW;2025-01-23 15:50:00;8.4;1009.9;78;4.8;3.2;;236;;
000EW;2025-01-23 16:00:00;8.4;1009.8;78;4.8;4.8;;203;0;0
000EW;2025-01-23 16:10:00;8.4;1009.8;79;5;2.4;;214;;
000EW;2025-01-23 16:20:00;8.5;1009.7;79;5.1;4.8;;214;;
000EW;2025-01-23 16:30:00;8.3;1009.8;81;5.3;4.8;;191;;
000EW;2025-01-23 16:40:00;8.2;1009.6;82;5.3;0.8;;248;;
000EW;2025-01-23 16:50:00;8.1;1009.6;83;5.4;4.8;;191;;
000EW;2025-01-23 17:00:00;8.1;1009.6;83;5.3;4;;214;0;0.2
000EW;2025-01-23 17:10:00;8.1;1009.6;83;5.3;5.6;;225;;
000EW;2025-01-23 17:20:00;8.1;1009.8;84;5.5;2.4;;203;;
000EW;2025-01-23 17:30:00;8;1009.8;84;5.5;3.2;;203;;
000EW;2025-01-23 17:40:00;7.9;1009.7;84;5.4;3.2;;214;;
000EW;2025-01-23 17:50:00;7.9;1009.5;85;5.6;1.6;;203;;
000EW;2025-01-23 18:00:00;7.9;1009.6;84;5.4;4.8;;214;0.2;0
000EW;2025-01-23 18:10:00;8;1009.6;85;5.6;3.2;;236;;
000EW;2025-01-23 18:20:00;8.1;1009.6;84;5.5;2.4;;214;;
000EW;2025-01-23 18:30:00;8.1;1009.2;84;5.5;4;;259;;
000EW;2025-01-23 18:40:00;8.1;1009.1;84;5.5;3.2;;225;;
000EW;2025-01-23 18:50:00;8.2;1009.2;84;5.6;4.8;;225;;
000EW;2025-01-23 19:00:00;8.3;1009.1;83;5.6;0.8;;248;0;0
000EW;2025-01-23 19:10:00;8.4;1008.9;82;5.5;4.8;;236;;
000EW;2025-01-23 19:20:00;8.4;1008.9;82;5.5;7.2;;236;;
000EW;2025-01-23 19:30:00;8.5;1008.9;82;5.6;6.4;;248;;
000EW;2025-01-23 19:40:00;8.5;1009;83;5.8;7.2;;270;;
000EW;2025-01-23 19:50:00;8.6;1009.1;83;5.8;4;;259;;
000EW;2025-01-23 20:00:00;8.6;1009.2;83;5.8;8;;248;0;0
000EW;2025-01-23 20:10:00;8.6;1009.5;84;6;4;;248;;
000EW;2025-01-23 20:20:00;8.6;1009.6;84;6.1;6.4;;248;;
000EW;2025-01-23 20:30:00;8.6;1009.7;84;6.1;4;;259;;
000EW;2025-01-23 20:40:00;8.7;1009.9;84;6.1;4.8;;259;;
000EW;2025-01-23 20:50:00;8.7;1009.6;84;6.2;0.8;;248;;
000EW;2025-01-23 21:00:00;8.8;1009.7;85;6.4;1.6;;259;0;0
000EW;2025-01-23 21:10:00;8.8;1009.6;85;6.5;1.6;;236;;
000EW;2025-01-23 21:20:00;8.9;1009.5;85;6.6;3.2;;259;;
000EW;2025-01-23 21:30:00;9.1;1009.9;85;6.7;1.6;;236;;
000EW;2025-01-23 21:40:00;9.1;1010;85;6.7;1.6;;259;;
000EW;2025-01-23 21:50:00;9.1;1009.8;85;6.7;1.6;;248;;
000EW;2025-01-23 22:00:00;9.1;1009.9;85;6.7;1.6;;248;0;0
000EW;2025-01-23 22:10:00;9.1;1009.8;85;6.7;2.4;;293;;
000EW;2025-01-23 22:20:00;9.1;1009.8;85;6.7;1.6;;248;;
000EW;2025-01-23 22:30:00;9.1;1009.7;85;6.7;0.8;;248;;
000EW;2025-01-23 22:50:00;9.1;1009.6;84;6.5;1.6;;203;;
000EW;2025-01-23 23:00:00;9.2;1009.7;84;6.6;2.4;;236;0;0
000EW;2025-01-23 23:10:00;9.2;1009.4;84;6.7;0.8;;225;;
000EW;2025-01-23 23:20:00;9.2;1009.4;84;6.7;2.4;;248;;
000EW;2025-01-23 23:30:00;9.2;1009.4;84;6.7;1.6;;259;;
000EW;2025-01-23 23:40:00;9.2;1009.7;84;6.6;3.2;;236;;
000EW;2025-01-23 23:50:00;9.1;1009.9;84;6.6;2.4;;236;;
000EW;2025-01-24 00:00:00;9;1009.9;84;6.4;3.2;;270;0;0
000EW;2025-01-24 00:10:00;8.9;1009.9;84;6.4;1.6;;248;;
000EW;2025-01-24 00:20:00;8.9;1010;84;6.4;3.2;;270;;
000EW;2025-01-24 00:30:00;8.9;1010;84;6.3;2.4;;236;;
000EW;2025-01-24 00:40:00;8.8;1009.8;84;6.3;1.6;;248;;
000EW;2025-01-24 00:50:00;8.8;1009.8;84;6.3;1.6;;248;;
000EW;2025-01-24 01:00:00;8.8;1009.5;83;6.1;1.6;;214;0;0
000EW;2025-01-24 01:10:00;8.8;1009.4;84;6.2;0;;;;
000EW;2025-01-24 01:20:00;8.7;1009.2;83;5.9;1.6;;191;;
000EW;2025-01-24 01:30:00;8.6;1009.4;83;5.9;1.6;;225;;
000EW;2025-01-24 01:40:00;8.6;1009.2;83;5.8;1.6;;248;;
000EW;2025-01-24 01:50:00;8.6;1009.3;82;5.7;0.8;;225;;
000EW;2025-01-24 02:00:00;8.6;1009.2;82;5.7;1.6;;214;0;0
000EW;2025-01-24 02:10:00;8.6;1009.1;81;5.5;1.6;;180;;
000EW;2025-01-24 02:20:00;8.6;1009;81;5.5;1.6;;248;;
000EW;2025-01-24 02:30:00;8.5;1008.8;81;5.4;0.8;;225;;
000EW;2025-01-24 02:40:00;8.5;1008.8;81;5.4;2.4;;259;;
000EW;2025-01-24 02:50:00;8.4;1008.5;81;5.4;2.4;;214;;
000EW;2025-01-24 03:00:00;8.4;1008.2;81;5.4;2.4;;248;0;0
000EW;2025-01-24 03:10:00;8.4;1008.1;81;5.4;2.4;;180;;
000EW;2025-01-24 03:20:00;8.4;1007.8;81;5.3;0;;;;
000EW;2025-01-24 03:30:00;8.3;1007.7;81;5.3;1.6;;214;;
000EW;2025-01-24 03:40:00;8.3;1007.4;81;5.3;0.8;;158;;
000EW;2025-01-24 03:50:00;8.3;1007.3;81;5.3;1.6;;225;;
000EW;2025-01-24 04:00:00;8.3;1007.2;80;5.1;1.6;;214;0;0
000EW;2025-01-24 04:10:00;8.3;1007;80;5.1;0;;;;
000EW;2025-01-24 04:20:00;8.3;1007.2;80;5.1;1.6;;225;;
000EW;2025-01-24 04:30:00;8.3;1006.8;79;4.9;1.6;;180;;
000EW;2025-01-24 04:40:00;8.3;1006.7;79;4.9;3.2;;214;;
000EW;2025-01-24 04:50:00;8.4;1007.2;78;4.8;1.6;;203;;
000EW;2025-01-24 05:00:00;8.4;1007.1;78;4.8;1.6;;203;0;0
000EW;2025-01-24 05:10:00;8.4;1006.9;78;4.8;1.6;;225;;
000EW;2025-01-24 05:20:00;8.4;1006.3;77;4.6;4;;214;;
000EW;2025-01-24 05:30:00;8.4;1006.4;77;4.6;5.6;;214;;
000EW;2025-01-24 05:40:00;8.3;1006.1;77;4.5;4;;191;;
000EW;2025-01-24 05:50:00;8.3;1006;77;4.5;5.6;;169;;
000EW;2025-01-24 06:00:00;8.2;1006.1;77;4.4;6.4;;248;0;0
000EW;2025-01-24 06:10:00;8.2;1006;78;4.6;8;;191;;
000EW;2025-01-24 06:20:00;8.2;1006.3;78;4.6;3.2;;203;;
000EW;2025-01-24 06:30:00;8.1;1006.2;78;4.5;4;;180;;
000EW;2025-01-24 06:40:00;8.1;1006.2;78;4.5;5.6;;214;;
000EW;2025-01-24 06:50:00;8.1;1006;78;4.5;4.8;;225;;
000EW;2025-01-24 07:00:00;8.1;1005.8;78;4.5;4.8;;214;0;0
000EW;2025-01-24 07:10:00;8.1;1005.5;78;4.5;5.6;;225;;
000EW;2025-01-24 07:20:00;8.1;1005.5;78;4.5;6.4;;236;;
000EW;2025-01-24 07:30:00;8.1;1005.4;78;4.5;6.4;;214;;
000EW;2025-01-24 07:40:00;8;1005.5;79;4.6;8;;214;;
000EW;2025-01-24 07:50:00;8.1;1005.4;79;4.6;3.2;;214;;
000EW;2025-01-24 08:00:00;8.2;1005.6;78;4.6;7.2;;203;0;0
000EW;2025-01-24 08:10:00;8.2;1005.5;79;4.8;6.4;;225;;
000EW;2025-01-24 08:20:00;8.2;1005.4;79;4.8;5.6;;203;;
000EW;2025-01-24 08:30:00;8.3;1005.3;80;5;7.2;;214;;
000EW;2025-01-24 08:40:00;8.3;1005.2;80;5.1;9.7;;203;;
000EW;2025-01-24 08:50:00;8.4;1005;80;5.1;9.7;;214;;
000EW;2025-01-24 09:00:00;8.6;1005;80;5.3;7.2;;203;0;0
000EW;2025-01-24 09:10:00;8.7;1005.2;79;5.3;8.9;;203;;
000EW;2025-01-24 09:20:00;8.8;1005;79;5.4;7.2;;214;;
000EW;2025-01-24 09:30:00;8.9;1004.9;79;5.4;4.8;;203;;
000EW;2025-01-24 09:40:00;8.9;1005;79;5.5;8;;225;;
000EW;2025-01-24 09:50:00;9.1;1005;80;5.8;10.5;;203;;
000EW;2025-01-24 10:00:00;9.2;1004.9;80;6;6.4;;214;0;0
000EW;2025-01-24 10:10:00;9.4;1005;80;6.1;5.6;;214;;
000EW;2025-01-24 10:20:00;9.6;1005.2;79;6.1;1.6;;225;;
000EW;2025-01-24 10:30:00;9.9;1005.2;79;6.4;8;;214;;
000EW;2025-01-24 10:40:00;10;1005.1;78;6.3;5.6;;293;;
000EW;2025-01-24 10:50:00;10.2;1005;78;6.5;4.8;;248;;
000EW;2025-01-24 11:00:00;10.3;1004.9;78;6.6;5.6;;214;0;0.2
000EW;2025-01-24 11:10:00;10.4;1005;78;6.8;4.8;;225;;
000EW;2025-01-24 11:20:00;10.5;1005.1;79;7;8;;259;;
000EW;2025-01-24 11:30:00;10.4;1005.1;80;7.1;8.9;;270;;
000EW;2025-01-24 11:40:00;10.3;1004.9;82;7.4;4;;248;;
000EW;2025-01-24 11:50:00;10.3;1005;83;7.5;5.6;;225;;
000EW;2025-01-24 12:00:00;10.1;1004.8;84;7.5;8;;203;0.6;0.4
000EW;2025-01-24 12:10:00;10.2;1004.5;84;7.6;7.2;;270;;
000EW;2025-01-24 12:20:00;10.2;1004.4;84;7.6;7.2;;214;;
000EW;2025-01-24 12:30:00;10.2;1004.4;84;7.6;3.2;;248;;
000EW;2025-01-24 12:40:00;10.2;1004.4;85;7.8;5.6;;248;;
000EW;2025-01-24 12:50:00;10.2;1004.4;85;7.8;4.8;;281;;
000EW;2025-01-24 13:00:00;10.3;1004.3;85;7.9;4.8;;259;0;0.6
000EW;2025-01-24 13:10:00;10.4;1004.2;86;8.1;3.2;;236;;
000EW;2025-01-24 13:20:00;10.4;1004.2;86;8.2;2.4;;270;;
000EW;2025-01-24 13:30:00;10.6;1004.2;86;8.3;2.4;;248;;
000EW;2025-01-24 13:40:00;10.7;1004.1;85;8.3;3.2;;248;;
000EW;2025-01-24 13:50:00;10.7;1004;85;8.3;4.8;;270;;
000EW;2025-01-24 14:00:00;10.8;1003.9;84;8.2;4;;225;0;0.2
000EW;2025-01-24 14:10:00;11;1003.9;83;8.2;4;;248;;
000EW;2025-01-24 14:20:00;11.2;1003.9;83;8.4;4;;270;;
000EW;2025-01-24 14:30:00;11.3;1003.8;81;8.2;3.2;;236;;
000EW;2025-01-24 14:40:00;11.5;1003.7;80;8.2;4.8;;259;;
000EW;2025-01-24 14:50:00;11.7;1003.8;79;8.2;2.4;;236;;
000EW;2025-01-24 15:00:00;11.9;1003.8;77;8;2.4;;225;0.8;0
000EW;2025-01-24 15:10:00;12.1;1003.9;77;8.1;2.4;;248;;
000EW;2025-01-24 15:20:00;12.1;1003.9;77;8.2;3.2;;259;;
000EW;2025-01-24 15:30:00;12.1;1003.8;77;8.2;2.4;;281;;
000EW;2025-01-24 15:40:00;12.2;1003.8;77;8.3;2.4;;203;;
000EW;2025-01-24 15:50:00;12.2;1003.8;78;8.4;3.2;;225;;
000EW;2025-01-24 16:00:00;12.2;1003.8;78;8.4;2.4;;236;0;0
000EW;2025-01-24 16:10:00;12.1;1003.7;80;8.7;2.4;;248;;
000EW;2025-01-24 16:20:00;11.8;1003.7;82;8.9;2.4;;248;;
000EW;2025-01-24 16:30:00;11.8;1003.7;82;8.8;0.8;;203;;
000EW;2025-01-24 16:40:00;11.9;1003.5;81;8.8;0;;;;
000EW;2025-01-24 16:50:00;12.2;1003.5;80;8.8;0.8;;180;;
000EW;2025-01-24 17:00:00;12.4;1003.5;79;8.9;1.6;;203;0;0
000EW;2025-01-24 17:10:00;12.6;1003.4;78;8.9;1.6;;270;;
000EW;2025-01-24 17:20:00;12.6;1003.5;79;9.1;0.8;;270;;
000EW;2025-01-24 17:30:00;12.6;1003.5;79;9.1;0;;;;
000EW;2025-01-24 17:40:00;12.7;1003.7;79;9.1;1.6;;180;;
000EW;2025-01-24 17:50:00;12.7;1003.6;79;9.2;1.6;;259;;
000EW;2025-01-24 18:00:00;12.7;1003.7;80;9.4;0.8;;270;0;0
000EW;2025-01-24 18:10:00;12.5;1003.8;83;9.7;1.6;;236;;
000EW;2025-01-24 18:20:00;12.3;1003.8;85;9.8;1.6;;191;;
000EW;2025-01-24 18:30:00;12.2;1003.8;85;9.7;0.8;;180;;
000EW;2025-01-24 18:40:00;12.2;1003.7;84;9.6;0;;;;
000EW;2025-01-24 18:50:00;12.3;1003.6;83;9.5;0.8;;203;;
000EW;2025-01-24 19:00:00;12.4;1003.5;83;9.6;0.8;;180;0;0
000EW;2025-01-24 19:10:00;12.6;1003.5;82;9.6;0;;;;
000EW;2025-01-24 19:20:00;12.7;1003.5;81;9.5;0;;;;
000EW;2025-01-24 19:30:00;12.9;1003.4;80;9.6;0;;;;
000EW;2025-01-24 19:40:00;13.1;1003.3;80;9.7;0.8;;180;;
000EW;2025-01-24 19:50:00;13.3;1003.3;80;9.9;0.8;;225;;
000EW;2025-01-24 20:00:00;13.4;1003.5;80;10.1;0.8;;180;0;0
000EW;2025-01-24 20:10:00;13.4;1003.4;80;10;2.4;;248;;
000EW;2025-01-24 20:20:00;13.3;1003.4;80;10;0.8;;248;;
000EW;2025-01-24 20:30:00;13.3;1003.2;79;9.7;0.8;;270;;
000EW;2025-01-24 20:40:00;13.3;1003.4;78;9.6;1.6;;191;;
000EW;2025-01-24 20:50:00;13.5;1003.3;77;9.5;1.6;;225;;
000EW;2025-01-24 21:00:00;13.6;1003.2;76;9.4;1.6;;203;0;0
000EW;2025-01-24 21:10:00;13.5;1003.1;76;9.4;1.6;;225;;
000EW;2025-01-24 21:20:00;13.5;1003.1;76;9.4;0;;;;
000EW;2025-01-24 21:30:00;13.5;1003;75;9.2;1.6;;191;;
000EW;2025-01-24 21:40:00;13.4;1002.8;75;9.1;0.8;;248;;
000EW;2025-01-24 21:50:00;13.4;1002.8;75;9.1;0;;;;
000EW;2025-01-24 22:00:00;13.3;1002.8;75;9;0.8;;225;0;0
000EW;2025-01-24 22:10:00;13.2;1002.7;76;9.1;0.8;;225;;
000EW;2025-01-24 22:20:00;13.1;1002.6;77;9.1;0.8;;225;;
000EW;2025-01-24 22:30:00;12.9;1002.5;78;9.2;1.6;;236;;
000EW;2025-01-24 22:40:00;12.8;1002.4;78;9;0.8;;180;;
000EW;2025-01-24 22:50:00;12.7;1002.2;79;9.2;0.8;;203;;
000EW;2025-01-24 23:00:00;12.7;1002.1;79;9.1;0;;;0;0
000EW;2025-01-24 23:10:00;12.6;1002.3;80;9.3;1.6;;248;;
000EW;2025-01-24 23:20:00;12.6;1002.4;81;9.4;1.6;;203;;
000EW;2025-01-24 23:30:00;12.3;1002.5;82;9.3;0.8;;225;;
000EW;2025-01-24 23:40:00;12.1;1002.3;84;9.5;1.6;;214;;
000EW;2025-01-24 23:50:00;12;1002.6;85;9.6;0.8;;248;;
000EW;2025-01-25 00:00:00;11.9;1002.5;85;9.5;0.8;;225;0;0.4
000EW;2025-01-25 00:10:00;11.9;1002.4;84;9.3;0.8;;203;;
000EW;2025-01-25 00:20:00;11.9;1002.5;84;9.3;0.8;;180;;
000EW;2025-01-25 00:30:00;12.1;1002.5;83;9.3;0;;;;
000EW;2025-01-25 00:40:00;12.1;1002.5;82;9.1;0.8;;225;;
000EW;2025-01-25 00:50:00;12.2;1002.5;81;9.1;0.8;;180;;
000EW;2025-01-25 01:00:00;12.3;1002.5;80;8.9;0.8;;225;0;0
000EW;2025-01-25 01:10:00;12.4;1002.4;79;8.9;0;;;;
000EW;2025-01-25 01:20:00;12.5;1002.3;78;8.8;0;;;;
000EW;2025-01-25 01:30:00;12.7;1002.3;76;8.5;0;;;;
000EW;2025-01-25 01:40:00;12.8;1002.2;75;8.5;0;;;;
000EW;2025-01-25 01:50:00;12.9;1002;74;8.4;0.8;;180;;
000EW;2025-01-25 02:00:00;13;1002;73;8.3;0;;;0;0
000EW;2025-01-25 02:10:00;13.1;1002;72;8.1;1.6;;191;;
000EW;2025-01-25 02:20:00;13.1;1002;72;8.1;0.8;;180;;
000EW;2025-01-25 02:30:00;12.9;1001.9;74;8.4;1.6;;203;;
000EW;2025-01-25 02:40:00;12.7;1001.5;76;8.5;0.8;;180;;
000EW;2025-01-25 02:50:00;12.4;1001.7;77;8.5;2.4;;203;;
000EW;2025-01-25 03:00:00;12.3;1001.5;78;8.6;1.6;;203;0;0.2
000EW;2025-01-25 03:10:00;12.2;1001.5;79;8.7;0;;;;
000EW;2025-01-25 03:20:00;12.2;1001.4;79;8.6;0.8;;225;;
000EW;2025-01-25 03:30:00;12.1;1001.3;79;8.6;0;;;;
000EW;2025-01-25 03:40:00;12.2;1001.3;79;8.6;1.6;;225;;
000EW;2025-01-25 03:50:00;12.2;1001.2;79;8.6;0.8;;225;;
000EW;2025-01-25 04:00:00;12.2;1001.3;79;8.7;2.4;;214;0;0.2
000EW;2025-01-25 04:10:00;12.3;1001.4;79;8.7;1.6;;225;;
000EW;2025-01-25 04:20:00;12.3;1001.3;79;8.8;1.6;;225;;
000EW;2025-01-25 04:30:00;12.3;1001.3;79;8.8;0.8;;225;;
000EW;2025-01-25 04:40:00;12.4;1001.2;79;8.8;1.6;;191;;
000EW;2025-01-25 04:50:00;12.4;1000.9;78;8.7;1.6;;248;;
000EW;2025-01-25 05:00:00;12.4;1001;78;8.7;0;;;0;0
000EW;2025-01-25 05:10:00;12.6;1001.1;77;8.6;0.8;;293;;
000EW;2025-01-25 05:20:00;12.8;1000.9;76;8.7;0.8;;203;;
000EW;2025-01-25 05:30:00;12.9;1000.6;75;8.6;1.6;;248;;
000EW;2025-01-25 05:40:00;12.9;1000.9;75;8.6;1.6;;203;;
000EW;2025-01-25 05:50:00;12.9;1001;75;8.6;1.6;;214;;
000EW;2025-01-25 06:00:00;12.9;1001.3;75;8.6;1.6;;259;0.2;0
000EW;2025-01-25 06:10:00;13;1001.6;75;8.7;1.6;;214;;
000EW;2025-01-25 06:20:00;12.9;1001.3;76;8.8;0;;;;
000EW;2025-01-25 06:30:00;12.9;1001.7;76;8.8;2.4;;225;;
000EW;2025-01-25 06:40:00;12.8;1001.9;77;8.8;1.6;;270;;
000EW;2025-01-25 06:50:00;12.7;1002.2;77;8.7;1.6;;259;;
000EW;2025-01-25 07:00:00;12.6;1002.3;78;8.9;1.6;;225;0;0
000EW;2025-01-25 07:10:00;12.6;1002.4;79;9;1.6;;270;;
000EW;2025-01-25 07:20:00;12.5;1002.8;79;9;1.6;;270;;
000EW;2025-01-25 07:30:00;11.8;1003.5;80;8.4;0.8;;68;;
000EW;2025-01-25 07:40:00;11.1;1003.9;83;8.3;0.8;;270;;
000EW;2025-01-25 07:50:00;10.4;1004;86;8.1;0;;;;
000EW;2025-01-25 08:00:00;10;1004.1;87;7.9;1.6;;56;0;0
000EW;2025-01-25 08:10:00;9.7;1004.3;88;7.8;1.6;;45;;
000EW;2025-01-25 08:20:00;9.7;1004.7;89;7.9;0.8;;68;;
000EW;2025-01-25 08:30:00;9.5;1005;89;7.8;0;;;;
000EW;2025-01-25 08:40:00;9.5;1005;89;7.8;0;;;;
000EW;2025-01-25 08:50:00;9.6;1005.1;89;7.8;0;;;;
000EW;2025-01-25 09:00:00;9.5;1005.2;89;7.8;0;;;0;0
000EW;2025-01-25 09:10:00;9.6;1005.4;88;7.7;0;;;;
000EW;2025-01-25 09:20:00;9.6;1005.5;87;7.6;0;;;;
000EW;2025-01-25 09:30:00;9.7;1005.7;87;7.7;0;;;;
000EW;2025-01-25 09:40:00;9.7;1006;87;7.7;0;;;;
000EW;2025-01-25 09:50:00;9.8;1006.3;86;7.5;0;;;;
000EW;2025-01-25 10:00:00;9.8;1006.4;85;7.4;0;;;0;0
000EW;2025-01-25 10:10:00;9.8;1006.5;84;7.3;0;;;;
000EW;2025-01-25 10:20:00;9.9;1006.5;83;7.1;0;;;;
000EW;2025-01-25 10:30:00;9.9;1006.7;82;7;0;;;;
000EW;2025-01-25 10:40:00;10.1;1006.9;81;7;0;;;;
000EW;2025-01-25 10:50:00;10.2;1006.9;80;6.9;0;;;;
000EW;2025-01-25 11:00:00;10.2;1006.7;80;6.9;0;;;0;0
000EW;2025-01-25 11:10:00;10.2;1006.6;80;6.9;0;;;;
000EW;2025-01-25 11:20:00;10.3;1006.7;81;7.2;0;;;;
000EW;2025-01-25 11:30:00;10.4;1006.8;81;7.3;0;;;;
000EW;2025-01-25 11:40:00;10.4;1006.7;81;7.3;0;;;;
000EW;2025-01-25 11:50:00;10.4;1006.8;81;7.3;0;;;;
000EW;2025-01-25 12:00:00;10.4;1006.8;82;7.4;0;;;0;0
000EW;2025-01-25 12:10:00;10.4;1006.4;81;7.3;0;;;;
000EW;2025-01-25 12:20:00;10.4;1006.5;81;7.3;0;;;;
000EW;2025-01-25 12:30:00;10.4;1006.4;81;7.3;0;;;;
000EW;2025-01-25 12:40:00;10.4;1006;80;7.1;0;;;;
000EW;2025-01-25 12:50:00;10.4;1005.9;80;7.1;0;;;;
000EW;2025-01-25 13:00:00;10.6;1005.8;80;7.3;0;;;0;0
000EW;2025-01-25 13:10:00;10.7;1005.7;79;7.2;0;;;;
000EW;2025-01-25 13:20:00;10.7;1005.5;79;7.2;0;;;;
000EW;2025-01-25 13:30:00;10.7;1005.2;80;7.4;0;;;;
000EW;2025-01-25 13:40:00;10.7;1004.7;79;7.2;0;;;;
000EW;2025-01-25 13:50:00;10.6;1004.9;80;7.3;0;;;;
000EW;2025-01-25 14:00:00;10.6;1005.3;80;7.3;0;;;0;0
000EW;2025-01-25 14:10:00;10.6;1005.3;80;7.3;0;;;;
000EW;2025-01-25 14:20:00;10.6;1005.3;80;7.3;0;;;;
000EW;2025-01-25 14:30:00;10.5;1005;82;7.6;0;;;;
000EW;2025-01-25 14:40:00;10.3;1004.9;83;7.6;0;;;;
000EW;2025-01-25 14:50:00;10.2;1004.9;83;7.4;0;;;;
000EW;2025-01-25 15:00:00;10.1;1004.8;84;7.5;0;;;0;0
000EW;2025-01-25 15:10:00;10;1004.8;84;7.4;0;;;;
000EW;2025-01-25 15:20:00;9.8;1004.6;85;7.4;0;;;;
000EW;2025-01-25 15:30:00;9.8;1004.6;86;7.5;0;;;;
000EW;2025-01-25 15:40:00;9.8;1004.3;86;7.5;0;;;;
000EW;2025-01-25 15:50:00;9.7;1004.4;86;7.5;0;;;;
000EW;2025-01-25 16:00:00;9.7;1004.3;87;7.6;0;;;0;0.2
000EW;2025-01-25 16:10:00;9.6;1004.6;87;7.5;0;;;;
000EW;2025-01-25 16:20:00;9.4;1004.7;88;7.6;0;;;;
000EW;2025-01-25 16:30:00;9.4;1004.6;88;7.5;0;;;;
000EW;2025-01-26 09:00:00;3.1;1008.5;87;1.1;5.6;;158;0;0
000EW;2025-01-26 09:10:00;3.1;1008.2;87;1.1;8.9;;158;;
000EW;2025-01-26 09:20:00;3.2;1008.3;87;1.2;8;;169;;
000EW;2025-01-26 09:30:00;3.3;1008.3;87;1.3;4;;158;;
000EW;2025-01-26 11:00:00;4.6;1005.7;86;2.4;3.2;;146;0;0
000EW;2025-01-26 11:10:00;4.7;1005.9;85;2.4;3.2;;158;;
000EW;2025-01-26 11:20:00;4.8;1006;85;2.5;3.2;;158;;
000EW;2025-01-26 11:30:00;5;1005.5;85;2.7;4;;158;;
000EW;2025-01-26 11:40:00;5.1;1005.4;85;2.8;3.2;;180;;
000EW;2025-01-26 11:50:00;5.2;1005.1;84;2.7;2.4;;169;;
000EW;2025-01-26 12:00:00;5.4;1004.7;84;2.9;1.6;;158;0;0
000EW;2025-01-26 12:10:00;5.5;1004.5;83;2.8;1.6;;169;;
000EW;2025-01-26 12:20:00;5.6;1004.1;83;3;2.4;;158;;
000EW;2025-01-26 12:30:00;5.7;1003.7;83;3;0.8;;158;;
000EW;2025-01-26 12:40:00;5.7;1003.6;83;3.1;2.4;;135;;
000EW;2025-01-26 12:50:00;5.8;1003.4;83;3.2;0.8;;180;;
000EW;2025-01-26 13:00:00;6;1003;83;3.3;1.6;;135;0;0
000EW;2025-01-26 13:10:00;6.2;1002.6;82;3.4;1.6;;135;;
000EW;2025-01-26 13:20:00;6.4;1002.3;82;3.6;0.8;;135;;
000EW;2025-01-26 13:30:00;6.5;1002.2;82;3.7;2.4;;158;;
000EW;2025-01-26 13:40:00;6.6;1001.7;82;3.7;3.2;;135;;
000EW;2025-01-26 13:50:00;6.6;1001.3;82;3.7;0.8;;180;;
000EW;2025-01-26 14:00:00;6.7;1000.8;83;4;3.2;;169;0;0.2
000EW;2025-01-26 14:10:00;6.7;1000.4;83;4;4;;146;;
000EW;2025-01-26 14:20:00;6.8;1000;83;4.1;2.4;;146;;
000EW;2025-01-26 14:30:00;6.8;999.7;83;4.1;4;;169;;
000EW;2025-01-26 14:40:00;6.8;999.4;84;4.3;3.2;;158;;
000EW;2025-01-26 14:50:00;6.9;999;85;4.6;2.4;;169;;
000EW;2025-01-26 15:00:00;7.1;998.6;85;4.7;4.8;;158;0.6;0.4
000EW;2025-01-26 15:10:00;7.2;998.5;85;4.8;1.6;;135;;
000EW;2025-01-26 15:20:00;7.3;998.3;86;5.1;2.4;;146;;
000EW;2025-01-26 15:30:00;7.3;998.3;86;5.1;8;;158;;
000EW;2025-01-26 15:40:00;7.5;998;86;5.3;5.6;;135;;
000EW;2025-01-26 15:50:00;7.6;997.8;86;5.4;4;;146;;
000EW;2025-01-26 16:00:00;7.7;997.5;85;5.3;4.8;;135;0;0
000EW;2025-01-26 16:10:00;7.8;997.3;85;5.4;5.6;;135;;
000EW;2025-01-26 16:20:00;7.9;997.2;85;5.6;5.6;;146;;
000EW;2025-01-26 16:30:00;8.1;996.9;84;5.6;5.6;;169;;
000EW;2025-01-26 16:40:00;8.3;996.7;84;5.7;1.6;;158;;
000EW;2025-01-26 16:50:00;8.5;996.8;84;6;1.6;;248;;
000EW;2025-01-26 17:00:00;8.8;996.6;82;5.9;1.6;;191;0;0
000EW;2025-01-26 17:10:00;9.3;996.9;81;6.2;2.4;;180;;
000EW;2025-01-26 17:20:00;9.7;996.7;79;6.2;3.2;;225;;
000EW;2025-01-26 17:30:00;9.8;996.4;79;6.4;3.2;;214;;
000EW;2025-01-26 17:40:00;9.9;996.2;79;6.5;1.6;;135;;
000EW;2025-01-26 17:50:00;10;996.2;78;6.3;2.4;;236;;
000EW;2025-01-26 18:00:00;10;996.2;79;6.5;3.2;;225;0;0
000EW;2025-01-26 18:10:00;10;996.2;79;6.5;1.6;;225;;
000EW;2025-01-26 18:20:00;10.1;995.8;79;6.6;4;;203;;
000EW;2025-01-26 18:30:00;10.1;995.6;80;6.8;2.4;;214;;
000EW;2025-01-26 18:40:00;10.2;995.7;80;6.9;2.4;;191;;
000EW;2025-01-26 18:50:00;10.2;995.6;80;6.9;2.4;;236;;
000EW;2025-01-26 19:00:00;10.3;995.5;80;7;0.8;;225;0;0
000EW;2025-01-26 19:10:00;10.4;995.6;80;7.1;3.2;;203;;
000EW;2025-01-26 19:20:00;10.6;995.4;80;7.3;2.4;;214;;
000EW;2025-01-26 19:30:00;10.6;995.2;80;7.3;1.6;;203;;
000EW;2025-01-26 19:40:00;10.6;994.9;80;7.3;2.4;;180;;
000EW;2025-01-26 19:50:00;10.7;994.8;80;7.4;1.6;;146;;
000EW;2025-01-26 20:00:00;10.7;994.4;80;7.4;1.6;;214;0;0
000EW;2025-01-26 20:10:00;10.8;994.5;79;7.3;2.4;;225;;
000EW;2025-01-26 20:20:00;10.8;994.6;79;7.3;2.4;;225;;
000EW;2025-01-26 20:30:00;10.8;994.3;79;7.3;0.8;;225;;
000EW;2025-01-26 20:40:00;10.7;994.3;79;7.2;1.6;;191;;
000EW;2025-01-26 20:50:00;10.7;994.1;79;7.2;0;;;;
000EW;2025-01-26 21:00:00;10.7;993.7;80;7.4;2.4;;236;0;0
000EW;2025-01-26 21:10:00;10.6;993.8;81;7.5;2.4;;169;;
000EW;2025-01-26 21:20:00;10.5;993.6;81;7.4;0.8;;180;;
000EW;2025-01-26 21:30:00;10.4;993.5;82;7.5;1.6;;236;;
000EW;2025-01-26 21:40:00;10.4;993.4;82;7.4;0.8;;248;;
000EW;2025-01-26 21:50:00;10.3;993;83;7.5;2.4;;225;;
000EW;2025-01-26 22:00:00;10.2;992.6;83;7.5;1.6;;248;0;0
000EW;2025-01-26 22:10:00;10.2;992.6;83;7.4;1.6;;146;;
000EW;2025-01-26 22:20:00;10.1;992.4;84;7.5;2.4;;203;;
000EW;2025-01-26 22:30:00;9.9;992.1;85;7.5;2.4;;169;;
000EW;2025-01-26 22:40:00;9.8;991.8;86;7.5;2.4;;191;;
000EW;2025-01-26 22:50:00;9.7;991.6;87;7.6;3.2;;158;;
000EW;2025-01-26 23:00:00;9.5;991.3;88;7.6;2.4;;169;0;1.8
000EW;2025-01-26 23:10:00;9.4;990.8;89;7.7;4;;146;;
000EW;2025-01-26 23:20:00;9.4;990;90;7.8;4;;146;;
000EW;2025-01-26 23:30:00;9.4;989.2;90;7.8;7.2;;158;;
000EW;2025-01-26 23:40:00;9.4;989.4;90;7.9;6.4;;158;;
000EW;2025-01-26 23:50:00;9.6;989.2;90;8;6.4;;158;;
000EW;2025-01-27 00:00:00;9.7;988.5;90;8.1;5.6;;146;0;1.4
000EW;2025-01-27 00:10:00;9.8;988.5;89;8.1;5.6;;203;;
000EW;2025-01-27 00:20:00;10;988;89;8.3;4;;158;;
000EW;2025-01-27 00:30:00;10.2;988.4;89;8.4;8;;180;;
000EW;2025-01-27 00:40:00;10.5;988.4;88;8.6;5.6;;169;;
000EW;2025-01-27 00:50:00;11;987.9;87;8.9;6.4;;169;;
000EW;2025-01-27 01:00:00;11.4;987.8;86;9.1;7.2;;191;0;0
000EW;2025-01-27 01:10:00;11.4;987.7;87;9.3;6.4;;180;;
000EW;2025-01-27 01:20:00;11.4;987.5;87;9.4;4.8;;203;;
000EW;2025-01-27 01:30:00;11.6;987.8;88;9.6;5.6;;203;;
000EW;2025-01-27 01:40:00;11.6;988.2;88;9.7;7.2;;191;;
000EW;2025-01-27 01:50:00;11.6;987.8;89;9.9;4.8;;180;;
000EW;2025-01-27 02:00:00;11.7;988;89;9.9;4.8;;203;0;0
000EW;2025-01-27 02:10:00;11.8;988.3;89;10.1;5.6;;203;;
000EW;2025-01-27 02:20:00;12.1;988.3;88;10.1;3.2;;248;;
000EW;2025-01-27 02:30:00;12.3;989.1;87;10.2;3.2;;225;;
000EW;2025-01-27 02:40:00;12.6;989.2;84;10;4.8;;259;;
000EW;2025-01-27 02:50:00;12.8;989.4;82;9.8;6.4;;259;;
000EW;2025-01-27 03:00:00;12.7;989.6;81;9.5;4.8;;248;0;0
000EW;2025-01-27 03:10:00;12.7;989.9;81;9.5;4.8;;248;;
000EW;2025-01-27 03:20:00;12.6;989.9;80;9.2;3.2;;259;;
000EW;2025-01-27 03:30:00;12.5;990.3;78;8.8;4.8;;236;;
000EW;2025-01-27 03:40:00;12.4;990.5;79;8.9;4;;248;;
000EW;2025-01-27 03:50:00;12.4;990.2;77;8.5;4;;248;;
000EW;2025-01-27 04:00:00;12.3;990.3;77;8.4;6.4;;259;0;0
000EW;2025-01-27 04:10:00;12.2;990.5;77;8.3;4.8;;259;;
000EW;2025-01-27 04:20:00;12.1;990.5;78;8.3;1.6;;248;;
000EW;2025-01-27 04:30:00;11.8;990.4;78;8.1;0.8;;248;;
000EW;2025-01-27 04:40:00;11.7;990.5;78;8;1.6;;259;;
000EW;2025-01-27 04:50:00;11.6;990.5;78;7.9;2.4;;236;;
000EW;2025-01-27 05:00:00;11.6;990.5;78;7.9;2.4;;259;0;0
000EW;2025-01-27 05:10:00;11.4;990.8;79;7.9;0;;;;
000EW;2025-01-27 05:20:00;11.3;990.9;79;7.8;0;;;;
000EW;2025-01-27 05:30:00;11.3;991.1;79;7.8;0;;;;
000EW;2025-01-27 05:40:00;11.3;991.2;79;7.8;0;;;;
000EW;2025-01-27 05:50:00;11.3;991.2;79;7.8;0;;;;
000EW;2025-01-27 06:00:00;11.3;991.4;79;7.8;0.8;;270;0;0
000EW;2025-01-27 06:10:00;11.4;991.2;80;8.1;0;;;;
000EW;2025-01-27 06:20:00;11.4;991.2;80;8.1;1.6;;270;;
000EW;2025-01-27 06:30:00;11.6;991.1;80;8.2;1.6;;214;;
000EW;2025-01-27 06:40:00;11.7;991.4;79;8.1;0.8;;248;;
000EW;2025-01-27 06:50:00;11.8;991.2;79;8.3;4;;270;;
000EW;2025-01-27 07:00:00;11.7;991.1;78;8;2.4;;259;0;0
000EW;2025-01-27 07:10:00;11.6;991.2;79;8;4;;270;;
000EW;2025-01-27 07:20:00;11.5;991.5;79;8;0.8;;248;;
000EW;2025-01-27 07:30:00;11.4;991.7;80;8.1;0;;;;
000EW;2025-01-27 07:40:00;11.4;991.7;80;8.1;0.8;;225;;
000EW;2025-01-27 07:50:00;11.4;991.8;80;8.1;1.6;;248;;
000EW;2025-01-27 08:00:00;11.4;992.1;80;8.1;1.6;;259;0;0
000EW;2025-01-27 08:10:00;11.3;992.2;79;7.8;3.2;;236;;
000EW;2025-01-27 08:20:00;11.2;992.5;79;7.7;1.6;;248;;
000EW;2025-01-27 08:30:00;11.3;992.7;79;7.8;1.6;;248;;
000EW;2025-01-27 08:40:00;11.5;992.7;80;8.2;0;;;;
000EW;2025-01-27 08:50:00;11.4;993;80;8.1;0.8;;270;;
000EW;2025-01-27 09:00:00;11.1;993.3;79;7.6;4;;203;0;0
000EW;2025-01-27 09:10:00;10.7;993.2;79;7.2;3.2;;259;;
000EW;2025-01-27 09:20:00;10.4;993.3;80;7.1;2.4;;259;;
000EW;2025-01-27 09:30:00;10.2;993.5;78;6.5;1.6;;281;;
000EW;2025-01-27 09:40:00;9.9;993.4;79;6.4;1.6;;259;;
000EW;2025-01-27 09:50:00;9.8;993.7;79;6.4;4;;236;;
000EW;2025-01-27 10:00:00;10;993.9;79;6.5;2.4;;270;0;0
000EW;2025-01-27 10:10:00;10;993.6;80;6.7;2.4;;214;;
000EW;2025-01-27 10:20:00;10.2;993.8;79;6.7;1.6;;225;;
000EW;2025-01-27 10:30:00;10.4;993.7;79;6.9;2.4;;259;;
000EW;2025-01-27 10:40:00;10.4;993.8;79;7;1.6;;248;;
000EW;2025-01-27 10:50:00;10.4;994;77;6.5;2.4;;259;;
000EW;2025-01-27 11:00:00;10.4;994.4;73;5.8;4.8;;259;0;0
000EW;2025-01-27 11:10:00;10.2;994.4;74;5.7;9.7;;259;;
000EW;2025-01-27 11:20:00;9.7;993.3;78;6.1;4.8;;270;;
000EW;2025-01-27 11:30:00;9.6;993.4;79;6.1;1.6;;191;;
000EW;2025-01-27 11:40:00;9.4;993.1;79;6;1.6;;180;;
000EW;2025-01-27 11:50:00;9.7;993.3;79;6.2;0;;;;
000EW;2025-01-27 12:00:00;10.1;993.3;77;6.2;0;;;0;0
000EW;2025-01-27 12:10:00;10.4;993.7;75;6.1;0.8;;203;;
000EW;2025-01-27 12:20:00;10.6;993.4;74;6.1;2.4;;225;;
000EW;2025-01-27 12:30:00;11;993.1;72;6.1;0.8;;248;;
000EW;2025-01-27 12:40:00;11.4;992.9;70;6.2;1.6;;236;;
000EW;2025-01-27 12:50:00;11.7;992.7;69;6.2;1.6;;203;;
000EW;2025-01-27 13:00:00;12;992.3;68;6.3;0.8;;248;0;0.2
000EW;2025-01-27 13:10:00;12.1;992.4;67;6.2;0.8;;225;;
000EW;2025-01-27 13:20:00;12.2;992.8;67;6.3;3.2;;236;;
000EW;2025-01-27 13:30:00;12;992.7;67;6.1;3.2;;180;;
000EW;2025-01-27 13:40:00;11.9;992.8;69;6.4;3.2;;259;;
000EW;2025-01-27 13:50:00;11.8;992.6;69;6.3;3.2;;236;;
000EW;2025-01-27 14:00:00;12;992.5;69;6.5;3.2;;225;0;0
000EW;2025-01-27 14:10:00;12;992.3;70;6.7;2.4;;248;;
000EW;2025-01-27 14:20:00;12.1;992.2;70;6.8;3.2;;248;;
000EW;2025-01-27 14:30:00;12;992.1;70;6.7;4;;248;;
000EW;2025-01-27 14:40:00;11.9;991.9;70;6.6;6.4;;236;;
000EW;2025-01-27 14:50:00;11.9;991.8;70;6.6;2.4;;191;;
000EW;2025-01-27 15:00:00;11.9;991.9;69;6.4;3.2;;259;0.2;0
000EW;2025-01-27 15:10:00;11.7;991.9;73;7;6.4;;248;;
000EW;2025-01-27 15:20:00;10.8;992;77;7;5.6;;270;;
000EW;2025-01-27 15:30:00;10.3;992.1;78;6.7;7.2;;236;;
000EW;2025-01-27 15:40:00;10.2;992.1;79;6.7;3.2;;248;;
000EW;2025-01-27 15:50:00;10.2;992.3;79;6.7;6.4;;236;;
000EW;2025-01-27 16:00:00;10.2;992.1;78;6.6;6.4;;270;0;0.2
000EW;2025-01-27 16:10:00;10.3;992.3;77;6.5;4.8;;259;;
000EW;2025-01-27 16:20:00;10.4;992.6;76;6.3;3.2;;236;;
000EW;2025-01-27 16:30:00;10.4;992.3;72;5.6;8.9;;248;;
000EW;2025-01-27 16:40:00;10.4;992.5;72;5.6;8;;248;;
000EW;2025-01-27 16:50:00;10.3;992.9;73;5.7;4.8;;236;;
000EW;2025-01-27 17:00:00;10.2;992.9;73;5.6;1.6;;248;0;0
000EW;2025-01-27 17:10:00;10.1;992.8;73;5.4;4.8;;270;;
000EW;2025-01-27 17:20:00;9.9;993.3;74;5.5;0;;;;
000EW;2025-01-27 17:30:00;9.8;993.3;74;5.4;0;;;;
000EW;2025-01-27 17:40:00;9.6;993.4;74;5.2;0;;;;
000EW;2025-01-27 17:50:00;9.5;993.4;74;5.1;0;;;;
000EW;2025-01-27 18:00:00;9.4;993.3;74;5;4;;214;0.2;0
000EW;2025-01-27 18:10:00;9.3;993.4;75;5.1;1.6;;180;;
000EW;2025-01-27 18:20:00;9.3;993.4;76;5.3;1.6;;180;;
000EW;2025-01-27 18:30:00;9.2;993.3;77;5.4;0.8;;225;;
000EW;2025-01-27 18:40:00;9.2;993.2;78;5.5;0.8;;180;;
000EW;2025-01-27 18:50:00;9.1;992.9;79;5.7;0.8;;225;;
000EW;2025-01-27 19:00:00;9.2;992.9;79;5.7;1.6;;169;0;0
000EW;2025-01-27 19:10:00;9.2;993;79;5.8;0;;;;
000EW;2025-01-27 19:20:00;9.3;993.1;78;5.6;0;;;;
000EW;2025-01-27 19:30:00;9.3;993.2;78;5.7;0.8;;180;;
000EW;2025-01-27 19:40:00;9.4;993.2;77;5.6;1.6;;180;;
000EW;2025-01-27 19:50:00;9.4;993.2;77;5.6;0.8;;203;;
000EW;2025-01-27 20:00:00;9.4;993.2;77;5.6;0.8;;225;0;0
000EW;2025-01-27 20:10:00;9.3;993.4;77;5.5;0;;;;
000EW;2025-01-27 20:20:00;9.3;993.3;77;5.5;0;;;;
000EW;2025-01-27 20:30:00;9.3;993.2;77;5.5;0.8;;203;;
000EW;2025-01-27 20:40:00;9.2;993.3;77;5.4;0;;;;
000EW;2025-01-27 20:50:00;9.2;993.2;77;5.4;0;;;;
000EW;2025-01-27 21:00:00;9.2;993.2;77;5.4;0;;;0;0
000EW;2025-01-27 21:10:00;9.2;993.1;77;5.4;0.8;;293;;
000EW;2025-01-27 21:20:00;9.2;993;78;5.6;1.6;;203;;
000EW;2025-01-27 21:30:00;9.2;993.1;78;5.5;1.6;;203;;
000EW;2025-01-27 21:40:00;9.2;993.2;78;5.5;0.8;;180;;
000EW;2025-01-27 21:50:00;9.2;993.3;78;5.6;1.6;;248;;
000EW;2025-01-27 22:00:00;9.3;993.3;78;5.6;0;;;0;0
000EW;2025-01-27 22:10:00;9.3;993.3;77;5.5;2.4;;203;;
000EW;2025-01-27 22:20:00;9.3;993.3;78;5.6;2.4;;191;;
000EW;2025-01-27 22:30:00;9.2;993.2;78;5.5;1.6;;270;;
000EW;2025-01-27 22:40:00;9.1;993;78;5.5;0.8;;248;;
000EW;2025-01-27 22:50:00;9.1;993;79;5.6;1.6;;203;;
000EW;2025-01-27 23:00:00;9;993;79;5.6;0.8;;248;0;0
000EW;2025-01-27 23:10:00;8.9;992.8;79;5.5;0.8;;203;;
000EW;2025-01-27 23:20:00;8.8;992.9;80;5.6;0;;;;
000EW;2025-01-27 23:30:00;8.8;993;80;5.5;0;;;;
000EW;2025-01-27 23:40:00;8.7;992.9;80;5.4;0;;;;
000EW;2025-01-27 23:50:00;8.7;992.3;81;5.6;0.8;;203;;
000EW;2025-01-28 00:00:00;8.7;992.6;81;5.6;1.6;;180;0;0
000EW;2025-01-28 00:10:00;8.7;992.7;80;5.5;0;;;;
000EW;2025-01-28 00:20:00;8.7;992.6;80;5.4;0.8;;203;;
000EW;2025-01-28 00:30:00;8.7;992.4;80;5.4;0;;;;
000EW;2025-01-28 00:40:00;8.6;992.6;79;5.2;0.8;;203;;
000EW;2025-01-28 00:50:00;8.7;992.6;79;5.2;0;;;;
000EW;2025-01-28 01:00:00;8.7;992.6;78;5;0.8;;270;0;0
000EW;2025-01-28 01:10:00;8.7;992.5;78;5.1;2.4;;180;;
000EW;2025-01-28 01:20:00;8.8;992.6;78;5.2;0.8;;203;;
000EW;2025-01-28 01:30:00;8.8;992.2;79;5.3;0.8;;248;;
000EW;2025-01-28 01:40:00;8.7;992;80;5.4;0.8;;225;;
000EW;2025-01-28 01:50:00;8.7;991.8;80;5.4;0;;;;
000EW;2025-01-28 02:00:00;8.7;991.6;80;5.4;0;;;0;0
000EW;2025-01-28 02:10:00;8.7;991.5;79;5.3;0;;;;
000EW;2025-01-28 02:20:00;8.8;991.2;79;5.3;0.8;;180;;
000EW;2025-01-28 02:30:00;8.7;990.9;78;5.1;0;;;;
000EW;2025-01-28 02:40:00;8.7;990.2;78;5;0.8;;248;;
000EW;2025-01-28 02:50:00;8.5;989.9;79;5.1;0;;;;
000EW;2025-01-28 03:00:00;8.4;989.9;78;4.8;1.6;;203;0;0
000EW;2025-01-28 03:10:00;8.4;990.5;79;5;1.6;;270;;
000EW;2025-01-28 03:20:00;8.3;991;79;4.9;0;;;;
000EW;2025-01-28 03:30:00;8.3;991.3;79;4.9;0.8;;225;;
000EW;2025-01-28 03:40:00;8.3;991.1;80;5;0.8;;225;;
000EW;2025-01-28 03:50:00;8.3;991.3;80;5;0.8;;45;;
000EW;2025-01-28 04:00:00;8.2;991.5;80;5;0;;;0;0
000EW;2025-01-28 04:10:00;8.2;991.7;80;4.9;0;;;;
000EW;2025-01-28 04:20:00;8.2;991.8;81;5.1;1.6;;146;;
000EW;2025-01-28 04:30:00;8.2;991.7;80;4.9;1.6;;158;;
000EW;2025-01-28 04:40:00;8.2;991.6;79;4.8;0.8;;135;;
000EW;2025-01-28 04:50:00;8.3;991.5;78;4.7;3.2;;203;;
000EW;2025-01-28 05:00:00;8.3;991.8;78;4.7;0.8;;225;0;0
000EW;2025-01-28 05:10:00;8.3;991.9;77;4.5;0.8;;225;;
000EW;2025-01-28 05:20:00;8.3;991.9;77;4.5;1.6;;158;;
000EW;2025-01-28 05:30:00;8.3;991.8;76;4.4;0.8;;225;;
000EW;2025-01-28 05:40:00;8.4;991.8;76;4.4;2.4;;225;;
000EW;2025-01-28 05:50:00;8.4;991.8;76;4.5;0;;;;
000EW;2025-01-28 06:00:00;8.4;991.7;76;4.4;3.2;;214;0;0
000EW;2025-01-28 06:10:00;8.3;991.6;77;4.5;1.6;;203;;
000EW;2025-01-28 06:20:00;8.3;991.6;78;4.7;1.6;;225;;
000EW;2025-01-28 06:30:00;8.2;991.6;78;4.6;1.6;;158;;
000EW;2025-01-28 06:40:00;8.1;991.6;79;4.7;0;;;;
000EW;2025-01-28 06:50:00;8.1;991.6;79;4.7;1.6;;203;;
000EW;2025-01-28 07:00:00;8.1;991.6;80;4.8;2.4;;191;0;0
000EW;2025-01-28 07:10:00;8.1;991.6;81;5;0;;;;
000EW;2025-01-28 07:20:00;8.1;991.5;81;5;1.6;;214;;
000EW;2025-01-28 07:30:00;7.9;991.7;82;5.1;2.4;;203;;
000EW;2025-01-28 07:40:00;7.9;991.6;83;5.2;1.6;;191;;
000EW;2025-01-28 07:50:00;7.9;991.7;83;5.2;4;;203;;
000EW;2025-01-28 08:00:00;7.8;991.8;85;5.4;2.4;;203;0;0.2
000EW;2025-01-28 08:10:00;7.6;991.9;86;5.4;2.4;;214;;
000EW;2025-01-28 08:20:00;7.5;992;87;5.5;1.6;;214;;
000EW;2025-01-28 08:30:00;7.5;992;87;5.5;2.4;;225;;
000EW;2025-01-28 08:40:00;7.6;992;87;5.5;1.6;;225;;
000EW;2025-01-28 08:50:00;7.7;991.9;87;5.6;2.4;;225;;
000EW;2025-01-28 09:00:00;7.8;991.9;87;5.8;2.4;;225;1.4;1.2
000EW;2025-01-28 09:10:00;7.8;992.1;87;5.8;0.8;;225;;
000EW;2025-01-28 09:20:00;7.9;991.9;87;5.9;0;;;;
000EW;2025-01-28 09:30:00;8.1;991.9;87;6;1.6;;225;;
000EW;2025-01-28 09:40:00;8.2;992;86;6;0;;;;
000EW;2025-01-28 09:50:00;8.3;992;86;6.1;0.8;;180;;
000EW;2025-01-28 10:00:00;8.5;992;85;6.1;2.4;;203;0;0
000EW;2025-01-28 10:10:00;8.7;992.1;85;6.3;0.8;;248;;
000EW;2025-01-28 10:20:00;8.7;992.3;85;6.3;1.6;;270;;
000EW;2025-01-28 10:30:00;8.7;992.4;87;6.6;0.8;;248;;
000EW;2025-01-28 10:40:00;8.7;992.4;87;6.6;0;;;;
000EW;2025-01-28 10:50:00;8.8;992.5;87;6.7;2.4;;180;;
000EW;2025-01-28 11:00:00;8.9;992.6;86;6.7;0.8;;248;0;0
000EW;2025-01-28 11:10:00;8.9;992.5;87;6.8;4;;248;;
000EW;2025-01-28 11:20:00;9;992.5;87;7;0;;;;
000EW;2025-01-28 11:30:00;9.2;992.4;87;7.2;0;;;;
000EW;2025-01-28 11:40:00;9.4;992.4;86;7.2;0;;;;
000EW;2025-01-28 11:50:00;9.4;992.4;85;7;0.8;;293;;
000EW;2025-01-28 12:00:00;9.5;992.5;85;7.1;0.8;;203;0;0
000EW;2025-01-28 12:10:00;9.6;992.6;85;7.2;0;;;;
000EW;2025-01-28 12:20:00;9.7;992.4;86;7.4;0;;;;
000EW;2025-01-28 12:30:00;9.8;992.4;86;7.5;0.8;;180;;
000EW;2025-01-28 12:40:00;9.9;992.7;85;7.5;0.8;;203;;
000EW;2025-01-28 12:50:00;10;992.7;85;7.6;0;;;;
000EW;2025-01-28 13:00:00;10.2;992.4;84;7.6;0;;;0;0
000EW;2025-01-28 13:10:00;10.3;992.5;84;7.7;0.8;;203;;
000EW;2025-01-28 13:20:00;10.5;992.3;83;7.7;0;;;;
000EW;2025-01-28 13:30:00;10.7;992.3;83;7.9;0;;;;
000EW;2025-01-28 13:40:00;10.9;992.2;82;7.9;0;;;;
000EW;2025-01-28 13:50:00;11.1;992.2;81;8;0;;;;
000EW;2025-01-28 14:00:00;11.3;992.2;81;8.2;1.6;;248;0;0
000EW;2025-01-28 14:10:00;11.5;992.2;80;8.2;0;;;;
000EW;2025-01-28 14:20:00;11.5;992.3;79;8;0;;;;
000EW;2025-01-28 14:30:00;11.7;992.3;78;8;0;;;;
000EW;2025-01-28 14:40:00;11.7;992.4;78;8;0;;;;
000EW;2025-01-28 14:50:00;11.8;992.6;78;8.1;0;;;;
000EW;2025-01-28 15:00:00;12;992.7;76;7.9;0;;;0;0
000EW;2025-01-28 15:10:00;11.9;992.8;77;8;1.6;;270;;
000EW;2025-01-28 15:20:00;11.9;992.9;78;8.2;0;;;;
000EW;2025-01-28 15:30:00;11.9;993;77;8;0;;;;
000EW;2025-01-28 15:40:00;12;993.1;76;7.9;0;;;;
000EW;2025-01-28 15:50:00;11.9;993;75;7.7;0;;;;
000EW;2025-01-28 16:00:00;11.9;993.3;74;7.4;0;;;0;0
000EW;2025-01-28 16:10:00;11.8;993.2;75;7.5;0;;;;
000EW;2025-01-28 16:20:00;11.7;993.3;75;7.4;0;;;;
000EW;2025-01-28 16:30:00;11.7;993.3;76;7.6;0;;;;
000EW;2025-01-28 16:40:00;11.6;993.4;76;7.5;0;;;;
000EW;2025-01-28 16:50:00;11.4;993.6;76;7.4;0;;;;
000EW;2025-01-28 17:00:00;11.3;993.8;76;7.3;0;;;0;0
000EW;2025-01-28 17:10:00;11.3;993.8;76;7.2;0;;;;
000EW;2025-01-28 17:20:00;11.2;994;76;7.1;0;;;;
000EW;2025-01-28 17:30:00;11.2;994.4;76;7.1;0.8;;270;;
000EW;2025-01-28 17:40:00;11.2;994.5;76;7.1;1.6;;293;;
000EW;2025-01-28 17:50:00;11.1;994.5;76;7;0.8;;225;;
000EW;2025-01-28 18:00:00;11.1;994.6;76;7;0;;;0;0
000EW;2025-01-28 18:10:00;11;994.9;76;6.9;0;;;;
000EW;2025-01-28 18:20:00;10.9;995;75;6.7;0;;;;
000EW;2025-01-28 18:30:00;10.9;995.1;75;6.6;0;;;;
000EW;2025-01-28 18:40:00;10.8;995.2;75;6.5;0;;;;
000EW;2025-01-28 18:50:00;10.7;995.4;75;6.4;0;;;;
000EW;2025-01-28 19:00:00;10.6;995.5;75;6.4;0;;;0;0
000EW;2025-01-28 19:10:00;10.6;995.7;76;6.5;0;;;;
000EW;2025-01-28 19:20:00;10.3;995.8;77;6.5;0;;;;
000EW;2025-01-28 19:30:00;10.3;995.9;78;6.7;0;;;;
000EW;2025-01-28 19:40:00;10.2;996.1;78;6.6;0;;;;
000EW;2025-01-28 19:50:00;10.3;996.1;77;6.4;0.8;;248;;
000EW;2025-01-28 20:00:00;10.3;996.3;78;6.6;0.8;;270;0;0
000EW;2025-01-28 20:10:00;10.2;996.6;77;6.4;0;;;;
000EW;2025-01-28 20:20:00;10.2;996.6;77;6.4;1.6;;270;;
000EW;2025-01-28 20:30:00;10.2;996.9;77;6.3;0;;;;
000EW;2025-01-28 20:40:00;10.1;997.1;78;6.4;0;;;;
000EW;2025-01-28 20:50:00;10.1;997.3;79;6.6;0.8;;270;;
000EW;2025-01-28 21:00:00;9.9;997.6;80;6.7;0.8;;248;0;0
000EW;2025-01-28 21:10:00;9.8;997.8;81;6.7;0;;;;
000EW;2025-01-28 21:20:00;9.7;997.9;81;6.6;0.8;;270;;
000EW;2025-01-28 21:30:00;9.7;998.3;82;6.8;1.6;;236;;
000EW;2025-01-28 21:40:00;9.7;998.5;81;6.6;1.6;;270;;
000EW;2025-01-28 21:50:00;9.8;998.7;79;6.4;0;;;;
000EW;2025-01-28 22:00:00;9.8;999.2;79;6.3;3.2;;259;0;0
000EW;2025-01-28 22:10:00;9.6;999.6;79;6.1;1.6;;248;;
000EW;2025-01-28 22:20:00;9.2;999.8;80;6;0;;;;
000EW;2025-01-28 22:30:00;8.9;999.8;83;6.2;1.6;;259;;
000EW;2025-01-28 22:40:00;8.8;1000.2;84;6.3;0.8;;270;;
000EW;2025-01-28 22:50:00;8.9;1000.5;85;6.5;0.8;;248;;
000EW;2025-01-28 23:00:00;8.9;1000.7;85;6.6;0.8;;225;0;0.6
000EW;2025-01-28 23:10:00;9.1;1000.8;85;6.7;0;;;;
000EW;2025-01-28 23:20:00;9.2;1001.1;83;6.4;0;;;;
000EW;2025-01-28 23:30:00;9.2;1001.4;81;6.1;0;;;;
000EW;2025-01-28 23:40:00;9.3;1001.7;79;5.9;0;;;;
000EW;2025-01-28 23:50:00;9.4;1002;78;5.8;0.8;;248;;
000EW;2025-01-29 00:00:00;9.5;1002.2;77;5.7;0;;;0;0
000EW;2025-01-29 00:10:00;9.5;1002.4;77;5.7;0;;;;
000EW;2025-01-29 00:20:00;9.6;1002.6;77;5.7;0;;;;
000EW;2025-01-29 00:30:00;9.6;1002.6;77;5.8;0;;;;
000EW;2025-01-29 00:40:00;9.7;1002.8;77;5.8;0;;;;
000EW;2025-01-29 00:50:00;9.7;1002.8;78;6;0;;;;
000EW;2025-01-29 01:00:00;9.7;1002.9;78;6;0.8;;270;0;0
000EW;2025-01-29 01:10:00;9.7;1003;78;6;0;;;;
000EW;2025-01-29 01:20:00;9.8;1003.1;77;5.9;0;;;;
000EW;2025-01-29 01:30:00;9.8;1003.5;77;5.9;0;;;;
000EW;2025-01-29 01:40:00;9.8;1003.8;77;5.9;0;;;;
000EW;2025-01-29 01:50:00;9.8;1003.8;77;6;0;;;;
000EW;2025-01-29 02:00:00;9.8;1004;77;6;0;;;0;0
000EW;2025-01-29 02:10:00;9.8;1004.1;77;5.9;0;;;;
000EW;2025-01-29 02:20:00;9.7;1004.4;77;5.9;0;;;;
000EW;2025-01-29 02:30:00;9.7;1004.6;78;6;0.8;;270;;
000EW;2025-01-29 02:40:00;9.4;1004.7;79;6;0;;;;
000EW;2025-01-29 02:50:00;9.4;1004.8;80;6.1;0;;;;
000EW;2025-01-29 03:00:00;9.4;1004.9;80;6.1;0;;;0;0
000EW;2025-01-29 03:10:00;9.3;1004.9;80;6.1;0;;;;
000EW;2025-01-29 03:20:00;9.3;1004.9;81;6.2;0;;;;
000EW;2025-01-29 03:30:00;9.3;1005;81;6.2;0;;;;
000EW;2025-01-29 03:40:00;9.2;1005.2;81;6.1;0;;;;
000EW;2025-01-29 03:50:00;9.2;1005.3;80;6;0;;;;
000EW;2025-01-29 04:00:00;9.3;1005.3;80;6;0;;;0;0
000EW;2025-01-29 04:10:00;9.2;1005.4;80;6;0;;;;
000EW;2025-01-29 04:20:00;9.2;1005.5;80;5.9;0;;;;
000EW;2025-01-29 04:30:00;9.1;1005.7;80;5.8;0;;;;
000EW;2025-01-29 04:40:00;9.1;1006;80;5.8;0;;;;
000EW;2025-01-29 04:50:00;9.1;1006;80;5.8;0;;;;
000EW;2025-01-29 05:00:00;8.9;1006.1;80;5.7;0;;;0;0
000EW;2025-01-29 05:10:00;8.8;1006.2;81;5.8;0;;;;
000EW;2025-01-29 05:20:00;8.7;1006.4;81;5.6;0;;;;
000EW;2025-01-29 05:30:00;8.6;1006.4;81;5.5;0;;;;
000EW;2025-01-29 05:40:00;8.4;1006.5;81;5.4;0;;;;
000EW;2025-01-29 05:50:00;8.3;1006.7;81;5.2;0;;;;
000EW;2025-01-29 06:00:00;8.1;1006.8;82;5.2;0;;;0;0
000EW;2025-01-29 06:10:00;8;1007;82;5.1;0;;;;
000EW;2025-01-29 06:20:00;7.9;1006.9;82;5;0;;;;
000EW;2025-01-29 06:30:00;7.8;1006.9;83;5.1;0;;;;
000EW;2025-01-29 06:40:00;7.7;1006.9;83;5;0;;;;
000EW;2025-01-29 06:50:00;7.6;1006.8;83;4.9;0;;;;
000EW;2025-01-29 07:00:00;7.5;1006.8;83;4.8;0;;;0;0
000EW;2025-01-29 07:10:00;7.4;1006.8;83;4.7;0;;;;
000EW;2025-01-29 07:20:00;7.4;1006.8;83;4.7;0;;;;
000EW;2025-01-29 07:30:00;7.4;1006.8;83;4.7;0;;;;
000EW;2025-01-29 07:40:00;7.3;1006.9;83;4.6;0;;;;
000EW;2025-01-29 07:50:00;7.3;1006.8;84;4.8;0;;;;
000EW;2025-01-29 08:00:00;7.3;1006.8;84;4.8;0;;;0;0
000EW;2025-01-29 08:10:00;7.3;1006.8;85;4.9;0;;;;
000EW;2025-01-29 08:20:00;7.3;1006.8;85;4.9;0;;;;
000EW;2025-01-29 08:30:00;7.3;1006.8;85;4.9;0;;;;
000EW;2025-01-29 08:40:00;7.2;1006.9;86;5;0;;;;
000EW;2025-01-29 08:50:00;7.3;1006.8;86;5.1;0;;;;
000EW;2025-01-29 09:00:00;7.2;1007;86;5;0;;;0;0
000EW;2025-01-29 09:10:00;7.2;1007.2;86;5;0;;;;
000EW;2025-01-29 09:20:00;7.3;1007.3;86;5.1;0;;;;
000EW;2025-01-29 09:30:00;7.4;1007.4;86;5.3;0;;;;
000EW;2025-01-29 09:40:00;7.6;1007.3;86;5.4;0;;;;
000EW;2025-01-29 09:50:00;7.7;1007.4;85;5.4;0.8;;180;;
000EW;2025-01-29 10:00:00;7.8;1007.3;85;5.5;0.8;;180;0;0
000EW;2025-01-29 10:10:00;7.8;1007.3;84;5.3;0;;;;
000EW;2025-01-29 10:20:00;7.9;1007.3;84;5.4;0;;;;
000EW;2025-01-29 10:30:00;8.1;1007.2;84;5.5;0;;;;
000EW;2025-01-29 10:40:00;8.2;1007.2;84;5.6;0;;;;
000EW;2025-01-29 10:50:00;8.3;1007;84;5.7;0;;;;
000EW;2025-01-29 11:00:00;8.3;1006.8;84;5.7;0;;;0;0
000EW;2025-01-29 11:10:00;8.3;1006.8;84;5.7;0;;;;
000EW;2025-01-29 11:20:00;8.3;1006.7;85;5.9;0;;;;
000EW;2025-01-29 11:30:00;8.3;1006.5;85;6;0;;;;
000EW;2025-01-29 11:40:00;8.5;1006.3;85;6.1;0;;;;
000EW;2025-01-29 11:50:00;8.5;1006.2;85;6.1;0;;;;
000EW;2025-01-29 12:00:00;8.4;1006;86;6.2;0;;;0;0
000EW;2025-01-29 12:10:00;8.4;1005.7;86;6.2;0;;;;
000EW;2025-01-29 12:20:00;8.4;1005.5;87;6.4;0;;;;
000EW;2025-01-29 12:30:00;8.3;1005.2;88;6.5;0;;;;
000EW;2025-01-29 12:40:00;8.3;1005;88;6.4;0;;;;
000EW;2025-01-29 12:50:00;8.3;1004.9;89;6.6;0;;;;
000EW;2025-01-29 13:00:00;8.3;1004.6;89;6.6;0;;;0;0.6
000EW;2025-01-29 13:10:00;8.3;1004.5;90;6.7;0;;;;
000EW;2025-01-29 13:20:00;8.3;1004.3;90;6.7;0;;;;
000EW;2025-01-29 13:30:00;8.3;1004.3;90;6.7;0;;;;
000EW;2025-01-29 13:40:00;8.3;1004.3;90;6.7;0;;;;
000EW;2025-01-29 13:50:00;8.3;1004.3;90;6.7;0;;;;
000EW;2025-01-29 14:00:00;8.3;1004.3;91;6.9;0;;;0;2
000EW;2025-01-29 14:10:00;8.3;1004.2;91;7;0;;;;
000EW;2025-01-29 14:20:00;8.3;1004.1;91;6.9;0;;;;
000EW;2025-01-29 14:30:00;8.3;1004.2;91;6.9;0;;;;
000EW;2025-01-29 14:40:00;8.2;1004.2;91;6.8;0;;;;
000EW;2025-01-29 14:50:00;8.2;1004.2;91;6.8;0;;;;
000EW;2025-01-29 15:00:00;8.2;1004.3;91;6.8;0;;;5.8;3.2
000EW;2025-01-29 15:10:00;8.3;1004.2;92;7.1;0;;;;
000EW;2025-01-29 15:20:00;8.2;1004.1;92;7;0;;;;
000EW;2025-01-29 15:30:00;8.3;1004.2;92;7.1;0;;;;
000EW;2025-01-29 15:40:00;8.3;1004.1;92;7.1;0;;;;
000EW;2025-01-29 15:50:00;8.2;1004.1;92;7;0;;;;
000EW;2025-01-29 16:00:00;8.2;1004.1;92;7;0;;;0;2.2
000EW;2025-01-29 16:10:00;8.2;1004.1;92;7;0;;;;
000EW;2025-01-29 16:20:00;8.3;1004;92;7.1;0;;;;
000EW;2025-01-29 16:30:00;8.2;1004;92;7;0;;;;
000EW;2025-01-29 16:40:00;8.2;1004.1;92;7;0;;;;
000EW;2025-01-29 16:50:00;8.2;1004.1;92;7;0;;;;
000EW;2025-01-29 17:00:00;8.2;1004.3;92;7;0;;;0;1.2
000EW;2025-01-29 17:10:00;8.2;1004.4;92;7;0.8;;135;;
000EW;2025-01-29 17:20:00;8.3;1004.3;92;7.1;0.8;;225;;
000EW;2025-01-29 17:30:00;8.3;1004.1;92;7.1;0;;;;
000EW;2025-01-29 17:40:00;8.3;1004.1;92;7.1;0;;;;
000EW;2025-01-29 17:50:00;8.2;1004.1;92;7;0;;;;
000EW;2025-01-29 18:00:00;8.2;1004;91;6.8;0;;;4.2;0.8
000EW;2025-01-29 18:10:00;8.2;1004.1;92;6.9;0;;;;
000EW;2025-01-29 18:20:00;8.2;1004.1;92;6.9;0;;;;
000EW;2025-01-29 18:30:00;8.2;1004.2;92;6.9;0;;;;
000EW;2025-01-29 18:40:00;8.2;1004.2;92;6.9;0;;;;
000EW;2025-01-29 18:50:00;8.1;1004.2;92;6.9;0;;;;
000EW;2025-01-29 19:00:00;8.1;1004.2;92;6.9;0;;;0;0.4
000EW;2025-01-29 19:10:00;8.1;1004.3;92;6.9;0;;;;
000EW;2025-01-29 19:20:00;8.1;1004.3;92;6.9;0;;;;
000EW;2025-01-29 19:30:00;8.1;1004.4;92;6.9;0;;;;
000EW;2025-01-29 19:40:00;8.1;1004.5;92;6.9;0;;;;
000EW;2025-01-29 19:50:00;8.1;1004.5;92;6.8;0;;;;
000EW;2025-01-29 20:00:00;8.1;1004.7;92;6.8;0;;;0;0.8
000EW;2025-01-29 20:10:00;8.1;1004.6;92;6.8;0;;;;
000EW;2025-01-29 20:20:00;8;1004.6;92;6.8;0;;;;
000EW;2025-01-29 20:30:00;8;1004.7;92;6.8;0;;;;
000EW;2025-01-29 20:40:00;8;1004.6;92;6.8;0;;;;
000EW;2025-01-29 20:50:00;7.9;1004.6;92;6.7;0;;;;
000EW;2025-01-29 21:00:00;8;1004.6;92;6.8;0;;;1.6;0.4
000EW;2025-01-29 21:10:00;8;1004.7;92;6.8;0;;;;
000EW;2025-01-29 21:20:00;7.9;1004.7;92;6.7;0;;;;
000EW;2025-01-29 21:30:00;8;1004.8;92;6.8;0;;;;
000EW;2025-01-29 21:40:00;8;1004.9;92;6.8;0;;;;
000EW;2025-01-29 21:50:00;8;1004.9;92;6.8;0;;;;
000EW;2025-01-29 22:00:00;8;1005;92;6.8;0;;;0;0.4
000EW;2025-01-29 22:10:00;8;1005;92;6.8;0.8;;158;;
000EW;2025-01-29 22:20:00;8;1005.1;92;6.8;0;;;;
000EW;2025-01-29 22:30:00;7.9;1005.2;92;6.7;0;;;;
000EW;2025-01-29 22:40:00;8;1005.3;92;6.8;0;;;;
000EW;2025-01-29 22:50:00;7.9;1005.6;92;6.7;0;;;;
000EW;2025-01-29 23:00:00;8;1005.7;92;6.8;0;;;0;1
000EW;2025-01-29 23:10:00;7.9;1005.8;92;6.7;0;;;;
000EW;2025-01-29 23:20:00;7.9;1005.9;92;6.7;0;;;;
000EW;2025-01-29 23:30:00;7.9;1006.1;92;6.7;0;;;;
000EW;2025-01-29 23:40:00;7.9;1006.2;92;6.7;0;;;;
000EW;2025-01-29 23:50:00;7.8;1006.2;92;6.6;0;;;;
000EW;2025-01-30 00:00:00;7.8;1006.3;93;6.8;0;;;0;2.4
000EW;2025-01-30 00:10:00;7.8;1006.3;93;6.8;0;;;;
000EW;2025-01-30 00:20:00;7.8;1006.5;93;6.8;0;;;;
000EW;2025-01-30 00:30:00;7.8;1006.6;93;6.8;0;;;;
000EW;2025-01-30 00:40:00;7.8;1006.4;93;6.8;0;;;;
000EW;2025-01-30 00:50:00;7.8;1006.6;93;6.7;0;;;;
000EW;2025-01-30 01:00:00;7.8;1006.7;93;6.7;0;;;0;0.4
000EW;2025-01-30 01:10:00;7.8;1006.7;93;6.8;0;;;;
000EW;2025-01-30 01:20:00;7.8;1006.9;93;6.8;0;;;;
000EW;2025-01-30 01:30:00;7.8;1006.8;93;6.7;0;;;;
000EW;2025-01-30 01:40:00;7.8;1006.9;93;6.7;0;;;;
000EW;2025-01-30 01:50:00;7.7;1007.1;93;6.7;0;;;;
000EW;2025-01-30 02:00:00;7.7;1007.3;93;6.7;0;;;0;0
000EW;2025-01-30 02:10:00;7.7;1007.3;93;6.7;0;;;;
000EW;2025-01-30 02:20:00;7.7;1007.5;93;6.7;0;;;;
000EW;2025-01-30 02:30:00;7.7;1007.6;93;6.6;0;;;;
000EW;2025-01-30 02:40:00;7.7;1007.7;93;6.6;0;;;;
000EW;2025-01-30 02:50:00;7.6;1007.9;93;6.6;0;;;;
000EW;2025-01-30 03:00:00;7.6;1008;93;6.6;0;;;0;0
000EW;2025-01-30 03:10:00;7.6;1008.1;93;6.6;0;;;;
000EW;2025-01-30 03:20:00;7.6;1008.1;93;6.5;0;;;;
000EW;2025-01-30 03:30:00;7.5;1008.2;93;6.4;0;;;;
000EW;2025-01-30 03:40:00;7.4;1008.5;93;6.4;0;;;;
000EW;2025-01-30 03:50:00;7.3;1008.8;93;6.3;0;;;;
000EW;2025-01-30 04:00:00;7.3;1008.9;93;6.2;0;;;0;0
000EW;2025-01-30 04:10:00;7.2;1009.1;93;6.1;0;;;;
000EW;2025-01-30 04:20:00;7.1;1009.2;92;5.8;0;;;;
000EW;2025-01-30 04:30:00;6.9;1009.3;93;5.9;0;;;;
000EW;2025-01-30 04:40:00;6.8;1009.6;93;5.7;0;;;;
000EW;2025-01-30 04:50:00;6.8;1009.6;93;5.7;0;;;;
000EW;2025-01-30 05:00:00;6.8;1009.8;93;5.8;0;;;0;0
000EW;2025-01-30 05:10:00;6.8;1009.9;93;5.8;0;;;;
000EW;2025-01-30 05:20:00;6.8;1010.1;93;5.8;0;;;;
000EW;2025-01-30 05:30:00;6.8;1010.2;93;5.8;0;;;;
000EW;2025-01-30 05:40:00;6.9;1010.3;93;5.8;0;;;;
000EW;2025-01-30 05:50:00;7;1010.4;93;5.9;0;;;;
000EW;2025-01-30 06:00:00;7.2;1010.5;93;6.1;0;;;0;0
000EW;2025-01-30 06:10:00;7.3;1010.7;92;6.1;0;;;;
000EW;2025-01-30 06:20:00;7.4;1011;92;6.2;0;;;;
000EW;2025-01-30 06:30:00;7.6;1011.1;92;6.3;0;;;;
000EW;2025-01-30 06:40:00;7.7;1011.3;91;6.3;0;;;;
000EW;2025-01-30 06:50:00;7.7;1011.3;90;6.2;0;;;;
000EW;2025-01-30 07:00:00;7.7;1011.6;90;6.2;0;;;0;0
000EW;2025-01-30 07:10:00;7.7;1011.7;90;6.2;0;;;;
000EW;2025-01-30 07:20:00;7.8;1011.8;90;6.2;0;;;;
000EW;2025-01-30 07:30:00;7.8;1012;90;6.3;0;;;;
000EW;2025-01-30 07:40:00;7.8;1012.1;89;6.1;0;;;;
000EW;2025-01-30 07:50:00;7.7;1012.3;89;6;0;;;;
000EW;2025-01-30 08:00:00;7.7;1012.5;89;6;0;;;0;0
000EW;2025-01-30 08:10:00;7.9;1012.7;89;6.2;0;;;;
000EW;2025-01-30 08:20:00;7.8;1012.7;89;6.1;0;;;;
000EW;2025-01-30 08:30:00;7.9;1013;90;6.4;0;;;;
000EW;2025-01-30 08:40:00;8.1;1013;89;6.4;0;;;;
000EW;2025-01-30 08:50:00;8.2;1013.2;89;6.5;0;;;;
000EW;2025-01-30 09:00:00;8.2;1013.3;89;6.5;0;;;0;0
000EW;2025-01-30 09:10:00;8.3;1013.5;88;6.4;0;;;;
000EW;2025-01-30 09:20:00;8.3;1013.6;88;6.5;0;;;;
000EW;2025-01-30 09:30:00;8.4;1013.8;88;6.5;0;;;;
000EW;2025-01-30 09:40:00;8.6;1014;88;6.7;0;;;;
000EW;2025-01-30 09:50:00;8.8;1014.1;88;6.9;0;;;;
000EW;2025-01-30 10:00:00;8.9;1014.3;87;6.9;0;;;0;0
000EW;2025-01-30 10:10:00;9;1014.4;86;6.8;0;;;;
000EW;2025-01-30 10:20:00;9;1014.6;86;6.8;0;;;;
000EW;2025-01-30 10:30:00;9;1014.8;86;6.8;0;;;;
000EW;2025-01-30 10:40:00;9;1014.9;85;6.6;0;;;;
000EW;2025-01-30 10:50:00;8.9;1015;85;6.6;0;;;;
000EW;2025-01-30 11:00:00;8.9;1015.2;85;6.6;0;;;0;0
000EW;2025-01-30 11:10:00;8.9;1015.3;85;6.6;0;;;;
000EW;2025-01-30 11:20:00;8.9;1015.4;85;6.6;0;;;;
000EW;2025-01-30 11:30:00;8;1015.9;83;5.3;0;;;;
000EW;2025-01-30 11:40:00;7.4;1016.1;86;5.3;2.4;;23;;
000EW;2025-01-30 11:50:00;7.2;1016.4;86;5;0;;;;
000EW;2025-01-30 12:00:00;7.1;1016.6;87;5;0;;;0;0
000EW;2025-01-30 12:10:00;7;1016.8;88;5.1;0;;;;
000EW;2025-01-30 12:20:00;6.8;1016.8;88;5;0;;;;
000EW;2025-01-30 12:30:00;6.8;1017.1;87;4.8;0;;;;
000EW;2025-01-30 12:40:00;6.8;1017.3;86;4.7;0;;;;
000EW;2025-01-30 12:50:00;7.1;1017.5;85;4.7;0;;;;
000EW;2025-01-30 13:00:00;7.3;1017.7;84;4.8;0.8;;45;0;0
000EW;2025-01-30 13:10:00;7.4;1017.9;83;4.7;0.8;;0;;
000EW;2025-01-30 13:20:00;7.4;1018;82;4.6;0;;;;
000EW;2025-01-30 13:30:00;7.6;1018.2;81;4.5;0;;;;
000EW;2025-01-30 13:40:00;7.5;1018.3;81;4.5;0.8;;0;;
000EW;2025-01-30 13:50:00;7.6;1018.4;81;4.5;0;;;;
000EW;2025-01-30 14:00:00;7.5;1018.7;82;4.6;0;;;0;0
000EW;2025-01-30 14:10:00;7.4;1018.8;82;4.6;0;;;;
000EW;2025-01-30 14:20:00;7.6;1019.1;81;4.5;0;;;;
000EW;2025-01-30 14:30:00;7.7;1019.1;80;4.4;0;;;;
000EW;2025-01-30 14:40:00;7.8;1019.3;80;4.5;0;;;;
000EW;2025-01-30 14:50:00;7.8;1019.5;80;4.6;0.8;;0;;
000EW;2025-01-30 15:00:00;7.9;1019.7;80;4.7;0;;;0;0
000EW;2025-01-30 15:10:00;8;1019.9;80;4.8;0;;;;
000EW;2025-01-30 15:20:00;8.1;1019.9;79;4.7;0.8;;23;;
000EW;2025-01-30 15:30:00;8.2;1020.1;79;4.8;0;;;;
000EW;2025-01-30 15:40:00;8.2;1020.4;79;4.7;0;;;;
000EW;2025-01-30 15:50:00;8.2;1020.6;80;4.9;0;;;;
000EW;2025-01-30 16:00:00;8.1;1020.8;81;5;0;;;0;0
000EW;2025-01-30 16:10:00;8;1021.1;81;4.9;0;;;;
000EW;2025-01-30 16:20:00;7.9;1021.2;81;4.9;0;;;;
000EW;2025-01-30 16:30:00;7.9;1021.2;81;4.8;0;;;;
000EW;2025-01-30 16:40:00;7.9;1021.5;81;4.8;0;;;;
000EW;2025-01-30 16:50:00;7.8;1021.7;82;5;0;;;;
000EW;2025-01-30 17:00:00;7.8;1021.8;82;4.9;0;;;0;0
000EW;2025-01-30 17:10:00;7.7;1022;83;5;0;;;;
000EW;2025-01-30 17:20:00;7.8;1022.2;82;4.9;0;;;;
000EW;2025-01-30 17:30:00;7.8;1022.3;82;4.9;0;;;;
000EW;2025-01-30 17:40:00;7.8;1022.6;83;5.1;0;;;;
000EW;2025-01-30 17:50:00;7.8;1022.9;83;5.1;0;;;;
000EW;2025-01-30 18:00:00;7.7;1023.1;83;5;0;;;0;0
000EW;2025-01-30 18:10:00;7.7;1023.3;83;5;0;;;;
000EW;2025-01-30 18:20:00;7.6;1023.6;82;4.7;0;;;;
000EW;2025-01-30 18:30:00;7.5;1023.7;81;4.5;0;;;;
000EW;2025-01-30 18:40:00;7.5;1024;81;4.5;0;;;;
000EW;2025-01-30 18:50:00;7.4;1024.1;81;4.4;0;;;;
000EW;2025-01-30 19:00:00;7.4;1024.2;81;4.3;0;;;0;0
000EW;2025-01-30 19:10:00;7.3;1024.3;81;4.2;0;;;;
000EW;2025-01-30 19:20:00;7.2;1024.5;82;4.3;0;;;;
000EW;2025-01-30 19:30:00;7;1024.6;83;4.3;0;;;;
000EW;2025-01-30 19:40:00;6.8;1024.7;83;4.1;0;;;;
000EW;2025-01-30 19:50:00;6.7;1024.9;83;4;0;;;;
000EW;2025-01-30 20:00:00;6.4;1024.9;83;3.8;0;;;0;0
000EW;2025-01-30 20:10:00;6.3;1025.1;82;3.5;0.8;;23;;
000EW;2025-01-30 20:20:00;6.3;1025.3;82;3.4;0;;;;
000EW;2025-01-30 20:30:00;6.2;1025.4;82;3.4;0;;;;
000EW;2025-01-30 20:40:00;6.2;1025.5;81;3.2;0;;;;
000EW;2025-01-30 20:50:00;6.2;1025.6;81;3.2;0;;;;
000EW;2025-01-30 21:00:00;6.1;1025.6;81;3.1;0;;;0;0
000EW;2025-01-30 21:10:00;6.1;1025.7;81;3;0;;;;
000EW;2025-01-30 21:20:00;5.9;1025.8;81;2.9;0;;;;
000EW;2025-01-30 21:30:00;5.8;1025.9;81;2.8;0;;;;
000EW;2025-01-30 21:40:00;5.7;1026.2;81;2.7;0;;;;
000EW;2025-01-30 21:50:00;5.6;1026.1;81;2.6;0;;;;
000EW;2025-01-30 22:00:00;5.6;1026.2;82;2.7;0;;;0;0
000EW;2025-01-30 22:10:00;5.6;1026.3;82;2.7;0;;;;
000EW;2025-01-30 22:20:00;5.4;1026.4;82;2.6;0;;;;
000EW;2025-01-30 22:30:00;5.4;1026.7;82;2.6;0;;;;
000EW;2025-01-30 22:40:00;5.4;1026.8;82;2.6;0;;;;
000EW;2025-01-30 22:50:00;5.3;1026.9;82;2.5;0;;;;
000EW;2025-01-30 23:00:00;5.3;1026.8;82;2.5;0;;;0;0
000EW;2025-01-30 23:10:00;5.2;1026.9;82;2.3;0;;;;
000EW;2025-01-30 23:20:00;5.2;1026.8;82;2.3;0;;;;
000EW;2025-01-30 23:30:00;5.1;1026.9;82;2.2;0;;;;
000EW;2025-01-30 23:40:00;5.1;1026.9;83;2.4;0;;;;
000EW;2025-01-30 23:50:00;5.1;1027;83;2.4;0;;;;
000EW;2025-01-31 00:00:00;5;1027.1;83;2.4;0;;;0;0
000EW;2025-01-31 00:10:00;4.9;1027.1;83;2.2;0;;;;
000EW;2025-01-31 00:20:00;4.8;1027;84;2.4;0;;;;
000EW;2025-01-31 00:30:00;4.8;1027.1;84;2.3;0;;;;
000EW;2025-01-31 00:40:00;4.8;1027.1;84;2.3;0;;;;
000EW;2025-01-31 00:50:00;4.8;1027.3;83;2.2;0;;;;
000EW;2025-01-31 01:00:00;4.8;1027.5;83;2.1;0;;;0;0
000EW;2025-01-31 01:10:00;4.7;1027.3;83;2.1;0;;;;
000EW;2025-01-31 01:20:00;4.7;1027.2;83;2;0;;;;
000EW;2025-01-31 01:30:00;4.7;1027.2;84;2.2;0;;;;
000EW;2025-01-31 01:40:00;4.7;1027.3;84;2.2;0;;;;
000EW;2025-01-31 01:50:00;4.6;1027.2;84;2.1;0;;;;
000EW;2025-01-31 02:00:00;4.4;1027.3;84;2;0;;;0;0
000EW;2025-01-31 02:10:00;4.3;1027.3;85;2;0;;;;
000EW;2025-01-31 02:20:00;4.3;1027.4;85;2;0;;;;
000EW;2025-01-31 02:30:00;4.2;1027.3;85;1.9;0;;;;
000EW;2025-01-31 02:40:00;4;1027.3;85;1.7;0;;;;
000EW;2025-01-31 02:50:00;3.8;1027.3;85;1.5;0;;;;
000EW;2025-01-31 03:00:00;3.9;1027.1;86;1.8;0;;;0;0
000EW;2025-01-31 03:10:00;3.8;1027.3;86;1.7;0;;;;
000EW;2025-01-31 03:20:00;3.8;1027.4;87;1.8;0;;;;
000EW;2025-01-31 03:30:00;3.6;1027.5;87;1.7;0;;;;
000EW;2025-01-31 03:40:00;3.4;1027.6;87;1.5;0;;;;
000EW;2025-01-31 03:50:00;3.3;1027.6;88;1.5;0;;;;
000EW;2025-01-31 04:00:00;3.2;1027.8;88;1.4;0;;;0;0
000EW;2025-01-31 04:10:00;3.2;1027.9;88;1.4;0;;;;
000EW;2025-01-31 04:20:00;3.2;1028;88;1.4;0;;;;
000EW;2025-01-31 04:30:00;3.1;1028.1;88;1.3;0;;;;
000EW;2025-01-31 04:40:00;3.1;1028.2;88;1.3;0;;;;
000EW;2025-01-31 04:50:00;3.1;1028.1;89;1.5;0;;;;
000EW;2025-01-31 05:00:00;3.2;1028.1;89;1.5;0;;;0;0
000EW;2025-01-31 05:10:00;3.1;1028.1;89;1.5;0;;;;
000EW;2025-01-31 05:20:00;3.1;1028;89;1.4;0;;;;
000EW;2025-01-31 05:30:00;3.1;1028.1;89;1.4;0;;;;
000EW;2025-01-31 05:40:00;3.1;1028.1;89;1.4;0;;;;
000EW;2025-01-31 05:50:00;3.2;1027.9;89;1.5;0;;;;
000EW;2025-01-31 06:00:00;3.2;1028;89;1.5;0;;;0;0
000EW;2025-01-31 06:10:00;3.2;1028.2;89;1.6;0;;;;
000EW;2025-01-31 06:20:00;3.4;1028.2;89;1.8;0;;;;
000EW;2025-01-31 06:30:00;3.5;1028.3;89;1.9;0;;;;
000EW;2025-01-31 06:40:00;3.5;1028.3;88;1.7;0;;;;
000EW;2025-01-31 06:50:00;3.3;1028.4;88;1.5;0;;;;
000EW;2025-01-31 07:00:00;3.2;1028.4;88;1.4;0;;;0;0
000EW;2025-01-31 07:10:00;3.2;1028.4;89;1.5;0;;;;
000EW;2025-01-31 07:20:00;3;1028.5;88;1.2;0;;;;
000EW;2025-01-31 07:30:00;3.8;1028.5;100;3.8;0;;;;
000EW;2025-01-31 07:40:00;;1028.5;;;;;;;
000EW;2025-01-31 07:50:00;;1028.5;;;;;;;
000EW;2025-01-31 08:00:00;;1028.4;;;;;;0;0
000EW;2025-01-31 08:10:00;;1028.4;;;;;;;
000EW;2025-01-31 08:20:00;;1028.5;;;;;;;
000EW;2025-01-31 08:30:00;3.1;1028.5;89;1.4;0;;;;
000EW;2025-01-31 08:40:00;3.3;1028.4;90;1.8;0;;;;
000EW;2025-01-31 08:50:00;3.4;1028.3;89;1.8;0;;;;
000EW;2025-01-31 09:00:00;3.6;1028.4;89;2;0;;;0;0
000EW;2025-01-31 09:10:00;3.4;1028.5;89;1.8;0;;;;
000EW;2025-01-31 09:20:00;3.5;1028.5;89;1.9;0;;;;
000EW;2025-01-31 09:30:00;3.8;1028.5;89;2.1;0;;;;
000EW;2025-01-31 09:40:00;4.1;1028.5;89;2.4;0;;;;
000EW;2025-01-31 09:50:00;4.3;1028.5;88;2.5;0;;;;
000EW;2025-01-31 10:00:00;4.4;1028.4;88;2.6;0;;;0;0
000EW;2025-01-31 10:10:00;4.6;1028.5;87;2.6;0;;;;
000EW;2025-01-31 10:20:00;4.8;1028.4;87;2.8;0;;;;
000EW;2025-01-31 10:30:00;4.9;1028.3;86;2.7;0;;;;
000EW;2025-01-31 10:40:00;5.1;1028.5;85;2.8;0;;;;
000EW;2025-01-31 10:50:00;5.4;1028.4;84;3;0;;;;
000EW;2025-01-31 11:00:00;5.6;1028.4;82;2.7;0;;;0;0
000EW;2025-01-31 11:10:00;5.8;1028.3;81;2.8;0;;;;
000EW;2025-01-31 11:20:00;6.4;1028.1;73;2;0;;;;
000EW;2025-01-31 11:30:00;6.8;1028.1;70;1.7;0;;;;
000EW;2025-01-31 11:40:00;7;1028.1;67;1.3;0;;;;
000EW;2025-01-31 11:50:00;7.1;1028.1;65;0.9;0;;;;
000EW;2025-01-31 12:00:00;7;1028;66;1.1;0;;;0;0
000EW;2025-01-31 12:10:00;6.7;1027.9;66;0.8;0;;;;
000EW;2025-01-31 12:20:00;6.7;1027.8;66;0.8;0;;;;
000EW;2025-01-31 12:30:00;6.7;1027.6;68;1.2;0;;;;
000EW;2025-01-31 12:40:00;6.6;1027.3;69;1.3;0;;;;
000EW;2025-01-31 12:50:00;6.6;1027.3;69;1.3;0;;;;
000EW;2025-01-31 13:00:00;6.7;1027.3;68;1.2;0;;;0;0
000EW;2025-01-31 13:10:00;6.8;1027.3;69;1.5;0;;;;
000EW;2025-01-31 13:20:00;6.6;1027.3;70;1.5;0;;;;
000EW;2025-01-31 13:30:00;6.6;1027.2;71;1.7;0;;;;
000EW;2025-01-31 13:40:00;6.6;1027.2;74;2.3;0;;;;
000EW;2025-01-31 13:50:00;6.6;1027;74;2.3;0;;;;
000EW;2025-01-31 14:00:00;6.4;1026.9;73;1.9;0;;;0;0
000EW;2025-01-31 14:10:00;6.2;1027;75;2.1;0;;;;
000EW;2025-01-31 14:20:00;6.1;1027;77;2.3;0;;;;
000EW;2025-01-31 14:30:00;5.9;1026.9;79;2.6;0;;;;
000EW;2025-01-31 14:40:00;5.8;1027;80;2.7;0;;;;
000EW;2025-01-31 14:50:00;5.1;1027.2;79;1.7;0;;;;
000EW;2025-01-31 15:00:00;4.7;1027.2;81;1.7;0;;;0.8;0.8
000EW;2025-01-31 15:10:00;4.3;1027.2;83;1.7;0;;;;
000EW;2025-01-31 15:20:00;4.2;1027.2;85;1.9;0;;;;
000EW;2025-01-31 15:30:00;4.1;1027.2;86;2;0;;;;
000EW;2025-01-31 15:40:00;4.1;1027.2;87;2.1;0;;;;
000EW;2025-01-31 15:50:00;4;1027.2;87;2;0;;;;
000EW;2025-01-31 16:00:00;4.1;1027.2;87;2.1;0;;;0;2
000EW;2025-01-31 16:10:00;4.1;1027.1;88;2.2;0;;;;
000EW;2025-01-31 16:20:00;4;1027.1;88;2.2;0;;;;
000EW;2025-01-31 16:30:00;4;1027.2;89;2.4;0;;;;
000EW;2025-01-31 16:40:00;3.9;1027.3;89;2.3;0;;;;
000EW;2025-01-31 16:50:00;3.9;1027.4;89;2.3;0;;;;
000EW;2025-01-31 18:00:00;3.5;1027.8;90;2;0;;;4;1.4
000EW;2025-01-31 18:10:00;3.4;1027.8;90;2;0;;;;
000EW;2025-01-31 18:20:00;3.6;1027.8;90;2.1;0;;;;
000EW;2025-01-31 18:40:00;3.4;1027.9;90;2;0;;;;
000EW;2025-01-31 19:00:00;3.3;1028.1;90;1.9;0;;;0;0.2
000EW;2025-01-31 19:10:00;3.2;1027.9;90;1.7;0;;;;
000EW;2025-01-31 19:20:00;3.2;1027.9;91;1.9;1.6;;158;;
000EW;2025-01-31 19:30:00;3.2;1027.9;91;1.9;0;;;;
000EW;2025-01-31 19:40:00;3.3;1027.9;91;2;0.8;;180;;
000EW;2025-01-31 19:50:00;3.3;1027.7;91;2;0;;;;
000EW;2025-01-31 20:00:00;3.2;1027.9;91;1.9;0;;;0;0.2
000EW;2025-01-31 20:10:00;3.2;1027.9;91;1.8;0;;;;
000EW;2025-01-31 20:20:00;3.2;1028.1;91;1.8;0;;;;
000EW;2025-01-31 20:30:00;3.2;1028.2;91;1.8;0;;;;
000EW;2025-01-31 20:40:00;3.2;1028.3;91;1.9;0;;;;
000EW;2025-01-31 20:50:00;3.2;1028.5;91;1.9;0;;;;
000EW;2025-01-31 21:00:00;3.2;1028.6;91;1.9;0;;;0.6;0.2
000EW;2025-01-31 21:10:00;3.3;1028.5;91;2;0;;;;
000EW;2025-01-31 21:20:00;3.3;1028.6;92;2.1;0;;;;
000EW;2025-01-31 21:30:00;3.3;1028.6;92;2.2;0;;;;
000EW;2025-01-31 21:40:00;3.4;1028.8;92;2.2;0;;;;
000EW;2025-01-31 21:50:00;3.4;1028.8;92;2.3;0;;;;
000EW;2025-01-31 22:00:00;3.4;1028.8;91;2.1;0;;;0;0
000EW;2025-01-31 22:10:00;3.3;1028.9;92;2.2;0;;;;
000EW;2025-01-31 22:20:00;3.4;1029;92;2.2;0;;;;
000EW;2025-01-31 22:30:00;3.4;1029.1;92;2.2;0;;;;
000EW;2025-01-31 22:40:00;3.4;1029.1;92;2.3;0;;;;
000EW;2025-01-31 22:50:00;3.3;1029.1;92;2.2;0;;;;
000EW;2025-01-31 23:00:00;3.3;1029.2;92;2.1;0;;;0;0
000EW;2025-01-31 23:10:00;3.3;1029.2;92;2.1;0;;;;
000EW;2025-01-31 23:20:00;3.3;1029.4;92;2.2;0;;;;
000EW;2025-01-31 23:30:00;3.4;1029.4;92;2.2;0;;;;
000EW;2025-01-31 23:40:00;3.4;1029.5;92;2.3;0;;;;
000EW;2025-01-31 23:50:00;3.4;1029.6;92;2.3;0;;;;
000EW;2025-02-01 00:00:00;3.4;1029.7;92;2.3;0;;;0;0
000EW;2025-02-01 00:10:00;3.6;1029.6;92;2.4;0;;;;
000EW;2025-02-01 00:20:00;3.6;1029.5;92;2.4;0;;;;
000EW;2025-02-01 00:30:00;3.5;1029.3;92;2.3;0;;;;
000EW;2025-02-01 00:40:00;3.4;1029.4;92;2.2;0;;;;
000EW;2025-02-01 00:50:00;3.4;1029.3;92;2.3;0;;;;
000EW;2025-02-01 01:00:00;3.4;1029.2;92;2.3;0;;;0;0
000EW;2025-02-01 01:10:00;3.4;1029.1;92;2.3;0;;;;
000EW;2025-02-01 01:20:00;3.5;1029.1;92;2.3;0;;;;
000EW;2025-02-01 01:30:00;3.5;1028.9;92;2.3;0;;;;
000EW;2025-02-01 01:40:00;3.6;1028.9;92;2.4;0;;;;
000EW;2025-02-01 01:50:00;3.5;1028.9;92;2.3;0;;;;
000EW;2025-02-01 02:00:00;3.4;1029.1;92;2.3;0;;;0;0
000EW;2025-02-01 02:10:00;3.3;1029.1;92;2.2;0;;;;
000EW;2025-02-01 02:20:00;3.3;1029.1;91;2;0;;;;
000EW;2025-02-01 02:30:00;3.3;1029;92;2.2;0;;;;
000EW;2025-02-01 02:40:00;3.3;1029;92;2.2;0;;;;
000EW;2025-02-01 02:50:00;3.3;1028.9;91;2;0;;;;
000EW;2025-02-01 03:00:00;3.3;1028.8;91;2;0;;;0;0
000EW;2025-02-01 03:10:00;3.3;1028.8;91;2;0;;;;
000EW;2025-02-01 03:20:00;3.3;1028.6;91;2;0;;;;
000EW;2025-02-01 03:30:00;3.3;1028.6;91;2;0;;;;
000EW;2025-02-01 03:40:00;3.2;1028.6;91;1.9;0;;;;
000EW;2025-02-01 03:50:00;3.2;1028.8;91;1.9;0;;;;
000EW;2025-02-01 04:00:00;3.2;1028.8;91;1.8;0;;;0;0
000EW;2025-02-01 04:10:00;3.1;1028.9;91;1.7;0;;;;
000EW;2025-02-01 04:20:00;3;1029;91;1.7;0;;;;
000EW;2025-02-01 04:30:00;2.9;1029;91;1.6;0;;;;
000EW;2025-02-01 04:40:00;2.9;1029.1;91;1.6;0;;;;
000EW;2025-02-01 04:50:00;2.9;1029.1;91;1.6;0;;;;
000EW;2025-02-01 05:00:00;2.8;1029.1;91;1.5;0;;;0;0
000EW;2025-02-01 05:10:00;2.8;1029.3;91;1.5;0;;;;
000EW;2025-02-01 05:20:00;2.7;1029.2;91;1.4;0;;;;
000EW;2025-02-01 05:30:00;2.7;1029.2;91;1.4;0;;;;
000EW;2025-02-01 05:40:00;2.7;1029.1;90;1.2;0;;;;
000EW;2025-02-01 05:50:00;2.6;1029.1;90;1.1;0;;;;
000EW;2025-02-01 06:00:00;2.6;1029.1;90;1.1;0;;;0.2;0.2
000EW;2025-02-01 06:10:00;2.5;1029.2;90;1;0;;;;
000EW;2025-02-01 06:20:00;2.4;1029.1;90;1;0;;;;
000EW;2025-02-01 06:30:00;;1029.1;89;;0;;;;
000EW;2025-02-01 06:40:00;;1029.1;;;;;;;
000EW;2025-02-01 06:50:00;;1029.2;;;;;;;
000EW;2025-02-01 07:00:00;;1029.2;;;;;;0;0
000EW;2025-02-01 07:10:00;;1029.2;;;;;;;
000EW;2025-02-01 07:20:00;;1029.2;;;;;;;
000EW;2025-02-01 07:30:00;;1029.3;;;;;;;
000EW;2025-02-01 07:40:00;;1029.2;;;;;;;
000EW;2025-02-01 07:50:00;;1029.4;;;;;;;
000EW;2025-02-01 08:00:00;2.3;1029.5;89;0.7;;;;0;0
000EW;2025-02-01 08:10:00;2.3;1029.4;88;0.5;0;;;;
000EW;2025-02-01 08:20:00;2.3;1029.3;88;0.5;0;;;;
000EW;2025-02-01 08:30:00;2.3;1029.5;88;0.5;0;;;;
000EW;2025-02-01 08:40:00;2.3;1029.5;88;0.6;0;;;;
000EW;2025-02-01 08:50:00;2.6;1029.5;88;0.8;0;;;;
000EW;2025-02-01 09:00:00;2.6;1029.8;88;0.8;0;;;0;0
000EW;2025-02-01 09:10:00;2.7;1029.7;87;0.8;0;;;;
000EW;2025-02-01 09:20:00;2.8;1029.8;87;0.9;0;;;;
000EW;2025-02-01 09:30:00;3.1;1029.5;86;0.9;0;;;;
000EW;2025-02-01 09:40:00;3.2;1029.3;86;1.1;0;;;;
000EW;2025-02-01 09:50:00;3.6;1029.4;85;1.3;0;;;;
000EW;2025-02-01 10:00:00;3.7;1029.4;84;1.3;0;;;0;0
000EW;2025-02-01 10:10:00;3.9;1029.5;82;1.1;0;;;;
000EW;2025-02-01 10:20:00;4.1;1029.6;82;1.3;0;;;;
000EW;2025-02-01 10:30:00;4.6;1029.6;81;1.6;0;;;;
000EW;2025-02-01 10:40:00;4.6;1029.4;79;1.2;0;;;;
000EW;2025-02-01 10:50:00;4.8;1029.4;79;1.5;0;;;;
000EW;2025-02-01 11:00:00;5;1029.3;78;1.5;0;;;0;0
000EW;2025-02-01 11:10:00;5.2;1029.3;77;1.5;0;;;;
000EW;2025-02-01 11:20:00;5.2;1029.2;76;1.3;0;;;;
000EW;2025-02-01 11:30:00;5.3;1029;75;1.3;0;;;;
000EW;2025-02-01 11:40:00;5.7;1028.9;73;1.3;0;;;;
000EW;2025-02-01 11:50:00;6;1028.7;72;1.3;0;;;;
000EW;2025-02-01 12:00:00;5.9;1028.7;72;1.2;0;;;0;0
000EW;2025-02-01 12:10:00;6;1028.6;72;1.3;0;;;;
000EW;2025-02-01 12:20:00;5.9;1028.4;72;1.3;0;;;;
000EW;2025-02-01 12:30:00;5.9;1028.3;72;1.3;0;;;;
000EW;2025-02-01 12:40:00;6.2;1028.2;73;1.7;0;;;;
000EW;2025-02-01 12:50:00;6.3;1028.1;72;1.7;0;;;;
000EW;2025-02-01 13:00:00;6.5;1028.2;72;1.8;0;;;0;0
000EW;2025-02-01 13:10:00;6.6;1028.1;71;1.7;0;;;;
000EW;2025-02-01 13:20:00;6.7;1028;70;1.6;0;;;;
000EW;2025-02-01 13:30:00;6.9;1027.8;69;1.6;0;;;;
000EW;2025-02-01 13:40:00;6.8;1027.6;69;1.5;0;;;;
000EW;2025-02-01 13:50:00;6.9;1027.5;69;1.7;0;;;;
000EW;2025-02-01 14:00:00;7.1;1027.4;67;1.3;0;;;0;0
000EW;2025-02-01 14:10:00;7.2;1027.4;66;1.2;0;;;;
000EW;2025-02-01 14:20:00;7.2;1027.5;65;1;0;;;;
000EW;2025-02-01 14:30:00;7.3;1027.5;65;1.2;0;;;;
000EW;2025-02-01 14:40:00;7.7;1027.5;63;1.1;0;;;;
000EW;2025-02-01 14:50:00;7.5;1027.4;67;1.8;0;;;;
000EW;2025-02-01 15:00:00;7.3;1027.4;68;1.8;0;;;0;0
000EW;2025-02-01 15:10:00;7.3;1027.3;67;1.6;0;;;;
000EW;2025-02-01 15:20:00;7.4;1027.4;67;1.7;0;;;;
000EW;2025-02-01 15:30:00;7.1;1027.3;67;1.4;0;;;;
000EW;2025-02-01 15:40:00;6.9;1027.2;69;1.7;0;;;;
000EW;2025-02-01 15:50:00;6.8;1027.2;69;1.5;0;;;;
000EW;2025-02-01 16:00:00;6.8;1027.2;70;1.7;0;;;0;0
000EW;2025-02-01 16:10:00;6.7;1027.2;71;1.8;0;;;;
000EW;2025-02-01 16:20:00;6.5;1027.2;71;1.6;0;;;;
000EW;2025-02-01 16:30:00;6.4;1027;72;1.7;0;;;;
000EW;2025-02-01 16:40:00;6.3;1026.9;71;1.4;0;;;;
000EW;2025-02-01 16:50:00;6.1;1026.9;71;1.3;0;;;;
000EW;2025-02-01 17:00:00;6.1;1027;70;1;0;;;0;0
000EW;2025-02-01 17:10:00;6.1;1027;70;1;0;;;;
000EW;2025-02-01 17:20:00;5.9;1027.1;71;1.1;0;;;;
000EW;2025-02-01 17:30:00;5.9;1027.1;72;1.2;0;;;;
000EW;2025-02-01 17:40:00;5.8;1027;72;1.2;0;;;;
000EW;2025-02-01 17:50:00;5.8;1026.9;73;1.3;0;;;;
000EW;2025-02-01 18:00:00;5.7;1026.9;74;1.4;0;;;0;0
000EW;2025-02-01 18:10:00;5.6;1026.7;74;1.3;0;;;;
000EW;2025-02-01 18:20:00;5.4;1026.7;75;1.4;0;;;;
000EW;2025-02-01 18:30:00;5.3;1026.8;76;1.4;0;;;;
000EW;2025-02-01 18:40:00;5.2;1026.8;76;1.3;0;;;;
000EW;2025-02-01 18:50:00;5.1;1027;75;1;0;;;;
000EW;2025-02-01 19:00:00;5;1027;75;0.9;0;;;0;0
000EW;2025-02-01 19:10:00;4.9;1026.9;75;0.9;0;;;;
000EW;2025-02-01 19:20:00;4.8;1026.9;75;0.8;0;;;;
000EW;2025-02-01 19:30:00;4.7;1026.9;76;0.9;0;;;;
000EW;2025-02-01 19:40:00;4.6;1026.9;76;0.7;0;;;;
000EW;2025-02-01 19:50:00;4.5;1026.9;77;0.8;0;;;;
000EW;2025-02-01 20:00:00;4.4;1027;77;0.7;0;;;0;0
000EW;2025-02-01 20:10:00;4.3;1026.8;78;0.8;0;;;;
000EW;2025-02-01 20:20:00;4.3;1026.8;78;0.8;0;;;;
000EW;2025-02-01 20:30:00;4.2;1026.7;79;0.9;0;;;;
000EW;2025-02-01 20:40:00;4.2;1026.5;79;0.9;0;;;;
000EW;2025-02-01 20:50:00;4.1;1026.5;79;0.8;0;;;;
000EW;2025-02-01 21:00:00;4.1;1026.4;79;0.8;0;;;0;0
000EW;2025-02-01 21:10:00;4.1;1026.3;79;0.7;0;;;;
000EW;2025-02-01 21:20:00;3.9;1026.2;79;0.6;0;;;;
000EW;2025-02-01 21:30:00;3.8;1026.1;79;0.5;0;;;;
000EW;2025-02-01 21:40:00;3.8;1026;80;0.6;0;;;;
000EW;2025-02-01 21:50:00;3.7;1026;80;0.6;0;;;;
000EW;2025-02-01 22:00:00;3.7;1025.8;79;0.4;0;;;0;0
000EW;2025-02-01 22:10:00;3.8;1025.7;79;0.5;0;;;;
000EW;2025-02-01 22:20:00;3.8;1025.6;79;0.5;0;;;;
000EW;2025-02-01 22:30:00;3.7;1025.5;79;0.4;0;;;;
000EW;2025-02-01 22:40:00;3.7;1025.6;79;0.4;0;;;;
000EW;2025-02-01 22:50:00;3.7;1025.5;79;0.4;0;;;;
000EW;2025-02-01 23:00:00;3.7;1025.5;79;0.4;0;;;0;0
000EW;2025-02-01 23:10:00;3.6;1025.4;78;0.1;0;;;;
000EW;2025-02-01 23:20:00;3.6;1025.2;78;0.1;0;;;;
000EW;2025-02-01 23:30:00;3.6;1025.1;78;0.1;0;;;;
000EW;2025-02-01 23:40:00;3.4;1025;78;-0;0;;;;
000EW;2025-02-01 23:50:00;3.4;1024.9;78;-0.1;0;;;;
000EW;2025-02-02 00:00:00;3.3;1024.8;78;-0.2;0;;;0;0
000EW;2025-02-02 00:10:00;3.2;1024.7;78;-0.3;0;;;;
000EW;2025-02-02 00:20:00;3.1;1024.7;79;-0.2;0;;;;
000EW;2025-02-02 00:30:00;3.2;1024.5;78;-0.3;0;;;;
000EW;2025-02-02 00:40:00;3.1;1024.4;78;-0.4;0;;;;
000EW;2025-02-02 00:50:00;3.1;1024.2;79;-0.2;0;;;;
000EW;2025-02-02 01:00:00;2.9;1024;79;-0.3;0;;;0;0
000EW;2025-02-02 01:10:00;2.9;1024;79;-0.4;0;;;;
000EW;2025-02-02 01:20:00;2.8;1023.9;79;-0.5;0;;;;
000EW;2025-02-02 01:30:00;2.6;1023.8;79;-0.7;0;;;;
000EW;2025-02-02 01:40:00;2.4;1023.8;80;-0.6;0;;;;
000EW;2025-02-02 01:50:00;2.5;1023.8;80;-0.6;0;;;;
000EW;2025-02-02 02:00:00;2.5;1023.8;81;-0.4;0;;;0;0
000EW;2025-02-02 02:10:00;2.4;1023.7;81;-0.5;0;;;;
000EW;2025-02-02 02:20:00;2.4;1023.6;81;-0.5;0;;;;
000EW;2025-02-02 02:30:00;2.3;1023.6;81;-0.6;0;;;;
000EW;2025-02-02 02:40:00;2.2;1023.6;81;-0.8;0;;;;
000EW;2025-02-02 02:50:00;2.1;1023.6;82;-0.6;0;;;;
000EW;2025-02-02 03:00:00;2.1;1023.4;82;-0.7;0;;;0;0
000EW;2025-02-02 03:10:00;1.9;1023.2;82;-0.8;0;;;;
000EW;2025-02-02 03:20:00;1.8;1023.2;82;-0.9;0;;;;
000EW;2025-02-02 03:30:00;1.8;1023.3;83;-0.8;0;;;;
000EW;2025-02-02 03:40:00;1.7;1023.2;83;-0.9;0;;;;
000EW;2025-02-02 03:50:00;1.7;1023.1;83;-0.9;0;;;;
000EW;2025-02-02 04:00:00;1.7;1023;83;-0.9;0;;;0;0
000EW;2025-02-02 04:10:00;1.7;1023;83;-0.9;0;;;;
000EW;2025-02-02 04:20:00;1.6;1022.9;83;-1;0;;;;
000EW;2025-02-02 04:30:00;1.6;1022.8;83;-1;0;;;;
000EW;2025-02-02 04:40:00;1.4;1022.7;83;-1.1;0;;;;
000EW;2025-02-02 04:50:00;1.3;1022.6;83;-1.2;0;;;;
000EW;2025-02-02 05:00:00;1.3;1022.6;84;-1.1;0;;;0;0
000EW;2025-02-02 05:10:00;1.2;1022.5;84;-1.2;0;;;;
000EW;2025-02-02 05:20:00;1.1;1022.5;84;-1.3;0;;;;
000EW;2025-02-02 05:30:00;1.1;1022.5;84;-1.3;0;;;;
000EW;2025-02-02 05:40:00;1.1;1022.4;84;-1.3;0;;;;
000EW;2025-02-02 05:50:00;1.1;1022.5;85;-1.2;0;;;;
000EW;2025-02-02 06:00:00;1;1022.3;85;-1.2;0;;;0;0
000EW;2025-02-02 06:10:00;0.9;1022.4;85;-1.3;0;;;;
000EW;2025-02-02 06:20:00;0.9;1022.2;85;-1.3;0;;;;
000EW;2025-02-02 06:30:00;0.8;1022.3;85;-1.4;0;;;;
000EW;2025-02-02 06:40:00;0.8;1022.4;85;-1.4;0;;;;
000EW;2025-02-02 06:50:00;0.8;1022.5;85;-1.5;0;;;;
000EW;2025-02-02 07:00:00;0.3;1022.5;87;-1.6;0;;;0;0
000EW;2025-02-02 07:10:00;;1022.6;;;;;;;
000EW;2025-02-02 07:20:00;;1022.7;;;;;;;
000EW;2025-02-02 07:30:00;;1022.8;;;;;;;
000EW;2025-02-02 07:40:00;;1022.7;;;;;;;
000EW;2025-02-02 07:50:00;;1022.8;;;;;;;
000EW;2025-02-02 08:00:00;0.6;1022.9;86;-1.5;0;;;0;0
000EW;2025-02-02 08:10:00;0.8;1022.8;87;-1.1;0;;;;
000EW;2025-02-02 08:20:00;1.1;1022.9;86;-1;0;;;;
000EW;2025-02-02 08:30:00;1.3;1022.9;85;-1;0;;;;
000EW;2025-02-02 08:40:00;1.3;1022.9;85;-0.9;0;;;;
000EW;2025-02-02 08:50:00;1.4;1022.8;84;-1;0;;;;
000EW;2025-02-02 09:00:00;1.5;1022.8;85;-0.7;0;;;0;0
000EW;2025-02-02 09:10:00;1.6;1022.6;84;-0.8;0;;;;
000EW;2025-02-02 09:20:00;1.8;1022.6;84;-0.6;0;;;;
000EW;2025-02-02 09:30:00;1.9;1022.6;83;-0.7;0;;;;
000EW;2025-02-02 09:40:00;2.2;1022.6;83;-0.4;0;;;;
000EW;2025-02-02 09:50:00;2.4;1022.5;83;-0.2;0;;;;
000EW;2025-02-02 10:00:00;2.6;1022.4;82;-0.1;0;;;0;0
000EW;2025-02-02 10:10:00;3;1022.3;82;0.2;0;;;;
000EW;2025-02-02 10:20:00;3.3;1022.1;81;0.3;0;;;;
000EW;2025-02-02 10:30:00;3.6;1022.1;81;0.6;0;;;;
000EW;2025-02-02 10:40:00;3.9;1022.4;79;0.6;0;;;;
000EW;2025-02-02 10:50:00;4.2;1022.4;80;1.1;0;;;;
000EW;2025-02-02 11:00:00;4.4;1022.4;78;0.9;0;;;0;0
000EW;2025-02-02 11:10:00;4.6;1022.4;78;1.1;0;;;;
000EW;2025-02-02 11:20:00;4.9;1022.4;78;1.4;0;;;;
000EW;2025-02-02 11:30:00;5.3;1022.3;76;1.4;0;;;;
000EW;2025-02-02 11:40:00;5.6;1022.3;76;1.7;0;;;;
000EW;2025-02-02 11:50:00;6;1022.2;75;1.9;0;;;;
000EW;2025-02-02 12:00:00;6.1;1022.2;73;1.6;0;;;0;0
000EW;2025-02-02 12:10:00;6.2;1022.2;73;1.7;0;;;;
000EW;2025-02-02 12:20:00;6.4;1022.2;72;1.7;0;;;;
000EW;2025-02-02 12:30:00;6.6;1022.2;72;1.9;0;;;;
000EW;2025-02-02 12:40:00;7;1022.2;71;2.1;0;;;;
000EW;2025-02-02 12:50:00;7.1;1022.2;69;1.8;0;;;;
000EW;2025-02-02 13:00:00;7;1022.3;69;1.7;0;;;0;0
000EW;2025-02-02 13:10:00;7;1022.3;70;1.9;0;;;;
000EW;2025-02-02 13:20:00;7.3;1022.2;70;2.2;0;;;;
000EW;2025-02-02 13:30:00;7.5;1022.3;69;2.2;0;;;;
000EW;2025-02-02 13:40:00;7.8;1022.2;68;2.2;0;;;;
000EW;2025-02-02 13:50:00;8;1022.3;67;2.2;0;;;;
000EW;2025-02-02 14:00:00;7.8;1022.4;67;2;0;;;0;0
000EW;2025-02-02 14:10:00;7.8;1022.6;67;2;0;;;;
000EW;2025-02-02 14:20:00;7.6;1022.5;67;1.9;0;;;;
000EW;2025-02-02 14:30:00;7.8;1022.6;67;2.1;0;;;;
000EW;2025-02-02 14:40:00;7.7;1022.6;66;1.8;0;;;;
000EW;2025-02-02 14:50:00;7.9;1022.6;67;2.1;0;;;;
000EW;2025-02-02 15:00:00;7.8;1022.6;67;2;0;;;0;0
000EW;2025-02-02 15:10:00;8;1022.6;67;2.2;0;;;;
000EW;2025-02-02 15:20:00;8.2;1022.7;67;2.5;0;;;;
000EW;2025-02-02 15:30:00;8.2;1022.8;66;2.2;0;;;;
000EW;2025-02-02 15:40:00;7.9;1022.8;67;2.2;0;;;;
000EW;2025-02-02 15:50:00;7.7;1022.9;68;2.2;0;;;;
000EW;2025-02-02 16:00:00;7.6;1022.9;69;2.3;0;;;0;0
000EW;2025-02-02 16:10:00;7.5;1022.9;69;2.2;0;;;;
000EW;2025-02-02 16:20:00;7.4;1023;70;2.3;0;;;;
000EW;2025-02-02 16:30:00;7.3;1023;71;2.4;0;;;;
000EW;2025-02-02 16:40:00;7.2;1023.1;72;2.5;0;;;;
000EW;2025-02-02 16:50:00;7.1;1023.2;72;2.4;0;;;;
000EW;2025-02-02 17:00:00;6.9;1023.2;73;2.4;0;;;0;0
000EW;2025-02-02 17:10:00;6.8;1023.3;73;2.3;0;;;;
000EW;2025-02-02 17:20:00;6.7;1023.4;74;2.4;0;;;;
000EW;2025-02-02 17:30:00;6.5;1023.6;74;2.2;0;;;;
000EW;2025-02-02 17:40:00;6.4;1023.7;75;2.3;0;;;;
000EW;2025-02-02 17:50:00;6.3;1023.8;76;2.4;0;;;;
000EW;2025-02-02 18:00:00;6.3;1023.9;76;2.4;0;;;0;0
000EW;2025-02-02 18:10:00;6.2;1023.8;76;2.3;0;;;;
000EW;2025-02-02 18:20:00;6.1;1023.9;76;2.1;0;;;;
000EW;2025-02-02 18:30:00;5.9;1024.1;77;2.2;0;;;;
000EW;2025-02-02 18:40:00;5.9;1024.2;77;2.2;0;;;;
000EW;2025-02-02 18:50:00;5.9;1024.2;77;2.2;0;;;;
000EW;2025-02-02 19:00:00;5.9;1024.3;77;2.2;0;;;0;0
000EW;2025-02-02 19:10:00;5.8;1024.4;77;2.1;0;;;;
000EW;2025-02-02 19:20:00;5.7;1024.5;78;2.1;0;;;;
000EW;2025-02-02 19:30:00;5.6;1024.7;78;2.1;0;;;;
000EW;2025-02-02 19:40:00;5.4;1024.8;79;2.1;0;;;;
000EW;2025-02-02 19:50:00;5.3;1024.9;79;1.9;0;;;;
000EW;2025-02-02 20:00:00;5.1;1024.8;80;1.9;0;;;0;0
000EW;2025-02-02 20:10:00;4.8;1024.9;81;1.9;0;;;;
000EW;2025-02-02 20:20:00;4.6;1024.9;81;1.6;0;;;;
000EW;2025-02-02 20:30:00;4.4;1024.9;82;1.6;0;;;;
000EW;2025-02-02 20:40:00;4.2;1024.9;83;1.5;0;;;;
000EW;2025-02-02 20:50:00;4.1;1025.1;83;1.4;0;;;;
000EW;2025-02-02 21:00:00;4;1025.3;84;1.5;0;;;0;0
000EW;2025-02-02 21:10:00;4;1025.3;84;1.5;0;;;;
000EW;2025-02-02 21:20:00;4;1025.4;84;1.5;0;;;;
000EW;2025-02-02 21:30:00;3.9;1025.5;84;1.5;0;;;;
000EW;2025-02-02 21:40:00;3.8;1025.6;84;1.3;0;;;;
000EW;2025-02-02 21:50:00;3.8;1025.9;84;1.3;0;;;;
000EW;2025-02-02 22:00:00;3.8;1025.9;85;1.5;0;;;0;0
000EW;2025-02-02 22:10:00;3.7;1026.1;85;1.4;0;;;;
000EW;2025-02-02 22:20:00;3.7;1026.2;85;1.4;0;;;;
000EW;2025-02-02 22:30:00;3.7;1026.2;85;1.4;0;;;;
000EW;2025-02-02 22:40:00;3.6;1026.3;85;1.3;0;;;;
000EW;2025-02-02 22:50:00;3.7;1026.3;85;1.4;0;;;;
000EW;2025-02-02 23:00:00;3.7;1026.4;85;1.4;0;;;0;0
000EW;2025-02-02 23:10:00;3.6;1026.7;85;1.3;0;;;;
000EW;2025-02-02 23:20:00;3.5;1026.4;85;1.2;0;;;;
000EW;2025-02-02 23:30:00;3.4;1026.5;85;1.1;0;;;;
000EW;2025-02-02 23:40:00;3.3;1026.5;85;1.1;0;;;;
000EW;2025-02-02 23:50:00;3.3;1026.5;85;1.1;0;;;;
000EW;2025-02-03 00:00:00;3.3;1026.4;85;1;0;;;0;0
000EW;2025-02-03 00:10:00;3.2;1026.4;85;0.9;0;;;;
000EW;2025-02-03 00:20:00;3.2;1026.2;85;0.9;0;;;;
000EW;2025-02-03 00:30:00;3.1;1026.3;85;0.8;0;;;;
000EW;2025-02-03 00:40:00;3.1;1026.3;85;0.8;0;;;;
000EW;2025-02-03 00:50:00;3.1;1026.3;86;0.9;0;;;;
000EW;2025-02-03 01:00:00;3;1026.3;86;0.9;0;;;0;0
000EW;2025-02-03 01:10:00;2.9;1026.2;86;0.8;0;;;;
000EW;2025-02-03 01:20:00;2.9;1026.1;86;0.8;0;;;;
000EW;2025-02-03 01:30:00;2.8;1026;86;0.7;0;;;;
000EW;2025-02-03 01:40:00;2.7;1026;86;0.6;0;;;;
000EW;2025-02-03 01:50:00;2.5;1026.2;86;0.4;0;;;;
000EW;2025-02-03 02:00:00;2.4;1026.2;87;0.5;0;;;0;0
000EW;2025-02-03 02:10:00;2.4;1026.2;87;0.4;0;;;;
000EW;2025-02-03 02:20:00;2.3;1026.1;87;0.3;0;;;;
000EW;2025-02-03 02:30:00;2.2;1026.2;87;0.2;0;;;;
000EW;2025-02-03 02:40:00;2.1;1026.2;87;0.2;0;;;;
000EW;2025-02-03 02:50:00;2;1026.1;88;0.2;0;;;;
000EW;2025-02-03 03:00:00;2;1026.1;88;0.2;0;;;0;0
000EW;2025-02-03 03:10:00;1.9;1026.2;88;0.2;0;;;;
000EW;2025-02-03 03:20:00;1.9;1026.2;88;0.1;0;;;;
000EW;2025-02-03 03:30:00;1.8;1026.3;88;0.1;0;;;;
000EW;2025-02-03 03:40:00;1.8;1026.3;88;0;0;;;;
000EW;2025-02-03 03:50:00;1.8;1026.3;88;0;0;;;;
000EW;2025-02-03 04:00:00;1.7;1026.3;88;-0.1;0;;;0;0
000EW;2025-02-03 04:10:00;1.6;1026.4;88;-0.2;0;;;;
000EW;2025-02-03 04:20:00;1.6;1026.3;89;-0;0;;;;
000EW;2025-02-03 04:30:00;1.6;1026.3;89;-0.1;0;;;;
000EW;2025-02-03 04:40:00;1.5;1026.5;89;-0.1;0;;;;
000EW;2025-02-03 04:50:00;1.5;1026.7;89;-0.1;0;;;;
000EW;2025-02-03 05:00:00;1.4;1026.7;89;-0.2;0;;;0;0
000EW;2025-02-03 05:10:00;1.4;1026.6;89;-0.2;0;;;;
000EW;2025-02-03 05:20:00;1.4;1026.7;89;-0.2;0;;;;
000EW;2025-02-03 05:30:00;1.3;1026.7;89;-0.3;0;;;;
000EW;2025-02-03 05:40:00;1.3;1026.7;89;-0.3;0;;;;
000EW;2025-02-03 05:50:00;1.3;1026.9;89;-0.3;0;;;;
000EW;2025-02-03 06:00:00;1.3;1026.8;89;-0.3;0;;;0;0
000EW;2025-02-03 06:10:00;1.3;1026.8;89;-0.3;0;;;;
000EW;2025-02-03 06:20:00;1.3;1026.8;89;-0.3;0;;;;
000EW;2025-02-03 06:30:00;1.3;1026.8;89;-0.3;0;;;;
000EW;2025-02-03 06:40:00;1.2;1026.9;89;-0.4;0;;;;
000EW;2025-02-03 06:50:00;0.9;1027.1;89;-0.7;0;;;;
000EW;2025-02-03 07:00:00;0.8;1027.2;100;0.8;0;;;0;0
000EW;2025-02-03 07:10:00;;1027.1;;;;;;;
000EW;2025-02-03 07:20:00;;1027.1;;;;;;;
000EW;2025-02-03 07:30:00;;1027;;;;;;;
000EW;2025-02-03 07:40:00;;1027;;;;;;;
000EW;2025-02-03 07:50:00;;1027.3;;;;;;;
000EW;2025-02-03 08:00:00;;1027.4;;;;;;0;0
000EW;2025-02-03 08:10:00;0.8;1027.5;91;-0.5;;;;;
000EW;2025-02-03 08:20:00;1.1;1027.5;91;-0.2;0;;;;
000EW;2025-02-03 08:30:00;1.4;1027.6;91;0.1;0;;;;
000EW;2025-02-03 08:40:00;1.6;1027.5;90;0.2;0;;;;
000EW;2025-02-03 08:50:00;1.7;1027.6;90;0.3;0;;;;
000EW;2025-02-03 09:00:00;1.9;1027.7;89;0.3;0;;;0;0
000EW;2025-02-03 09:10:00;2.1;1027.5;89;0.4;0;;;;
000EW;2025-02-03 09:20:00;2.2;1027.5;88;0.4;0;;;;
000EW;2025-02-03 09:30:00;2.3;1027.7;88;0.6;0;;;;
000EW;2025-02-03 09:40:00;2.5;1027.7;88;0.7;0;;;;
000EW;2025-02-03 09:50:00;2.8;1027.7;87;0.8;0;;;;
000EW;2025-02-03 10:00:00;3;1027.8;86;0.9;0;;;0;0
000EW;2025-02-03 10:10:00;3.2;1027.9;86;1.1;0;;;;
000EW;2025-02-03 10:20:00;3.3;1027.8;86;1.2;0;;;;
000EW;2025-02-03 10:30:00;3.5;1027.9;85;1.2;0;;;;
000EW;2025-02-03 10:40:00;3.8;1028;85;1.5;0;;;;
000EW;2025-02-03 10:50:00;4.1;1028;84;1.6;0;;;;
000EW;2025-02-03 11:00:00;4.4;1028;83;1.8;0;;;0;0
000EW;2025-02-03 11:10:00;4.7;1028;83;2;0;;;;
000EW;2025-02-03 11:20:00;5;1027.9;81;2;0;;;;
000EW;2025-02-03 11:30:00;5.2;1027.9;80;2.1;0;;;;
000EW;2025-02-03 11:40:00;5.4;1027.8;80;2.3;0;;;;
000EW;2025-02-03 11:50:00;5.7;1027.6;79;2.4;0;;;;
000EW;2025-02-03 12:00:00;6;1027.6;78;2.5;0;;;0;0
000EW;2025-02-03 12:10:00;6.3;1027.5;78;2.7;0;;;;
000EW;2025-02-03 12:20:00;6.4;1027.4;77;2.7;0;;;;
000EW;2025-02-03 12:30:00;6.4;1027.3;77;2.7;0;;;;
000EW;2025-02-03 12:40:00;6.7;1027.2;76;2.8;0;;;;
000EW;2025-02-03 12:50:00;6.9;1027.1;76;3;0;;;;
000EW;2025-02-03 13:00:00;7.1;1027;75;3;0;;;0;0
000EW;2025-02-03 13:10:00;7.2;1026.9;75;3.1;0;;;;
000EW;2025-02-03 13:20:00;7.6;1026.8;74;3.2;0;;;;
000EW;2025-02-03 13:30:00;7.2;1026.7;74;2.9;0;;;;
000EW;2025-02-03 13:40:00;7.2;1026.7;74;2.8;0;;;;
000EW;2025-02-03 13:50:00;7.1;1026.7;74;2.8;0;;;;
000EW;2025-02-03 14:00:00;7.1;1026.7;74;2.8;0;;;0;0
000EW;2025-02-03 14:10:00;7.2;1026.7;74;2.8;0;;;;
000EW;2025-02-03 14:20:00;7;1026.8;75;2.9;0;;;;
000EW;2025-02-03 14:30:00;6.9;1026.6;75;2.8;0;;;;
000EW;2025-02-03 14:40:00;6.7;1026.6;75;2.6;0;;;;
000EW;2025-02-03 14:50:00;6.6;1026.6;76;2.6;0;;;;
000EW;2025-02-03 15:00:00;6.5;1026.6;76;2.6;0;;;0;0
000EW;2025-02-03 15:10:00;6.4;1026.5;76;2.5;0;;;;
000EW;2025-02-03 15:20:00;6.4;1026.6;77;2.7;0;;;;
000EW;2025-02-03 15:30:00;6.3;1026.7;77;2.6;0;;;;
000EW;2025-02-03 15:40:00;5.8;1026.8;77;2.1;0;;;;
000EW;2025-02-03 15:50:00;5.5;1026.7;79;2.2;0;;;;
000EW;2025-02-03 16:00:00;5.2;1026.7;80;2.1;0;;;0;0
000EW;2025-02-03 16:10:00;4.9;1026.8;81;2;0;;;;
000EW;2025-02-03 16:20:00;4.6;1026.7;82;1.8;0;;;;
000EW;2025-02-03 16:30:00;4.2;1026.8;83;1.6;0;;;;
000EW;2025-02-03 16:40:00;3.7;1026.8;84;1.2;0;;;;
000EW;2025-02-03 16:50:00;3.2;1026.9;85;0.9;0;;;;
000EW;2025-02-03 17:00:00;2.7;1027.1;86;0.6;0;;;0;0
000EW;2025-02-03 17:10:00;2.1;1027.3;88;0.3;0;;;;
000EW;2025-02-03 17:20:00;1.9;1027.3;89;0.3;0.8;;180;;
000EW;2025-02-03 17:30:00;1.6;1027.3;90;0.2;1.6;;169;;
000EW;2025-02-03 17:40:00;1.5;1027.5;90;0;0;;;;
000EW;2025-02-03 17:50:00;1.3;1027.5;91;-0;0;;;;
000EW;2025-02-03 18:00:00;1.2;1027.6;91;-0.1;0;;;0;0
000EW;2025-02-03 18:10:00;1.2;1027.6;92;0;0;;;;
000EW;2025-02-03 18:20:00;1.2;1027.8;92;0;0;;;;
000EW;2025-02-03 18:30:00;1.2;1027.9;92;0;0;;;;
000EW;2025-02-03 18:40:00;1.2;1028;93;0.2;0;;;;
000EW;2025-02-03 18:50:00;1.1;1028;93;0.1;0;;;;
000EW;2025-02-03 19:00:00;0.9;1028.1;93;-0.1;0;;;0;0
000EW;2025-02-03 19:10:00;0.9;1028.1;93;-0.1;0;;;;
000EW;2025-02-03 19:20:00;1;1028.2;93;-0;0;;;;
000EW;2025-02-03 19:30:00;0.9;1028.2;93;-0.1;0;;;;
000EW;2025-02-03 19:40:00;0.9;1028.2;93;-0.1;0;;;;
000EW;2025-02-03 19:50:00;0.8;1028.1;93;-0.2;0;;;;
000EW;2025-02-03 20:00:00;0.7;1028.3;93;-0.3;0;;;0;0
000EW;2025-02-03 20:10:00;0.7;1028.3;94;-0.2;0;;;;
000EW;2025-02-03 20:20:00;0.7;1028.3;94;-0.1;0;;;;
000EW;2025-02-03 20:30:00;0.7;1028.4;94;-0.2;0;;;;
000EW;2025-02-03 20:40:00;0.5;1028.4;94;-0.4;0;;;;
000EW;2025-02-03 20:50:00;0.6;1028.4;94;-0.3;0;;;;
000EW;2025-02-03 21:00:00;0.6;1028.4;94;-0.3;0;;;0;0
000EW;2025-02-03 21:10:00;0.6;1028.3;94;-0.2;0;;;;
000EW;2025-02-03 21:20:00;0.6;1028.3;94;-0.2;0;;;;
000EW;2025-02-03 21:30:00;0.6;1028.3;94;-0.3;0;;;;
000EW;2025-02-03 21:40:00;0.6;1028.3;94;-0.2;0;;;;
000EW;2025-02-03 21:50:00;0.7;1028.5;94;-0.2;0;;;;
000EW;2025-02-03 22:00:00;0.7;1028.5;94;-0.2;0;;;0;0
000EW;2025-02-03 22:10:00;0.6;1028.5;94;-0.3;0;;;;
000EW;2025-02-03 22:20:00;0.4;1028.3;94;-0.4;0;;;;
000EW;2025-02-03 22:30:00;0.4;1028.4;94;-0.4;0;;;;
000EW;2025-02-03 22:40:00;0.5;1028.4;94;-0.4;0;;;;
000EW;2025-02-03 22:50:00;0.4;1028.3;94;-0.4;0;;;;
000EW;2025-02-03 23:00:00;0.3;1028.3;94;-0.6;0;;;0;0
000EW;2025-02-03 23:10:00;0.3;1028.3;94;-0.5;0;;;;
000EW;2025-02-03 23:20:00;0.3;1028.2;94;-0.6;0;;;;
000EW;2025-02-03 23:30:00;0.3;1028.2;94;-0.6;0;;;;
000EW;2025-02-03 23:40:00;0.3;1028.3;95;-0.4;0;;;;
000EW;2025-02-03 23:50:00;0.2;1028.5;94;-0.6;0;;;;
000EW;2025-02-04 00:00:00;0.3;1028.4;95;-0.4;0;;;0;0
000EW;2025-02-04 00:10:00;0.4;1028.4;95;-0.3;0;;;;
000EW;2025-02-04 00:20:00;0.3;1028.5;95;-0.4;0;;;;
000EW;2025-02-04 00:30:00;0.3;1028.5;95;-0.4;0;;;;
000EW;2025-02-04 00:40:00;0.4;1028.4;95;-0.3;0;;;;
000EW;2025-02-04 00:50:00;0.4;1028.4;95;-0.3;0;;;;
000EW;2025-02-04 01:00:00;0.4;1028.2;95;-0.3;0;;;0;0
000EW;2025-02-04 01:10:00;0.4;1028.2;95;-0.3;0;;;;
000EW;2025-02-04 01:20:00;0.4;1028.2;95;-0.3;0;;;;
000EW;2025-02-04 01:30:00;0.4;1028;95;-0.3;0;;;;
000EW;2025-02-04 01:40:00;0.4;1028.2;95;-0.3;0;;;;
000EW;2025-02-04 01:50:00;0.3;1028.2;95;-0.4;0;;;;
000EW;2025-02-04 02:00:00;0.4;1028.2;95;-0.3;0;;;0;0
000EW;2025-02-04 02:10:00;0.4;1028.1;95;-0.3;0;;;;
000EW;2025-02-04 02:20:00;0.3;1028;95;-0.4;0;;;;
000EW;2025-02-04 02:30:00;0.2;1028;95;-0.5;0;;;;
000EW;2025-02-04 02:40:00;0.3;1028.1;95;-0.4;0;;;;
000EW;2025-02-04 02:50:00;0.2;1028;95;-0.5;0;;;;
000EW;2025-02-04 03:00:00;0.1;1028.1;95;-0.6;0.8;;158;0;0
000EW;2025-02-04 03:10:00;0.1;1028;95;-0.6;0;;;;
000EW;2025-02-04 03:20:00;0;1028;95;-0.7;0.8;;135;;
000EW;2025-02-04 03:30:00;-0.1;1028.1;95;-0.8;0;;;;
000EW;2025-02-04 03:40:00;-0.2;1028.1;95;-0.9;0;;;;
000EW;2025-02-04 03:50:00;-0.1;1028.1;95;-0.8;0;;;;
000EW;2025-02-04 04:00:00;-0.2;1028.1;95;-0.9;0;;;0;0
000EW;2025-02-04 04:10:00;-0.3;1028.1;95;-1;0;;;;
000EW;2025-02-04 04:20:00;-0.3;1028.1;95;-1;0;;;;
000EW;2025-02-04 04:30:00;-0.3;1028.2;95;-1;0;;;;
000EW;2025-02-04 04:40:00;-0.4;1028.3;95;-1.1;0;;;;
000EW;2025-02-04 04:50:00;-0.4;1028.4;95;-1.1;0.8;;158;;
000EW;2025-02-04 05:00:00;-0.4;1028.3;95;-1.1;0.8;;113;0;0
000EW;2025-02-04 05:10:00;-0.4;1028.3;95;-1.1;0;;;;
000EW;2025-02-04 05:20:00;-0.3;1028.3;95;-1;0;;;;
000EW;2025-02-04 05:30:00;-0.4;1028.3;95;-1.1;0;;;;
000EW;2025-02-04 05:40:00;-0.4;1028.3;95;-1.1;0;;;;
000EW;2025-02-04 05:50:00;-0.4;1028.2;95;-1.1;0;;;;
000EW;2025-02-04 06:00:00;-0.6;1028.3;95;-1.3;0;;;0;0
000EW;2025-02-04 06:10:00;-0.4;1028.2;95;-1.1;0;;;;
000EW;2025-02-04 06:20:00;-0.4;1028.3;95;-1.1;0;;;;
000EW;2025-02-04 06:30:00;-0.4;1028.4;95;-1.1;0;;;;
000EW;2025-02-04 06:40:00;-0.4;1028.5;95;-1.1;0;;;;
000EW;2025-02-04 06:50:00;-0.9;1028.5;94;-1.7;0;;;;
000EW;2025-02-04 07:00:00;-0.9;1028.8;100;-0.9;0;;;0;0
000EW;2025-02-04 07:10:00;;1028.7;;;;;;;
000EW;2025-02-04 07:20:00;;1028.7;;;;;;;
000EW;2025-02-04 07:30:00;;1028.8;;;;;;;
000EW;2025-02-04 07:40:00;;1028.9;;;;;;;
000EW;2025-02-04 07:50:00;;1028.9;;;;;;;
000EW;2025-02-04 08:00:00;;1028.9;;;;;;0;0
000EW;2025-02-04 08:10:00;;1028.9;;;;;;;
000EW;2025-02-04 08:20:00;;1028.9;;;;;;;
000EW;2025-02-04 08:30:00;;1028.8;;;;;;;
000EW;2025-02-04 08:40:00;;1028.8;;;;;;;
000EW;2025-02-04 08:50:00;;1028.9;;;;;;;
000EW;2025-02-04 09:00:00;;1029;;;;;;0;0
000EW;2025-02-04 09:10:00;;1029.1;;;;;;;
000EW;2025-02-04 09:20:00;-0.4;1029.1;95;-1.1;;;;;
000EW;2025-02-04 09:30:00;-0.3;1029;95;-1;0;;;;
000EW;2025-02-04 09:40:00;-0.3;1029;95;-1;0;;;;
000EW;2025-02-04 09:50:00;-0.3;1029;95;-1;0;;;;
000EW;2025-02-04 10:00:00;-0.3;1029.1;95;-1;0;;;0;0
000EW;2025-02-04 10:10:00;-0.3;1029.1;95;-1;0;;;;
000EW;2025-02-04 10:20:00;-0.3;1029.2;95;-1;0;;;;
000EW;2025-02-04 10:30:00;-0.2;1029.2;95;-0.9;0;;;;
000EW;2025-02-04 10:40:00;-0.1;1029.3;95;-0.8;0;;;;
000EW;2025-02-04 10:50:00;0.1;1029.3;95;-0.6;0;;;;
000EW;2025-02-04 11:00:00;0.1;1029.3;95;-0.6;0;;;0;0
000EW;2025-02-04 11:10:00;0.1;1029.2;95;-0.6;0;;;;
000EW;2025-02-04 11:20:00;0.2;1029.1;95;-0.5;0;;;;
000EW;2025-02-04 11:30:00;0.3;1028.9;95;-0.4;0.8;;225;;
000EW;2025-02-04 11:40:00;0.3;1028.9;95;-0.4;0;;;;
000EW;2025-02-04 11:50:00;0.4;1028.9;95;-0.3;0;;;;
000EW;2025-02-04 12:00:00;0.6;1028.8;95;-0.2;0;;;0;0
000EW;2025-02-04 12:10:00;0.6;1028.7;95;-0.1;0;;;;
000EW;2025-02-04 12:20:00;0.8;1028.6;95;0.1;0;;;;
000EW;2025-02-04 12:30:00;0.9;1028.6;96;0.4;0;;;;
000EW;2025-02-04 12:40:00;1;1028.5;95;0.3;0;;;;
000EW;2025-02-04 12:50:00;1.1;1028.4;95;0.3;0;;;;
000EW;2025-02-04 13:00:00;1.1;1028.4;95;0.4;0;;;0;0
000EW;2025-02-04 13:10:00;1.2;1028.4;95;0.5;0;;;;
000EW;2025-02-04 13:20:00;1.3;1028.4;95;0.6;0;;;;
000EW;2025-02-04 13:30:00;1.3;1028.4;95;0.6;0;;;;
000EW;2025-02-04 13:40:00;1.4;1028.4;95;0.7;0;;;;
000EW;2025-02-04 13:50:00;1.4;1028.4;95;0.7;0;;;;
000EW;2025-02-04 14:00:00;1.6;1028.5;95;0.8;0;;;0;0
000EW;2025-02-04 14:10:00;1.6;1028.5;95;0.8;0;;;;
000EW;2025-02-04 14:20:00;1.6;1028.6;95;0.9;0;;;;
000EW;2025-02-04 14:30:00;1.7;1028.8;95;1;0;;;;
000EW;2025-02-04 14:40:00;1.7;1028.7;95;1;0;;;;
000EW;2025-02-04 14:50:00;1.7;1028.6;95;1;0;;;;
000EW;2025-02-04 15:00:00;1.8;1028.7;95;1.1;0;;;0;0
000EW;2025-02-04 15:10:00;1.8;1028.9;95;1.1;0;;;;
000EW;2025-02-04 15:20:00;1.8;1028.9;95;1.1;0;;;;
000EW;2025-02-04 15:30:00;1.8;1029.1;95;1.1;0;;;;
000EW;2025-02-04 15:40:00;2.1;1029.2;95;1.3;0;;;;
000EW;2025-02-04 15:50:00;2.1;1029.2;95;1.3;0;;;;
000EW;2025-02-04 16:00:00;2;1029.3;95;1.3;0;;;0;0
000EW;2025-02-04 16:10:00;2.1;1029.4;95;1.4;0;;;;
000EW;2025-02-04 16:20:00;2.2;1029.5;95;1.5;0;;;;
000EW;2025-02-04 16:30:00;2.2;1029.5;95;1.4;0;;;;
000EW;2025-02-04 16:40:00;2.3;1029.5;95;1.6;0;;;;
000EW;2025-02-04 16:50:00;2.4;1029.6;94;1.6;0;;;;
000EW;2025-02-04 17:00:00;2.5;1029.4;94;1.6;0;;;0;0
000EW;2025-02-04 17:10:00;2.6;1029.5;94;1.7;0;;;;
000EW;2025-02-04 17:20:00;2.6;1029.6;94;1.7;0;;;;
000EW;2025-02-04 17:30:00;2.6;1029.6;94;1.7;0;;;;
000EW;2025-02-04 17:40:00;2.6;1029.6;94;1.7;0;;;;
000EW;2025-02-04 17:50:00;2.6;1029.8;94;1.7;0;;;;
000EW;2025-02-04 18:00:00;2.6;1029.8;94;1.7;0;;;0;0
000EW;2025-02-04 18:10:00;2.6;1029.9;94;1.7;0;;;;
000EW;2025-02-04 18:20:00;2.6;1029.9;94;1.7;0;;;;
000EW;2025-02-04 18:30:00;2.6;1029.9;94;1.7;0;;;;
000EW;2025-02-04 18:40:00;2.5;1030;94;1.6;0;;;;
000EW;2025-02-04 18:50:00;2.5;1030;94;1.6;0;;;;
000EW;2025-02-04 19:00:00;2.6;1030.2;94;1.7;0;;;0;0
000EW;2025-02-04 19:10:00;2.5;1030.2;94;1.6;0;;;;
000EW;2025-02-04 19:20:00;2.4;1030.2;94;1.6;0;;;;
000EW;2025-02-04 19:30:00;2.4;1030.3;94;1.6;0;;;;
000EW;2025-02-04 19:40:00;2.4;1030.4;94;1.5;0;;;;
000EW;2025-02-04 19:50:00;2.4;1030.5;94;1.6;0;;;;
000EW;2025-02-04 20:00:00;2.4;1030.6;94;1.6;0;;;0;0
000EW;2025-02-04 20:10:00;2.5;1030.6;94;1.6;0;;;;
000EW;2025-02-04 20:20:00;2.5;1030.8;94;1.6;0;;;;
000EW;2025-02-04 20:30:00;2.5;1030.9;94;1.6;0;;;;
000EW;2025-02-04 20:40:00;2.6;1031;95;1.8;0;;;;
000EW;2025-02-04 20:50:00;2.6;1031.3;95;1.9;0;;;;
000EW;2025-02-04 21:00:00;2.7;1031.5;95;1.9;0;;;0;0
000EW;2025-02-04 21:10:00;2.6;1031.7;95;1.8;0;;;;
000EW;2025-02-04 21:20:00;2.6;1031.7;95;1.8;0;;;;
000EW;2025-02-04 21:30:00;2.6;1031.7;95;1.8;0;;;;
000EW;2025-02-04 21:40:00;2.5;1031.9;95;1.8;0;;;;
000EW;2025-02-04 21:50:00;2.6;1032;95;1.8;0;;;;
000EW;2025-02-04 22:00:00;2.5;1032.1;94;1.6;0;;;0;0
000EW;2025-02-04 22:10:00;2.4;1032.2;95;1.7;0;;;;
000EW;2025-02-04 22:20:00;2.4;1032.3;95;1.7;0;;;;
000EW;2025-02-04 22:30:00;2.4;1032.3;95;1.7;0;;;;
000EW;2025-02-04 22:40:00;2.4;1032.4;95;1.7;0;;;;
000EW;2025-02-04 22:50:00;2.4;1032.5;95;1.7;0;;;;
000EW;2025-02-04 23:00:00;2.4;1032.6;95;1.7;0;;;0;0
000EW;2025-02-04 23:10:00;2.4;1032.8;95;1.7;0;;;;
000EW;2025-02-04 23:20:00;2.4;1032.8;95;1.7;0;;;;
000EW;2025-02-04 23:30:00;2.4;1032.8;95;1.7;0;;;;
000EW;2025-02-04 23:40:00;2.4;1032.9;95;1.7;0;;;;
000EW;2025-02-04 23:50:00;2.5;1033.1;95;1.8;0;;;;
000EW;2025-02-05 00:00:00;2.5;1033.4;95;1.8;0;;;0;0
000EW;2025-02-05 00:10:00;2.5;1033.4;95;1.8;0;;;;
000EW;2025-02-05 00:20:00;2.5;1033.4;95;1.8;0;;;;
000EW;2025-02-05 00:30:00;2.5;1033.6;95;1.8;0;;;;
000EW;2025-02-05 00:40:00;2.5;1033.5;95;1.8;0;;;;
000EW;2025-02-05 00:50:00;2.5;1033.6;95;1.8;0;;;;
000EW;2025-02-05 01:00:00;2.6;1033.6;95;1.8;0;;;0;0
000EW;2025-02-05 01:10:00;2.6;1033.7;95;1.8;0;;;;
000EW;2025-02-05 01:20:00;2.5;1033.7;95;1.8;0;;;;
000EW;2025-02-05 01:30:00;2.6;1033.7;95;1.8;0;;;;
000EW;2025-02-05 01:40:00;2.6;1033.8;95;1.8;0;;;;
000EW;2025-02-05 01:50:00;2.6;1033.7;95;1.8;0;;;;
000EW;2025-02-05 02:00:00;2.6;1034;95;1.8;0;;;0;0
000EW;2025-02-05 02:10:00;2.6;1034.1;95;1.9;0;;;;
000EW;2025-02-05 02:20:00;2.7;1034.2;95;1.9;0;;;;
000EW;2025-02-05 02:30:00;2.7;1034.2;95;1.9;0;;;;
000EW;2025-02-05 02:40:00;2.6;1034.3;95;1.9;0;;;;
000EW;2025-02-05 02:50:00;2.7;1034.2;95;1.9;0;;;;
000EW;2025-02-05 03:00:00;2.7;1034.1;95;2;0;;;0;0
000EW;2025-02-05 03:10:00;2.7;1034.2;95;2;0;;;;
000EW;2025-02-05 03:20:00;2.7;1034.3;95;2;0;;;;
000EW;2025-02-05 03:30:00;2.8;1034.4;95;2.1;0;;;;
000EW;2025-02-05 03:40:00;2.8;1034.5;95;2.1;0;;;;
000EW;2025-02-05 03:50:00;2.8;1034.4;94;1.9;0;;;;
000EW;2025-02-05 04:00:00;2.8;1034.5;94;2;0;;;0;0
000EW;2025-02-05 04:10:00;2.8;1034.6;94;2;0;;;;
000EW;2025-02-05 04:20:00;2.9;1034.7;95;2.2;0;;;;
000EW;2025-02-05 04:30:00;2.9;1035;95;2.2;0;;;;
000EW;2025-02-05 04:40:00;2.9;1035.2;94;2.1;0;;;;
000EW;2025-02-05 04:50:00;3;1035.3;94;2.1;0;;;;
000EW;2025-02-05 05:00:00;3.1;1035.4;94;2.2;0;;;0;0
000EW;2025-02-05 05:10:00;3.1;1035.6;94;2.2;0;;;;
000EW;2025-02-05 05:20:00;3.2;1035.7;95;2.4;0;;;;
000EW;2025-02-05 05:30:00;3.2;1035.8;95;2.4;0;;;;
000EW;2025-02-05 05:40:00;3.2;1035.9;95;2.5;0;;;;
000EW;2025-02-05 05:50:00;3.2;1036;95;2.5;0;;;;
000EW;2025-02-05 06:00:00;3.3;1036;95;2.6;0;;;0.2;0.2
000EW;2025-02-05 06:10:00;3.3;1036.1;95;2.6;0;;;;
000EW;2025-02-05 06:20:00;3.4;1036.2;94;2.5;0;;;;
000EW;2025-02-05 06:30:00;3.1;1036.3;94;2.2;0;;;;
000EW;2025-02-05 06:40:00;;1036.3;;;;;;;
000EW;2025-02-05 06:50:00;;1036.4;;;;;;;
000EW;2025-02-05 07:00:00;;1036.5;;;;;;0;0
000EW;2025-02-05 07:10:00;;1036.6;;;;;;;
000EW;2025-02-05 07:20:00;;1036.9;;;;;;;
000EW;2025-02-05 07:30:00;;1037;;;;;;;
000EW;2025-02-05 07:40:00;;1037.2;;;;;;;
000EW;2025-02-05 07:50:00;;1037.4;;;;;;;
000EW;2025-02-05 08:00:00;;1037.5;;;;;;0;0
000EW;2025-02-05 08:10:00;;1037.5;;;;;;;
000EW;2025-02-05 08:20:00;;1037.7;;;;;;;
000EW;2025-02-05 08:30:00;;1037.7;;;;;;;
000EW;2025-02-05 08:40:00;;1037.8;;;;;;;
000EW;2025-02-05 08:50:00;;1038;;;;;;;
000EW;2025-02-05 09:00:00;;1038.1;;;;;;0;0
000EW;2025-02-05 09:10:00;;1038.1;;;;;;;
000EW;2025-02-05 09:20:00;;1038.3;;;;;;;
000EW;2025-02-05 09:30:00;5.5;1038.3;94;4.6;0;;;;
000EW;2025-02-05 09:40:00;5.6;1038.3;95;4.9;0;;;;
000EW;2025-02-05 09:50:00;5.7;1038.4;94;4.8;0;;;;
000EW;2025-02-05 10:00:00;5.7;1038.4;94;4.8;0;;;0;0
000EW;2025-02-05 10:10:00;5.6;1038.5;94;4.7;0;;;;
000EW;2025-02-05 10:20:00;5.5;1038.5;94;4.6;0;;;;
000EW;2025-02-05 10:30:00;5.5;1038.4;94;4.6;0;;;;
000EW;2025-02-05 10:40:00;5.7;1038.4;95;4.9;0;;;;
000EW;2025-02-05 10:50:00;5.7;1038.5;94;4.8;0;;;;
000EW;2025-02-05 11:00:00;5.7;1038.6;94;4.8;0;;;0;0
000EW;2025-02-05 11:10:00;5.8;1038.5;94;4.9;0;;;;
000EW;2025-02-05 11:20:00;5.8;1038.4;95;5.1;0;;;;
000EW;2025-02-05 11:30:00;5.8;1038.4;94;4.9;0;;;;
000EW;2025-02-05 11:40:00;5.8;1038.6;94;4.9;0;;;;
000EW;2025-02-05 11:50:00;5.8;1038.6;94;4.9;0;;;;
000EW;2025-02-05 12:00:00;5.8;1038.7;94;4.9;0;;;0;0
000EW;2025-02-05 12:10:00;5.8;1038.7;94;4.9;0;;;;
000EW;2025-02-05 12:20:00;5.7;1038.7;94;4.8;0;;;;
000EW;2025-02-05 12:30:00;5.7;1038.8;94;4.8;0;;;;
000EW;2025-02-05 12:40:00;5.7;1038.8;94;4.8;0;;;;
000EW;2025-02-05 12:50:00;5.8;1038.9;94;4.9;0;;;;
000EW;2025-02-05 13:00:00;5.7;1038.9;94;4.8;0;;;0;0
000EW;2025-02-05 13:10:00;5.6;1038.9;94;4.7;0;;;;
000EW;2025-02-05 13:20:00;5.7;1038.9;94;4.8;0;;;;
000EW;2025-02-05 13:30:00;5.7;1038.8;94;4.8;0;;;;
000EW;2025-02-05 13:40:00;5.8;1038.8;94;4.9;0;;;;
000EW;2025-02-05 13:50:00;5.9;1038.8;94;5.1;0;;;;
000EW;2025-02-05 14:00:00;5.9;1038.9;93;4.9;0;;;0;0
000EW;2025-02-05 14:10:00;6.2;1038.9;93;5.1;0;;;;
000EW;2025-02-05 14:20:00;6.4;1039;92;5.2;0;;;;
000EW;2025-02-05 14:30:00;6.4;1039;91;5;0;;;;
000EW;2025-02-05 14:40:00;6.4;1039;91;5.1;0;;;;
000EW;2025-02-05 14:50:00;6.6;1039.1;91;5.2;0;;;;
000EW;2025-02-05 15:00:00;6.5;1039.1;90;5;0;;;0;0
000EW;2025-02-05 15:10:00;6.6;1039.2;90;5;0;;;;
000EW;2025-02-05 15:20:00;6.7;1039.2;90;5.1;0;;;;
000EW;2025-02-05 15:30:00;6.4;1039.3;89;4.8;0;;;;
000EW;2025-02-05 15:40:00;6.6;1039.4;89;4.9;0;;;;
000EW;2025-02-05 15:50:00;6.5;1039.4;89;4.8;0;;;;
000EW;2025-02-05 16:00:00;6.6;1039.5;89;4.9;0;;;0;0
000EW;2025-02-05 16:10:00;6.4;1039.7;89;4.7;0;;;;
000EW;2025-02-05 16:20:00;6.3;1039.7;89;4.7;0;;;;
000EW;2025-02-05 16:30:00;6.3;1039.6;90;4.8;0;;;;
000EW;2025-02-05 16:40:00;6.4;1039.7;90;4.9;0;;;;
000EW;2025-02-05 16:50:00;6.3;1039.9;90;4.8;0;;;;
000EW;2025-02-05 17:00:00;6.3;1040.2;90;4.8;0;;;0;0
000EW;2025-02-05 17:10:00;6.3;1040.3;90;4.8;0;;;;
000EW;2025-02-05 17:20:00;6.3;1040.4;90;4.8;0;;;;
000EW;2025-02-05 17:30:00;6.3;1040.5;90;4.8;0;;;;
000EW;2025-02-05 17:40:00;6.3;1040.6;91;4.9;0;;;;
000EW;2025-02-05 17:50:00;6.2;1040.6;90;4.6;0;;;;
000EW;2025-02-05 18:00:00;6.1;1040.6;91;4.8;0;;;0;0
000EW;2025-02-05 18:10:00;6.1;1040.6;91;4.7;0;;;;
000EW;2025-02-05 18:20:00;6.1;1040.6;91;4.7;0;;;;
000EW;2025-02-05 18:30:00;6.1;1040.5;91;4.8;0;;;;
000EW;2025-02-05 18:40:00;6;1040.5;91;4.6;0;;;;
000EW;2025-02-05 18:50:00;5.9;1040.5;91;4.5;0;;;;
000EW;2025-02-05 19:00:00;5.9;1040.5;91;4.5;0;;;0;0
000EW;2025-02-05 19:10:00;5.9;1040.6;91;4.5;0;;;;
000EW;2025-02-05 19:20:00;5.9;1040.6;91;4.5;0;;;;
000EW;2025-02-05 19:30:00;5.8;1040.5;91;4.5;0;;;;
000EW;2025-02-05 19:40:00;5.7;1040.6;91;4.4;0;;;;
000EW;2025-02-05 19:50:00;5.5;1040.8;90;4;0;;;;
000EW;2025-02-05 20:00:00;5.3;1040.7;90;3.8;0;;;0;0
000EW;2025-02-05 20:10:00;5.3;1040.8;91;4;0;;;;
000EW;2025-02-05 20:20:00;5.4;1040.9;90;3.9;0;;;;
000EW;2025-02-05 20:30:00;5.4;1040.9;90;3.9;0;;;;
000EW;2025-02-05 20:40:00;5.4;1040.9;90;3.9;0;;;;
000EW;2025-02-05 20:50:00;5.5;1041;90;4;0;;;;
000EW;2025-02-05 21:00:00;5.5;1041.1;90;4;0;;;0;0
000EW;2025-02-05 21:10:00;5.6;1041;90;4.1;0;;;;
000EW;2025-02-05 21:20:00;5.6;1040.9;90;4.1;0;;;;
000EW;2025-02-05 21:30:00;5.6;1041;90;4.1;0;;;;
000EW;2025-02-05 21:40:00;5.6;1040.9;89;3.9;0;;;;
000EW;2025-02-05 21:50:00;5.6;1040.7;89;3.9;0;;;;
000EW;2025-02-05 22:00:00;5.6;1040.8;89;3.9;0;;;0;0
000EW;2025-02-05 22:10:00;5.4;1040.6;89;3.8;0;;;;
000EW;2025-02-05 22:20:00;5.4;1040.6;90;3.9;0;;;;
000EW;2025-02-05 22:30:00;5.4;1040.5;89;3.7;0;;;;
000EW;2025-02-05 22:40:00;5.4;1040.4;90;3.9;0;;;;
000EW;2025-02-05 22:50:00;5.3;1040.6;90;3.8;0;;;;
000EW;2025-02-05 23:00:00;5.2;1040.4;90;3.7;0;;;0;0
000EW;2025-02-05 23:10:00;5.1;1040.4;90;3.6;0;;;;
000EW;2025-02-05 23:20:00;5.1;1040.6;91;3.8;0;;;;
000EW;2025-02-05 23:30:00;5.1;1040.6;91;3.8;0;;;;
000EW;2025-02-05 23:40:00;5.1;1040.4;90;3.6;0;;;;
000EW;2025-02-05 23:50:00;5.1;1040.3;91;3.7;0;;;;
000EW;2025-02-06 00:00:00;5;1040.4;91;3.7;0;;;0;0
000EW;2025-02-06 00:10:00;4.8;1040.4;91;3.5;0;;;;
000EW;2025-02-06 00:20:00;4.7;1040.3;91;3.4;0;;;;
000EW;2025-02-06 00:30:00;4.7;1040.3;91;3.3;0;;;;
000EW;2025-02-06 00:40:00;4.6;1040.1;92;3.4;0;;;;
000EW;2025-02-06 00:50:00;4.6;1040.1;92;3.4;0;;;;
000EW;2025-02-06 01:00:00;4.6;1040;92;3.4;0;;;0;0
000EW;2025-02-06 01:10:00;4.6;1039.9;93;3.6;0;;;;
000EW;2025-02-06 01:20:00;4.7;1040;93;3.6;0;;;;
000EW;2025-02-06 01:30:00;4.6;1040;93;3.6;0;;;;
000EW;2025-02-06 01:40:00;4.6;1039.8;93;3.5;0;;;;
000EW;2025-02-06 01:50:00;4.6;1039.7;93;3.5;0;;;;
000EW;2025-02-06 02:00:00;4.6;1039.7;93;3.5;0;;;0;0
000EW;2025-02-06 02:10:00;4.4;1039.7;93;3.4;0;;;;
000EW;2025-02-06 02:20:00;4.3;1039.6;93;3.3;0;;;;
000EW;2025-02-06 02:30:00;4.1;1039.6;93;3;0;;;;
000EW;2025-02-06 02:40:00;3.9;1039.5;93;2.9;0;;;;
000EW;2025-02-06 02:50:00;3.7;1039.6;92;2.5;0;;;;
000EW;2025-02-06 03:00:00;3.7;1039.5;92;2.5;0;;;0;0
000EW;2025-02-06 03:10:00;3.8;1039.2;92;2.6;0;;;;
000EW;2025-02-06 03:20:00;3.8;1039.4;91;2.4;0;;;;
000EW;2025-02-06 03:30:00;3.8;1039.4;91;2.5;0.8;;0;;
000EW;2025-02-06 03:40:00;3.9;1039.5;90;2.4;0;;;;
000EW;2025-02-06 03:50:00;3.8;1039.5;90;2.3;0;;;;
000EW;2025-02-06 04:00:00;3.8;1039.4;90;2.3;0;;;0;0
000EW;2025-02-06 04:10:00;3.8;1039.4;90;2.3;0;;;;
000EW;2025-02-06 04:20:00;3.8;1039.6;90;2.3;0;;;;
000EW;2025-02-06 04:30:00;3.9;1039.3;89;2.2;0;;;;
000EW;2025-02-06 04:40:00;3.9;1039.3;89;2.2;0;;;;
000EW;2025-02-06 04:50:00;3.9;1039.2;88;2.1;0;;;;
000EW;2025-02-06 05:00:00;3.9;1039.2;88;2.1;0;;;0;0
000EW;2025-02-06 05:10:00;3.9;1039.3;88;2.1;0;;;;
000EW;2025-02-06 05:20:00;3.9;1039.3;88;2.1;0.8;;0;;
000EW;2025-02-06 05:30:00;3.7;1039.2;88;1.9;0;;;;
000EW;2025-02-06 05:40:00;3.7;1039.4;88;1.9;0;;;;
000EW;2025-02-06 05:50:00;3.7;1039.1;88;1.9;0;;;;
000EW;2025-02-06 06:00:00;3.6;1039.2;88;1.8;0;;;0;0
000EW;2025-02-06 06:10:00;3.6;1039.1;88;1.8;0;;;;
000EW;2025-02-06 06:20:00;3.6;1039.1;88;1.8;0;;;;
000EW;2025-02-06 06:30:00;3.2;1039;89;1.5;0;;;;
000EW;2025-02-06 06:40:00;;1038.9;;;0;;;;
000EW;2025-02-06 06:50:00;;1038.9;;;;;;;
000EW;2025-02-06 07:00:00;;1039;;;;;;0;0
000EW;2025-02-06 07:10:00;;1039;;;;;;;
000EW;2025-02-06 07:20:00;;1039.1;;;;;;;
000EW;2025-02-06 07:30:00;;1039.1;;;;;;;
000EW;2025-02-06 07:40:00;;1039.2;;;;;;;
000EW;2025-02-06 07:50:00;;1039.2;;;;;;;
000EW;2025-02-06 08:00:00;;1039.1;;;;;;0;0
000EW;2025-02-06 08:10:00;;1039.2;;;;;;;
000EW;2025-02-06 08:20:00;;1039.2;;;;;;;
000EW;2025-02-06 08:30:00;;1039.1;;;;;;;
000EW;2025-02-06 08:40:00;;1039.1;;;;;;;
000EW;2025-02-06 08:50:00;;1039;;;;;;;
000EW;2025-02-06 09:00:00;;1039;;;;;;0;0
000EW;2025-02-06 09:10:00;;1039;;;;;;;
000EW;2025-02-06 09:20:00;;1039.1;;;;;;;
000EW;2025-02-06 09:30:00;;1039.1;;;;;;;
000EW;2025-02-06 09:40:00;;1038.9;;;;;;;
000EW;2025-02-06 09:50:00;3.3;1039;88;1.5;0;;;;
000EW;2025-02-06 10:00:00;3.3;1038.8;88;1.5;0.8;;0;0;0
000EW;2025-02-06 10:10:00;3.3;1038.7;88;1.5;0;;;;
000EW;2025-02-06 10:20:00;3.4;1038.7;88;1.6;0;;;;
000EW;2025-02-06 10:30:00;3.3;1038.8;88;1.5;0;;;;
000EW;2025-02-06 10:40:00;3.4;1038.8;88;1.6;0;;;;
000EW;2025-02-06 10:50:00;3.4;1038.6;88;1.6;0;;;;
000EW;2025-02-06 11:00:00;3.6;1038.4;88;1.8;0;;;0;0
000EW;2025-02-06 11:10:00;3.8;1038.3;87;1.8;0;;;;
000EW;2025-02-06 11:20:00;3.9;1038.2;86;1.8;0;;;;
000EW;2025-02-06 11:30:00;4.1;1037.8;85;1.8;0;;;;
000EW;2025-02-06 11:40:00;4.2;1037.7;84;1.8;0;;;;
000EW;2025-02-06 11:50:00;4.3;1037.6;84;1.8;0;;;;
000EW;2025-02-06 12:00:00;4.4;1037.3;83;1.8;0;;;0;0
000EW;2025-02-06 12:10:00;4.4;1037.1;82;1.6;0.8;;0;;
000EW;2025-02-06 12:20:00;4.4;1037;82;1.6;0;;;;
000EW;2025-02-06 12:30:00;4.4;1036.8;82;1.6;0;;;;
000EW;2025-02-06 12:40:00;4.5;1036.6;82;1.7;0;;;;
000EW;2025-02-06 12:50:00;4.6;1036.5;83;1.9;0;;;;
000EW;2025-02-06 13:00:00;4.6;1036.3;82;1.8;0;;;0;0
000EW;2025-02-06 13:10:00;4.7;1036.1;82;1.9;0;;;;
000EW;2025-02-06 13:20:00;4.7;1036;82;1.9;0;;;;
000EW;2025-02-06 13:30:00;4.7;1035.8;82;1.9;0;;;;
000EW;2025-02-06 13:40:00;4.7;1035.6;82;1.9;0;;;;
000EW;2025-02-06 13:50:00;4.7;1035.5;82;1.9;0;;;;
000EW;2025-02-06 14:00:00;4.7;1035.4;83;2.1;0;;;0;0
000EW;2025-02-06 14:10:00;4.7;1035.2;83;2.1;0;;;;
000EW;2025-02-06 14:20:00;4.7;1035;83;2.1;0;;;;
000EW;2025-02-06 14:30:00;4.8;1035;84;2.3;0;;;;
000EW;2025-02-06 14:40:00;4.8;1034.8;83;2.1;0.8;;0;;
000EW;2025-02-06 14:50:00;4.8;1034.7;84;2.3;0;;;;
000EW;2025-02-06 15:00:00;4.9;1034.6;84;2.4;0;;;0;0
000EW;2025-02-06 15:10:00;5;1034.5;83;2.4;0;;;;
000EW;2025-02-06 15:20:00;5.1;1034.4;83;2.5;0;;;;
000EW;2025-02-06 15:30:00;5.2;1034.3;82;2.3;0.8;;0;;
000EW;2025-02-06 15:40:00;5.2;1034.2;82;2.4;0;;;;
000EW;2025-02-06 15:50:00;5.3;1034;82;2.5;1.6;;56;;
000EW;2025-02-06 16:00:00;5.3;1034;82;2.5;0;;;0;0
000EW;2025-02-06 16:10:00;5.4;1033.9;82;2.6;0;;;;
000EW;2025-02-06 16:20:00;5.4;1033.8;82;2.6;0;;;;
000EW;2025-02-06 16:30:00;5.5;1033.7;82;2.7;0;;;;
000EW;2025-02-06 16:40:00;5.5;1033.6;82;2.7;0;;;;
000EW;2025-02-06 16:50:00;5.6;1033.6;82;2.7;0;;;;
000EW;2025-02-06 17:00:00;5.6;1033.5;82;2.7;0;;;0;0
000EW;2025-02-06 17:10:00;5.5;1033.3;82;2.7;0;;;;
000EW;2025-02-06 17:20:00;5.5;1033.3;82;2.7;0;;;;
000EW;2025-02-06 17:30:00;5.5;1033.3;81;2.5;0;;;;
000EW;2025-02-06 17:40:00;5.6;1033.3;82;2.7;0;;;;
000EW;2025-02-06 17:50:00;5.6;1033.3;81;2.6;0;;;;
000EW;2025-02-06 18:00:00;5.6;1033.1;81;2.6;0;;;0;0
000EW;2025-02-06 18:10:00;5.6;1033.1;81;2.6;0;;;;
000EW;2025-02-06 18:20:00;5.6;1033;80;2.4;0;;;;
000EW;2025-02-06 18:30:00;5.6;1033;79;2.3;0;;;;
000EW;2025-02-06 18:40:00;5.6;1032.8;79;2.3;0;;;;
000EW;2025-02-06 18:50:00;5.6;1032.7;79;2.3;0;;;;
000EW;2025-02-06 19:00:00;5.6;1032.6;79;2.2;0;;;0;0
000EW;2025-02-06 19:10:00;5.6;1032.4;79;2.2;0;;;;
000EW;2025-02-06 19:20:00;5.5;1032.3;79;2.2;0;;;;
000EW;2025-02-06 19:30:00;5.4;1032.3;79;2.1;0;;;;
000EW;2025-02-06 19:40:00;5.4;1032.2;79;2.1;0;;;;
000EW;2025-02-06 19:50:00;5.4;1032;79;2.1;0;;;;
000EW;2025-02-06 20:00:00;5.4;1031.8;79;2;0;;;0;0
000EW;2025-02-06 20:10:00;5.3;1031.7;78;1.8;0;;;;
000EW;2025-02-06 20:20:00;5.3;1031.7;78;1.8;0;;;;
000EW;2025-02-06 20:30:00;5.2;1031.5;78;1.7;0.8;;45;;
000EW;2025-02-06 20:40:00;5.2;1031.5;77;1.5;0.8;;23;;
000EW;2025-02-06 20:50:00;5.2;1031.4;76;1.3;0;;;;
000EW;2025-02-06 21:00:00;5.1;1031.2;75;1;1.6;;135;0;0
000EW;2025-02-06 21:10:00;5.1;1031.2;75;1;0;;;;
000EW;2025-02-06 21:20:00;5.1;1030.8;75;1;0;;;;
000EW;2025-02-06 21:30:00;5.1;1030.7;75;1;0.8;;113;;
000EW;2025-02-06 21:40:00;5.1;1030.5;75;1;0;;;;
000EW;2025-02-06 21:50:00;5;1030.3;75;0.9;0;;;;
000EW;2025-02-06 22:00:00;4.9;1030.1;76;1.1;0;;;0;0
000EW;2025-02-06 22:10:00;4.9;1030.1;76;1;0;;;;
000EW;2025-02-06 22:20:00;4.8;1029.8;76;1;0;;;;
000EW;2025-02-06 22:30:00;4.8;1029.6;75;0.8;0.8;;68;;
000EW;2025-02-06 22:40:00;4.8;1029.4;76;1;0;;;;
000EW;2025-02-06 22:50:00;4.8;1029.3;75;0.8;0;;;;
000EW;2025-02-06 23:00:00;4.8;1029.2;75;0.8;0;;;0;0
000EW;2025-02-06 23:10:00;4.8;1029.1;75;0.8;0;;;;
000EW;2025-02-06 23:20:00;4.8;1029;75;0.8;0;;;;
000EW;2025-02-06 23:30:00;4.8;1028.8;76;0.9;0;;;;
000EW;2025-02-06 23:40:00;4.7;1028.6;76;0.9;0;;;;
000EW;2025-02-06 23:50:00;4.6;1028.4;77;0.9;0.8;;90;;
000EW;2025-02-07 00:00:00;4.5;1028.4;78;1;0;;;0;0
000EW;2025-02-07 00:10:00;4.3;1028.3;79;1;0;;;;
000EW;2025-02-07 00:20:00;4.2;1028.1;80;1.1;0.8;;68;;
000EW;2025-02-07 00:30:00;4.2;1027.8;80;1.1;0;;;;
000EW;2025-02-07 00:40:00;4.3;1027.6;79;1;0;;;;
000EW;2025-02-07 00:50:00;4.3;1027.5;78;0.8;0;;;;
000EW;2025-02-07 01:00:00;4.3;1027.3;78;0.8;1.6;;11;0;0
000EW;2025-02-07 01:10:00;4.3;1027.2;78;0.8;0.8;;23;;
000EW;2025-02-07 01:20:00;4.3;1027;78;0.8;1.6;;45;;
000EW;2025-02-07 01:30:00;4.3;1026.8;78;0.8;0.8;;0;;
000EW;2025-02-07 01:40:00;4.3;1026.6;78;0.8;0;;;;
000EW;2025-02-07 01:50:00;4.3;1026.5;78;0.8;0;;;;
000EW;2025-02-07 02:00:00;4.3;1026.4;77;0.6;0;;;0;0
000EW;2025-02-07 02:10:00;4.3;1026.3;77;0.6;0;;;;
000EW;2025-02-07 02:20:00;4.3;1026;77;0.6;0;;;;
000EW;2025-02-07 02:30:00;4.3;1025.8;76;0.4;0;;;;
000EW;2025-02-07 02:40:00;4.3;1025.6;76;0.4;0.8;;0;;
000EW;2025-02-07 02:50:00;4.2;1025.5;76;0.4;0;;;;
000EW;2025-02-07 03:00:00;4.2;1025.3;75;0.2;0.8;;0;0;0
000EW;2025-02-07 03:10:00;4.2;1024.9;75;0.2;0;;;;
000EW;2025-02-07 03:20:00;4.2;1024.8;75;0.2;0;;;;
000EW;2025-02-07 03:30:00;4.2;1024.7;75;0.2;0;;;;
000EW;2025-02-07 03:40:00;4.3;1024.5;75;0.2;0;;;;
000EW;2025-02-07 03:50:00;4.3;1024.2;75;0.2;0;;;;
000EW;2025-02-07 04:00:00;4.3;1024.2;75;0.2;0;;;0;0
000EW;2025-02-07 04:10:00;4.3;1023.8;74;0.1;0;;;;
000EW;2025-02-07 04:20:00;4.3;1023.7;74;0.1;0.8;;0;;
000EW;2025-02-07 04:30:00;4.3;1023.5;74;0.1;0;;;;
000EW;2025-02-07 04:40:00;4.3;1023.4;74;0.1;0;;;;
000EW;2025-02-07 04:50:00;4.3;1023.4;74;0.1;0;;;;
000EW;2025-02-07 05:00:00;4.2;1023.2;74;0;0;;;0;0
000EW;2025-02-07 05:10:00;4.2;1023;75;0.2;0;;;;
000EW;2025-02-07 05:20:00;4.2;1022.9;75;0.2;0;;;;
000EW;2025-02-07 05:30:00;4.2;1022.7;75;0.1;0;;;;
000EW;2025-02-07 05:40:00;4.1;1022.6;76;0.3;0.8;;0;;
000EW;2025-02-07 05:50:00;4;1022.4;77;0.3;0;;;;
000EW;2025-02-07 06:00:00;3.9;1022.5;77;0.3;0;;;0;0
000EW;2025-02-07 06:10:00;3.9;1022.4;78;0.4;0;;;;
000EW;2025-02-07 06:20:00;3.8;1022.3;79;0.5;0;;;;
000EW;2025-02-07 06:30:00;3.4;1022;78;-0.1;0;;;;
000EW;2025-02-07 06:40:00;;1021.9;;;3.2;;45;;
000EW;2025-02-07 06:50:00;;1021.9;;;;;;;
000EW;2025-02-07 07:00:00;;1021.8;;;;;;0;0
000EW;2025-02-07 07:10:00;;1021.5;;;;;;;
000EW;2025-02-07 07:20:00;;1021.6;;;;;;;
000EW;2025-02-07 07:30:00;;1021.6;;;;;;;
000EW;2025-02-07 07:40:00;;1021.5;;;;;;;
000EW;2025-02-07 07:50:00;;1021.4;;;;;;;
000EW;2025-02-07 08:00:00;;1021.5;;;;;;0;0
000EW;2025-02-07 08:10:00;;1021.4;;;;;;;
000EW;2025-02-07 08:20:00;;1021.2;;;;;;;
000EW;2025-02-07 08:30:00;;1020.9;;;;;;;
000EW;2025-02-07 08:40:00;;1020.7;;;;;;;
000EW;2025-02-07 08:50:00;;1020.7;;;;;;;
000EW;2025-02-07 09:00:00;;1020.5;;;;;;0;0
000EW;2025-02-07 09:10:00;;1020.3;;;;;;;
000EW;2025-02-07 09:20:00;;1020.1;;;;;;;
000EW;2025-02-07 09:30:00;3.3;1020.1;86;1.2;;;;;
000EW;2025-02-07 09:40:00;3.4;1020;85;1.1;0;;;;
000EW;2025-02-07 09:50:00;3.6;1020;84;1.1;0;;;;
000EW;2025-02-07 10:00:00;3.7;1019.8;83;1.1;0;;;0;0
000EW;2025-02-07 10:10:00;3.8;1019.7;82;1;0;;;;
000EW;2025-02-07 10:20:00;3.8;1019.7;81;0.9;0;;;;
000EW;2025-02-07 10:30:00;3.9;1019.5;80;0.8;0;;;;
000EW;2025-02-07 10:40:00;4;1019.5;80;0.9;0;;;;
000EW;2025-02-07 10:50:00;4.1;1019.2;80;1;0;;;;
000EW;2025-02-07 11:00:00;4.2;1018.9;79;0.9;0;;;0;0
000EW;2025-02-07 11:10:00;4.3;1018.8;79;1;0;;;;
000EW;2025-02-07 11:20:00;4.3;1018.8;79;1;0;;;;
000EW;2025-02-07 11:30:00;4.4;1018.5;79;1.1;0;;;;
000EW;2025-02-07 11:40:00;4.6;1018.4;78;1.1;0;;;;
000EW;2025-02-07 11:50:00;4.6;1018;78;1.1;0;;;;
000EW;2025-02-07 12:00:00;4.7;1017.9;78;1.2;0;;;0;0
000EW;2025-02-07 12:10:00;4.8;1018;78;1.3;0;;;;
000EW;2025-02-07 12:20:00;4.9;1017.6;77;1.2;0;;;;
000EW;2025-02-07 12:30:00;5;1017.4;77;1.3;0;;;;
000EW;2025-02-07 12:40:00;5.1;1017.1;77;1.4;0;;;;
000EW;2025-02-07 12:50:00;5.2;1016.9;77;1.5;0;;;;
000EW;2025-02-07 13:00:00;5.2;1016.9;77;1.5;0.8;;135;0;0
000EW;2025-02-07 13:10:00;5.2;1016.8;77;1.5;0;;;;
000EW;2025-02-07 13:20:00;5.2;1016.5;77;1.5;0;;;;
000EW;2025-02-07 13:30:00;5.3;1016.3;77;1.6;0;;;;
000EW;2025-02-07 13:40:00;5.4;1016.2;77;1.7;0;;;;
000EW;2025-02-07 13:50:00;5.5;1015.9;78;2;0;;;;
000EW;2025-02-07 14:00:00;5.6;1015.9;77;1.9;0;;;0;0
000EW;2025-02-07 14:10:00;5.7;1015.8;77;2;0;;;;
000EW;2025-02-07 14:20:00;5.7;1015.8;77;2;0;;;;
000EW;2025-02-07 14:30:00;5.7;1015.4;77;2;0;;;;
000EW;2025-02-07 14:40:00;5.8;1015.3;77;2.1;0;;;;
000EW;2025-02-07 14:50:00;5.8;1015.3;77;2.1;0;;;;
000EW;2025-02-07 15:00:00;5.7;1015.2;77;2;0;;;0;0
000EW;2025-02-07 15:10:00;5.8;1015.2;78;2.2;0.8;;0;;
000EW;2025-02-07 15:20:00;5.8;1015.1;78;2.2;0;;;;
000EW;2025-02-07 15:30:00;5.8;1015.1;78;2.2;0;;;;
000EW;2025-02-07 15:40:00;5.8;1015.2;78;2.3;0;;;;
000EW;2025-02-07 15:50:00;5.8;1015.1;78;2.3;0;;;;
000EW;2025-02-07 16:00:00;5.8;1015.2;78;2.3;0;;;0;0
000EW;2025-02-07 16:10:00;5.9;1015.1;79;2.5;0;;;;
000EW;2025-02-07 16:20:00;5.9;1015.1;79;2.5;0;;;;
000EW;2025-02-07 16:30:00;5.9;1015;79;2.6;0;;;;
000EW;2025-02-07 16:40:00;5.9;1014.7;80;2.7;0;;;;
000EW;2025-02-07 16:50:00;5.9;1014.6;80;2.8;0;;;;
000EW;2025-02-07 17:00:00;6;1014.6;80;2.8;0;;;0;0
000EW;2025-02-07 17:10:00;6.1;1014.7;80;2.9;0;;;;
000EW;2025-02-07 17:20:00;6.1;1014.8;80;2.9;0;;;;
000EW;2025-02-07 17:30:00;6.2;1014.8;80;3;0;;;;
000EW;2025-02-07 17:40:00;6.2;1014.8;80;3;0;;;;
000EW;2025-02-07 17:50:00;6.2;1014.8;80;3;0;;;;
000EW;2025-02-07 18:00:00;6.2;1014.7;81;3.2;0;;;0;0
000EW;2025-02-07 18:10:00;6.2;1014.5;81;3.2;0;;;;
000EW;2025-02-07 18:20:00;6.3;1014.4;82;3.4;0;;;;
000EW;2025-02-07 18:30:00;6.3;1014.2;82;3.4;0;;;;
000EW;2025-02-07 18:40:00;6.3;1014.2;82;3.5;0;;;;
000EW;2025-02-07 18:50:00;6.3;1014.1;82;3.5;0;;;;
000EW;2025-02-07 19:00:00;6.4;1014.1;82;3.5;0;;;0;0
000EW;2025-02-07 19:10:00;6.4;1014.1;82;3.5;0;;;;
000EW;2025-02-07 19:20:00;6.4;1014;82;3.6;0;;;;
000EW;2025-02-07 19:30:00;6.5;1013.9;83;3.8;0;;;;
000EW;2025-02-07 19:40:00;6.6;1013.7;83;3.9;0;;;;
000EW;2025-02-07 19:50:00;6.6;1013.7;83;3.9;0;;;;
000EW;2025-02-07 20:00:00;6.8;1013.6;82;3.9;0;;;0;0
000EW;2025-02-07 20:10:00;6.9;1013.4;82;4.1;0;;;;
000EW;2025-02-07 20:20:00;6.9;1013.4;82;4.1;0;;;;
000EW;2025-02-07 20:30:00;7.1;1013.3;82;4.2;0;;;;
000EW;2025-02-07 20:40:00;7.2;1013.4;81;4.2;0;;;;
000EW;2025-02-07 20:50:00;7.3;1013.5;81;4.3;0;;;;
000EW;2025-02-07 21:00:00;7.4;1013.6;80;4.2;0;;;0;0
000EW;2025-02-07 21:10:00;7.4;1013.6;80;4.2;0;;;;
000EW;2025-02-07 21:20:00;7.6;1013.6;80;4.3;0;;;;
000EW;2025-02-07 21:30:00;7.6;1013.6;79;4.1;0;;;;
000EW;2025-02-07 21:40:00;7.6;1013.4;80;4.4;0;;;;
000EW;2025-02-07 21:50:00;7.6;1013.3;80;4.3;0;;;;
000EW;2025-02-07 22:00:00;7.5;1013.3;80;4.3;0;;;0;0
000EW;2025-02-07 22:10:00;7.6;1013.3;80;4.3;0;;;;
000EW;2025-02-07 22:20:00;7.6;1013.3;79;4.1;0;;;;
000EW;2025-02-07 22:30:00;7.7;1013.3;79;4.3;0;;;;
000EW;2025-02-07 22:40:00;7.7;1013.4;79;4.3;0;;;;
000EW;2025-02-07 22:50:00;7.7;1013.3;79;4.3;0;;;;
000EW;2025-02-07 23:00:00;7.7;1013.3;80;4.4;0;;;0;0
000EW;2025-02-07 23:10:00;7.6;1013.2;80;4.4;0;;;;
000EW;2025-02-07 23:20:00;7.6;1013.3;81;4.5;0;;;;
000EW;2025-02-07 23:30:00;7.4;1013.2;82;4.6;0.8;;158;;
000EW;2025-02-07 23:40:00;7.3;1013;82;4.5;0;;;;
000EW;2025-02-07 23:50:00;7.3;1013.1;82;4.4;0;;;;
000EW;2025-02-08 00:00:00;7.2;1013;82;4.4;0;;;0;0.2
000EW;2025-02-08 00:10:00;7.2;1012.9;82;4.3;0;;;;
000EW;2025-02-08 00:20:00;7.2;1012.8;82;4.3;0;;;;
000EW;2025-02-08 00:30:00;7.2;1013.1;82;4.4;0;;;;
000EW;2025-02-08 00:40:00;7.2;1012.9;82;4.3;0;;;;
000EW;2025-02-08 00:50:00;7.2;1012.9;82;4.3;0;;;;
000EW;2025-02-08 01:00:00;7.2;1012.9;83;4.5;0;;;0;0
000EW;2025-02-08 01:10:00;7.2;1012.9;83;4.5;0;;;;
000EW;2025-02-08 01:20:00;7.2;1013;84;4.6;0;;;;
000EW;2025-02-08 01:30:00;7.1;1012.9;84;4.6;0;;;;
000EW;2025-02-08 01:40:00;7.1;1012.8;84;4.6;0;;;;
000EW;2025-02-08 01:50:00;7.2;1012.8;84;4.6;0;;;;
000EW;2025-02-08 02:00:00;7.2;1012.8;84;4.6;0;;;0;0
000EW;2025-02-08 02:10:00;7.2;1012.8;85;4.8;0.8;;135;;
000EW;2025-02-08 02:20:00;7.1;1012.8;85;4.8;0;;;;
000EW;2025-02-08 02:30:00;7.1;1012.7;86;4.9;0;;;;
000EW;2025-02-08 02:40:00;7.1;1012.7;87;5.1;0;;;;
000EW;2025-02-08 02:50:00;7.1;1012.6;87;5;0;;;;
000EW;2025-02-08 03:00:00;7.1;1012.6;88;5.2;0;;;0;0.2
000EW;2025-02-08 03:10:00;7.1;1012.6;88;5.2;0;;;;
000EW;2025-02-08 03:20:00;7.1;1012.6;88;5.2;0;;;;
000EW;2025-02-08 03:30:00;7.1;1012.6;88;5.3;0;;;;
000EW;2025-02-08 03:40:00;7.2;1012.7;88;5.3;0;;;;
000EW;2025-02-08 03:50:00;7.2;1012.7;87;5.2;0;;;;
000EW;2025-02-08 04:00:00;7.3;1012.7;87;5.3;0;;;0;0
000EW;2025-02-08 04:10:00;7.4;1012.7;87;5.4;0;;;;
000EW;2025-02-08 04:20:00;7.6;1012.8;87;5.5;0;;;;
000EW;2025-02-08 04:30:00;7.6;1012.8;86;5.4;0;;;;
000EW;2025-02-08 04:40:00;7.6;1012.9;86;5.4;0;;;;
000EW;2025-02-08 04:50:00;7.7;1013.1;86;5.5;0;;;;
000EW;2025-02-08 05:00:00;7.8;1013.2;86;5.6;0;;;0;0
000EW;2025-02-08 05:10:00;7.8;1013.3;86;5.6;0;;;;
000EW;2025-02-08 05:20:00;8;1013.5;86;5.8;0;;;;
000EW;2025-02-08 05:30:00;8;1013.7;86;5.8;0;;;;
000EW;2025-02-08 05:40:00;7.9;1013.8;86;5.7;0;;;;
000EW;2025-02-08 05:50:00;7.9;1013.9;87;5.9;0;;;;
000EW;2025-02-08 06:00:00;7.9;1014;87;5.9;0;;;0;0
000EW;2025-02-08 06:10:00;7.8;1014.3;87;5.8;0;;;;
000EW;2025-02-08 06:20:00;7.5;1014.6;87;5.5;0;;;;
000EW;2025-02-08 06:30:00;6.8;1014.8;100;6.8;0;;;;
000EW;2025-02-08 06:40:00;;1015;;;0;;;;
000EW;2025-02-08 06:50:00;;1015.2;;;;;;;
000EW;2025-02-08 07:00:00;;1015.6;;;;;;0;0
000EW;2025-02-08 07:10:00;;1016;;;;;;;
000EW;2025-02-08 07:20:00;;1016.2;;;;;;;
000EW;2025-02-08 07:30:00;;1016.3;;;;;;;
000EW;2025-02-08 07:40:00;;1016.6;;;;;;;
000EW;2025-02-08 07:50:00;;1016.8;;;;;;;
000EW;2025-02-08 08:00:00;;1016.9;;;;;;0;0
000EW;2025-02-08 08:10:00;;1017.2;;;;;;;
000EW;2025-02-08 08:20:00;;1017.4;;;;;;;
000EW;2025-02-08 08:30:00;;1017.3;;;;;;;
000EW;2025-02-08 08:40:00;;1017.5;;;;;;;
000EW;2025-02-08 08:50:00;;1017.7;;;;;;;
000EW;2025-02-08 09:00:00;;1017.6;;;;;;0;0
000EW;2025-02-08 09:10:00;;1018;;;;;;;
000EW;2025-02-08 09:20:00;;1018.2;;;;;;;
000EW;2025-02-08 09:30:00;4.5;1018.3;77;0.8;;;;;
000EW;2025-02-08 09:40:00;4.7;1018.3;77;1;0;;;;
000EW;2025-02-08 09:50:00;4.8;1018.3;77;1.1;0;;;;
000EW;2025-02-08 10:00:00;5.1;1018.4;76;1.2;0;;;0;0
000EW;2025-02-08 10:10:00;5.2;1018.5;75;1.2;0;;;;
000EW;2025-02-08 10:20:00;5.2;1018.7;75;1.1;0;;;;
000EW;2025-02-08 10:30:00;5.2;1018.7;74;0.9;0;;;;
000EW;2025-02-08 10:40:00;5.1;1018.9;74;0.9;0;;;;
000EW;2025-02-08 10:50:00;5.3;1019;73;0.8;0;;;;
000EW;2025-02-08 11:00:00;5.3;1019.2;73;0.8;0;;;0;0
000EW;2025-02-08 11:10:00;5.3;1019.1;73;0.8;0;;;;
000EW;2025-02-08 11:20:00;5.7;1019;73;1.3;0;;;;
000EW;2025-02-08 11:30:00;5.8;1019;71;1;0;;;;
000EW;2025-02-08 11:40:00;5.8;1019;71;1;0;;;;
000EW;2025-02-08 11:50:00;6;1019.1;71;1.1;0;;;;
000EW;2025-02-08 12:00:00;6.2;1019.2;71;1.3;0;;;0;0
000EW;2025-02-08 12:10:00;6.3;1019.3;70;1.3;0;;;;
000EW;2025-02-08 12:20:00;6.7;1019.2;70;1.6;0;;;;
000EW;2025-02-08 12:30:00;6.8;1019.1;68;1.3;0;;;;
000EW;2025-02-08 12:40:00;7;1019.1;68;1.5;0;;;;
000EW;2025-02-08 12:50:00;7.1;1019;67;1.4;0;;;;
000EW;2025-02-08 13:00:00;7.2;1019;67;1.5;0;;;0;0
000EW;2025-02-08 13:10:00;7.2;1019;67;1.5;0;;;;
000EW;2025-02-08 13:20:00;7.2;1019.1;67;1.5;0;;;;
000EW;2025-02-08 13:30:00;7.2;1019.1;68;1.7;0;;;;
000EW;2025-02-08 13:40:00;7.1;1019.2;68;1.6;0.8;;225;;
000EW;2025-02-08 13:50:00;7.1;1019.2;69;1.8;0;;;;
000EW;2025-02-08 14:00:00;7;1019.2;69;1.7;0;;;0;0
000EW;2025-02-08 14:10:00;7.2;1019.1;70;2.1;0;;;;
000EW;2025-02-08 14:20:00;7.2;1019.2;69;1.9;0;;;;
000EW;2025-02-08 14:30:00;7.2;1019.4;69;1.9;0;;;;
000EW;2025-02-08 14:40:00;7.3;1019.4;70;2.2;0;;;;
000EW;2025-02-08 14:50:00;7.4;1019.3;69;2.1;0.8;;135;;
000EW;2025-02-08 15:00:00;7.6;1019.4;69;2.2;0;;;0;0
000EW;2025-02-08 15:10:00;7.4;1019.4;69;2.1;0;;;;
000EW;2025-02-08 15:20:00;7.4;1019.4;70;2.3;0;;;;
000EW;2025-02-08 15:30:00;7.5;1019.4;70;2.4;0;;;;
000EW;2025-02-08 15:40:00;7.4;1019.4;70;2.3;0;;;;
000EW;2025-02-08 15:50:00;7.4;1019.5;70;2.3;0;;;;
000EW;2025-02-08 16:00:00;7.4;1019.5;70;2.3;0;;;0;0
000EW;2025-02-08 16:10:00;7.5;1019.4;70;2.4;0;;;;
000EW;2025-02-08 16:20:00;7.7;1019.4;69;2.3;0;;;;
000EW;2025-02-08 16:30:00;7.8;1019.5;69;2.4;0;;;;
000EW;2025-02-08 16:40:00;7.8;1019.6;69;2.5;0;;;;
000EW;2025-02-08 16:50:00;7.8;1019.6;70;2.7;0;;;;
000EW;2025-02-08 17:00:00;7.7;1019.6;71;2.7;0.8;;158;0;0
000EW;2025-02-08 17:10:00;7.6;1019.6;72;2.8;1.6;;135;;
000EW;2025-02-08 17:20:00;7.4;1019.7;72;2.7;0;;;;
000EW;2025-02-08 17:30:00;7.4;1019.7;73;2.9;0;;;;
000EW;2025-02-08 17:40:00;7.3;1019.8;73;2.8;0;;;;
000EW;2025-02-08 17:50:00;7.3;1019.9;74;3;0;;;;
000EW;2025-02-08 18:00:00;7.3;1020.1;74;3;0;;;0;0
000EW;2025-02-08 18:10:00;7.3;1020.1;74;3;0;;;;
000EW;2025-02-08 18:20:00;7.2;1020.1;74;2.9;0;;;;
000EW;2025-02-08 18:30:00;7.2;1020.2;75;3.1;0;;;;
000EW;2025-02-08 18:40:00;7.2;1020.4;75;3.1;0.8;;158;;
000EW;2025-02-08 18:50:00;7.2;1020.5;76;3.2;0;;;;
000EW;2025-02-08 19:00:00;7.1;1020.5;76;3.1;0;;;0;0
000EW;2025-02-08 19:10:00;6.9;1020.5;77;3.2;0;;;;
000EW;2025-02-08 19:20:00;6.8;1020.6;77;3.1;0;;;;
000EW;2025-02-08 19:30:00;6.7;1020.6;77;3;0;;;;
000EW;2025-02-08 19:40:00;6.7;1020.7;78;3.1;0;;;;
000EW;2025-02-08 19:50:00;6.6;1020.8;78;3.1;0;;;;
000EW;2025-02-08 20:00:00;6.6;1020.8;79;3.2;0;;;0;0
000EW;2025-02-08 20:10:00;6.6;1021;79;3.2;0;;;;
000EW;2025-02-08 20:20:00;6.6;1021;79;3.2;0;;;;
000EW;2025-02-08 20:30:00;6.7;1021.1;79;3.3;0;;;;
000EW;2025-02-08 20:40:00;6.6;1021.3;79;3.2;0;;;;
000EW;2025-02-08 20:50:00;6.6;1021.4;80;3.4;0;;;;
000EW;2025-02-08 21:00:00;6.6;1021.4;81;3.5;0;;;0;0
000EW;2025-02-08 21:10:00;6.4;1021.4;82;3.6;0;;;;
000EW;2025-02-08 21:20:00;6.4;1021.4;82;3.5;0;;;;
000EW;2025-02-08 21:30:00;6.3;1021.5;83;3.7;0;;;;
000EW;2025-02-08 21:40:00;6.4;1021.5;83;3.8;0;;;;
000EW;2025-02-08 21:50:00;6.5;1021.5;82;3.7;0;;;;
000EW;2025-02-08 22:00:00;6.5;1021.5;83;3.8;0;;;0;0.2
000EW;2025-02-08 22:10:00;6.6;1021.4;83;3.9;0;;;;
000EW;2025-02-08 22:20:00;6.6;1021.5;82;3.8;0;;;;
000EW;2025-02-08 22:30:00;6.6;1021.5;82;3.8;0;;;;
000EW;2025-02-08 22:40:00;6.7;1021.8;81;3.6;0.8;;135;;
000EW;2025-02-08 22:50:00;6.8;1021.9;81;3.7;0;;;;
000EW;2025-02-08 23:00:00;6.4;1022;81;3.4;0;;;0;0
000EW;2025-02-08 23:10:00;6;1022.1;83;3.3;0.8;;225;;
000EW;2025-02-08 23:20:00;5.7;1022.2;84;3.2;0.8;;203;;
000EW;2025-02-08 23:30:00;5.5;1022.2;85;3.2;0;;;;
000EW;2025-02-08 23:40:00;5.4;1022.2;86;3.2;0.8;;203;;
000EW;2025-02-08 23:50:00;5.3;1022.3;86;3.2;0;;;;
000EW;2025-02-09 00:00:00;5.3;1022.3;87;3.3;0;;;0;0.2
000EW;2025-02-09 00:10:00;5.2;1022.3;87;3.2;0;;;;
000EW;2025-02-09 00:20:00;5.3;1022.4;88;3.5;0;;;;
000EW;2025-02-09 00:30:00;5.2;1022.4;88;3.4;0;;;;
000EW;2025-02-09 00:40:00;5.2;1022.4;88;3.3;0;;;;
000EW;2025-02-09 00:50:00;4.9;1022.5;87;3;0;;;;
000EW;2025-02-09 01:00:00;4.8;1022.5;88;3;0;;;0;0.8
000EW;2025-02-09 01:10:00;4.8;1022.5;88;3;0;;;;
000EW;2025-02-09 01:20:00;4.8;1022.5;88;3;0;;;;
000EW;2025-02-09 01:30:00;4.8;1022.5;88;3;0;;;;
000EW;2025-02-09 01:40:00;4.8;1022.5;88;3;0;;;;
000EW;2025-02-09 01:50:00;4.8;1022.5;89;3.1;0;;;;
000EW;2025-02-09 02:00:00;4.8;1022.6;89;3.2;0;;;0;0.8
000EW;2025-02-09 02:10:00;4.8;1022.6;89;3.2;0;;;;
000EW;2025-02-09 02:20:00;4.8;1022.6;90;3.3;0;;;;
000EW;2025-02-09 02:30:00;4.9;1022.7;90;3.4;0;;;;
000EW;2025-02-09 02:40:00;5;1022.7;90;3.5;0;;;;
000EW;2025-02-09 02:50:00;5;1022.7;90;3.5;0;;;;
000EW;2025-02-09 03:00:00;5;1022.8;90;3.5;0;;;0;1.4
000EW;2025-02-09 03:10:00;5;1022.8;90;3.5;0;;;;
000EW;2025-02-09 03:20:00;4.9;1022.7;90;3.4;0;;;;
000EW;2025-02-09 03:30:00;4.9;1022.8;90;3.4;0;;;;
000EW;2025-02-09 03:40:00;4.9;1022.9;91;3.5;0;;;;
000EW;2025-02-09 03:50:00;4.8;1022.9;91;3.5;0;;;;
000EW;2025-02-09 04:00:00;4.8;1023;91;3.5;0;;;0;1.2
000EW;2025-02-09 04:10:00;4.8;1023.1;92;3.6;0;;;;
000EW;2025-02-09 04:20:00;4.8;1023.1;92;3.6;0;;;;
000EW;2025-02-09 04:30:00;4.8;1023;92;3.6;0;;;;
000EW;2025-02-09 04:40:00;4.8;1023;92;3.6;0;;;;
000EW;2025-02-09 04:50:00;4.8;1023.1;92;3.6;0;;;;
000EW;2025-02-09 05:00:00;4.9;1023.2;92;3.8;0;;;0;0.2
000EW;2025-02-09 05:10:00;5;1023.3;92;3.8;0;;;;
000EW;2025-02-09 05:20:00;5.1;1023.4;92;3.9;0;;;;
000EW;2025-02-09 05:30:00;5.1;1023.5;93;4;0;;;;
000EW;2025-02-09 05:40:00;5.2;1023.5;93;4.1;0;;;;
000EW;2025-02-09 05:50:00;5.2;1023.5;92;4;0;;;;
000EW;2025-02-09 06:00:00;5.2;1023.4;92;4;0;;;1.4;0
000EW;2025-02-09 06:10:00;5.2;1023.5;92;4;0;;;;
000EW;2025-02-09 06:20:00;5.2;1023.5;92;4;0;;;;
000EW;2025-02-09 06:30:00;5.2;1023.6;92;4;0;;;;
000EW;2025-02-09 06:40:00;5.2;1023.6;92;4;0;;;;
000EW;2025-02-09 06:50:00;5.2;1023.7;92;4;0;;;;
000EW;2025-02-09 07:00:00;4.8;1023.8;92;3.6;0;;;0;0
000EW;2025-02-09 07:10:00;;1024;;;0;;;;
000EW;2025-02-09 07:20:00;;1024.1;;;;;;;
000EW;2025-02-09 07:30:00;;1024.3;;;;;;;
000EW;2025-02-09 07:40:00;;1024.2;;;;;;;
000EW;2025-02-09 07:50:00;;1024.3;;;;;;;
000EW;2025-02-09 08:00:00;;1024.5;;;;;;0;0
000EW;2025-02-09 08:10:00;;1024.6;;;;;;;
000EW;2025-02-09 08:20:00;;1024.6;;;;;;;
000EW;2025-02-09 08:30:00;;1024.8;;;;;;;
000EW;2025-02-09 08:40:00;5.2;1024.9;91;3.9;0;;;;
000EW;2025-02-09 08:50:00;5.3;1025;90;3.8;0;;;;
000EW;2025-02-09 09:00:00;5.3;1025.2;90;3.8;0;;;0;0
000EW;2025-02-09 09:10:00;5.3;1025.2;90;3.8;0;;;;
000EW;2025-02-09 09:20:00;5.3;1025.2;90;3.8;0;;;;
000EW;2025-02-09 09:30:00;5.3;1025.1;90;3.8;0;;;;
000EW;2025-02-09 09:40:00;5.4;1025.2;89;3.8;0;;;;
000EW;2025-02-09 09:50:00;5.5;1025.2;89;3.8;0;;;;
000EW;2025-02-09 10:00:00;5.7;1025.3;89;4;0;;;0;0
000EW;2025-02-09 10:10:00;5.9;1025.4;89;4.2;0;;;;
000EW;2025-02-09 10:20:00;6.1;1025.5;88;4.3;0;;;;
000EW;2025-02-09 10:30:00;6.1;1025.6;87;4.1;0;;;;
000EW;2025-02-09 10:40:00;6.1;1025.7;87;4.1;0;;;;
000EW;2025-02-09 10:50:00;6.2;1025.7;86;4;0;;;;
000EW;2025-02-09 11:00:00;6.3;1025.9;85;3.9;0;;;0;0
000EW;2025-02-09 11:10:00;6.3;1025.8;83;3.7;0;;;;
000EW;2025-02-09 11:20:00;6.3;1025.9;81;3.3;0;;;;
000EW;2025-02-09 11:30:00;6.4;1025.9;81;3.4;0;;;;
000EW;2025-02-09 11:40:00;6.3;1025.9;79;3;0;;;;
000EW;2025-02-09 11:50:00;6.4;1026;80;3.2;0;;;;
000EW;2025-02-09 12:00:00;6.4;1026;80;3.2;0;;;0;0
000EW;2025-02-09 12:10:00;6.3;1025.9;82;3.5;0;;;;
000EW;2025-02-09 12:20:00;6.4;1025.8;83;3.7;0;;;;
000EW;2025-02-09 12:30:00;6.4;1025.8;83;3.8;0;;;;
000EW;2025-02-09 12:40:00;6.6;1025.7;83;3.9;0;;;;
000EW;2025-02-09 12:50:00;6.7;1025.6;82;3.9;0;;;;
000EW;2025-02-09 13:00:00;6.9;1025.6;82;4;0;;;0;0
000EW;2025-02-09 13:10:00;6.9;1025.6;81;3.9;0;;;;
000EW;2025-02-09 13:20:00;6.9;1025.6;81;3.9;0;;;;
000EW;2025-02-09 13:30:00;6.8;1025.5;81;3.8;0;;;;
000EW;2025-02-09 13:40:00;6.9;1025.5;81;3.9;0;;;;
000EW;2025-02-09 13:50:00;6.9;1025.5;81;3.9;0;;;;
000EW;2025-02-09 14:00:00;7;1025.4;81;4;0;;;0;0
000EW;2025-02-09 14:10:00;7;1025.3;81;4;0;;;;
000EW;2025-02-09 14:20:00;7.3;1025.3;81;4.2;0;;;;
000EW;2025-02-09 14:30:00;7.3;1025.3;80;4.1;0;;;;
000EW;2025-02-09 14:40:00;7.3;1025.2;80;4.1;0;;;;
000EW;2025-02-09 14:50:00;7.4;1025.2;80;4.2;0;;;;
000EW;2025-02-09 15:00:00;7.5;1025.2;80;4.3;0;;;0;0
000EW;2025-02-09 15:10:00;7.6;1025.2;79;4.1;0;;;;
000EW;2025-02-09 15:20:00;7.6;1025.1;79;4.2;0;;;;
000EW;2025-02-09 15:30:00;7.7;1025.2;79;4.3;0;;;;
000EW;2025-02-09 15:40:00;7.7;1025.2;79;4.3;0;;;;
000EW;2025-02-09 15:50:00;7.7;1025.2;79;4.3;0;;;;
000EW;2025-02-09 16:00:00;7.7;1025.2;79;4.3;0;;;0;0
000EW;2025-02-09 16:10:00;7.6;1025.3;79;4.2;0;;;;
000EW;2025-02-09 16:20:00;7.6;1025.3;79;4.2;0;;;;
000EW;2025-02-09 16:30:00;7.4;1025.3;80;4.2;0;;;;
000EW;2025-02-09 16:40:00;7.4;1025.3;81;4.4;0;;;;
000EW;2025-02-09 16:50:00;7.4;1025.3;81;4.4;0;;;;
000EW;2025-02-09 17:00:00;7.4;1025.4;82;4.6;0;;;0;0
000EW;2025-02-09 17:10:00;7.4;1025.4;82;4.5;0;;;;
000EW;2025-02-09 17:20:00;7.4;1025.5;82;4.5;0;;;;
000EW;2025-02-09 17:30:00;7.4;1025.5;82;4.5;0;;;;
000EW;2025-02-09 17:40:00;7.3;1025.5;83;4.6;0;;;;
000EW;2025-02-09 17:50:00;7.3;1025.4;83;4.6;0;;;;
000EW;2025-02-09 18:00:00;7.3;1025.5;83;4.6;0;;;0;0
000EW;2025-02-09 18:10:00;7.4;1025.5;83;4.7;0;;;;
000EW;2025-02-09 18:20:00;7.4;1025.5;83;4.7;0;;;;
000EW;2025-02-09 18:30:00;7.4;1025.5;83;4.7;0;;;;
000EW;2025-02-09 18:40:00;7.3;1025.5;83;4.6;0;;;;
000EW;2025-02-09 18:50:00;7.3;1025.5;83;4.6;0;;;;
000EW;2025-02-09 19:00:00;7.3;1025.5;84;4.8;0;;;0;0
000EW;2025-02-09 19:10:00;7.2;1025.4;84;4.7;0;;;;
000EW;2025-02-09 19:20:00;7.2;1025.4;84;4.7;0;;;;
000EW;2025-02-09 19:30:00;7.2;1025.4;84;4.7;0;;;;
000EW;2025-02-09 19:40:00;7.2;1025.4;84;4.7;0;;;;
000EW;2025-02-09 19:50:00;7.2;1025.3;84;4.7;0;;;;
000EW;2025-02-09 20:00:00;7.2;1025.3;84;4.7;0;;;0;0
000EW;2025-02-09 20:10:00;7.2;1025.2;84;4.6;0;;;;
000EW;2025-02-09 20:20:00;7.2;1025.2;84;4.6;0;;;;
000EW;2025-02-09 20:30:00;7.2;1025.2;84;4.6;0;;;;
000EW;2025-02-09 20:40:00;7.2;1025.1;85;4.8;0;;;;
000EW;2025-02-09 20:50:00;7.1;1025.1;85;4.8;0;;;;
000EW;2025-02-09 21:00:00;7.1;1025;84;4.5;0;;;0;0
000EW;2025-02-09 21:10:00;7;1025;84;4.5;0;;;;
000EW;2025-02-09 21:20:00;6.9;1024.9;84;4.4;0;;;;
000EW;2025-02-09 21:30:00;6.9;1024.8;84;4.4;0;;;;
000EW;2025-02-09 21:40:00;6.9;1024.8;84;4.4;0;;;;
000EW;2025-02-09 21:50:00;6.8;1024.7;84;4.3;0;;;;
000EW;2025-02-09 22:00:00;6.8;1024.8;84;4.3;0;;;0;0
000EW;2025-02-09 22:10:00;6.8;1024.8;84;4.3;0;;;;
000EW;2025-02-09 22:20:00;6.8;1024.8;84;4.3;0;;;;
000EW;2025-02-09 22:30:00;6.9;1024.7;84;4.4;0;;;;
000EW;2025-02-09 22:40:00;6.9;1024.7;84;4.4;0;;;;
000EW;2025-02-09 22:50:00;6.9;1024.6;84;4.4;0;;;;
000EW;2025-02-09 23:00:00;6.8;1024.4;84;4.3;0;;;0;0
000EW;2025-02-09 23:10:00;6.8;1024.3;84;4.3;0;;;;
000EW;2025-02-09 23:20:00;6.8;1024.2;84;4.3;0;;;;
000EW;2025-02-09 23:30:00;6.8;1024.1;84;4.3;0;;;;
000EW;2025-02-09 23:40:00;6.7;1024.1;84;4.2;0;;;;
000EW;2025-02-09 23:50:00;6.7;1024.1;83;4;0;;;;
000EW;2025-02-10 00:00:00;6.7;1024;83;4;0;;;0;0
000EW;2025-02-10 00:10:00;6.6;1023.8;83;3.9;0;;;;
000EW;2025-02-10 00:20:00;6.6;1023.8;83;3.9;0;;;;
000EW;2025-02-10 00:30:00;6.6;1023.7;83;3.9;0;;;;
000EW;2025-02-10 00:40:00;6.6;1023.6;83;3.9;0;;;;
000EW;2025-02-10 00:50:00;6.5;1023.5;83;3.8;0;;;;
000EW;2025-02-10 01:00:00;6.4;1023.4;83;3.8;0;;;0;0
000EW;2025-02-10 01:10:00;6.4;1023.2;84;3.9;0;;;;
000EW;2025-02-10 01:20:00;6.3;1023.1;84;3.8;0;;;;
000EW;2025-02-10 01:30:00;6.2;1023;84;3.7;0;;;;
000EW;2025-02-10 01:40:00;6.1;1022.8;84;3.6;0;;;;
000EW;2025-02-10 01:50:00;6;1022.6;84;3.5;0;;;;
000EW;2025-02-10 02:00:00;5.9;1022.5;84;3.4;0;;;0;0
000EW;2025-02-10 02:10:00;5.9;1022.5;85;3.6;0;;;;
000EW;2025-02-10 02:20:00;5.9;1022.5;85;3.6;0;;;;
000EW;2025-02-10 02:30:00;5.9;1022.2;85;3.6;0;;;;
000EW;2025-02-10 02:40:00;5.9;1022.3;85;3.6;0;;;;
000EW;2025-02-10 02:50:00;5.9;1022.1;85;3.6;0;;;;
000EW;2025-02-10 03:00:00;5.9;1022;85;3.6;0;;;0;0
000EW;2025-02-10 03:10:00;5.9;1021.9;85;3.6;0;;;;
000EW;2025-02-10 03:20:00;5.9;1021.7;85;3.6;0;;;;
000EW;2025-02-10 03:30:00;5.9;1021.7;85;3.6;0;;;;
000EW;2025-02-10 03:40:00;5.9;1021.5;85;3.6;0;;;;
000EW;2025-02-10 03:50:00;5.9;1021.3;85;3.6;0;;;;
000EW;2025-02-10 04:00:00;5.9;1021.2;85;3.6;0;;;0;0
000EW;2025-02-10 04:10:00;6;1021.1;85;3.7;0;;;;
000EW;2025-02-10 04:20:00;6;1021;84;3.5;0;;;;
000EW;2025-02-10 04:30:00;6.1;1021;84;3.6;0;;;;
000EW;2025-02-10 04:40:00;6;1021;84;3.5;0;;;;
000EW;2025-02-10 04:50:00;6;1020.9;84;3.5;0;;;;
000EW;2025-02-10 05:00:00;6;1020.9;84;3.5;0;;;0;0
000EW;2025-02-10 05:10:00;6;1020.9;84;3.5;0;;;;
000EW;2025-02-10 05:20:00;6;1020.7;84;3.5;0;;;;
000EW;2025-02-10 05:30:00;6;1020.6;84;3.5;0;;;;
000EW;2025-02-10 05:50:00;5.9;1020.4;84;3.4;0;;;;
000EW;2025-02-10 06:00:00;5.9;1020.4;84;3.4;0;;;0;0
000EW;2025-02-10 06:10:00;5.9;1020.5;84;3.4;0;;;;
000EW;2025-02-10 06:20:00;5.9;1020.4;84;3.4;0;;;;
000EW;2025-02-10 06:30:00;5.6;1020.5;84;3.1;0;;;;
000EW;2025-02-10 06:40:00;;1020.4;;;;;;;
000EW;2025-02-10 06:50:00;;1020.3;;;;;;;
000EW;2025-02-10 07:00:00;;1020.1;;;;;;0;0.2
000EW;2025-02-10 07:10:00;;1020.2;;;;;;;
000EW;2025-02-10 07:20:00;5.4;1020.1;88;3.6;;;;;
000EW;2025-02-10 07:30:00;5.4;1020.1;88;3.6;0;;;;
000EW;2025-02-10 07:40:00;5.3;1020.2;89;3.7;0;;;;
000EW;2025-02-10 07:50:00;5.2;1020;89;3.6;0;;;;
000EW;2025-02-10 08:00:00;5.2;1019.9;89;3.6;0;;;0;0
000EW;2025-02-10 08:10:00;5.3;1019.8;89;3.6;0;;;;
000EW;2025-02-10 08:20:00;5.3;1019.6;90;3.8;0;;;;
000EW;2025-02-10 08:30:00;5.2;1019.4;90;3.7;0;;;;
000EW;2025-02-10 08:40:00;5.2;1019.1;90;3.7;0;;;;
000EW;2025-02-10 08:50:00;5.2;1019;90;3.7;0;;;;
000EW;2025-02-10 09:00:00;5.2;1019.1;91;3.8;0;;;0.2;0
000EW;2025-02-10 09:10:00;5.2;1019;91;3.9;0;;;;
000EW;2025-02-10 09:20:00;5.2;1018.9;91;3.9;0;;;;
000EW;2025-02-10 09:30:00;5.3;1018.9;91;3.9;0;;;;
000EW;2025-02-10 09:40:00;5.3;1018.8;91;4;0;;;;
000EW;2025-02-10 09:50:00;5.3;1018.8;90;3.8;0;;;;
000EW;2025-02-10 10:00:00;5.3;1018.7;90;3.8;0;;;0;0
000EW;2025-02-10 10:10:00;5.3;1018.7;90;3.8;0;;;;
000EW;2025-02-10 10:20:00;5.3;1018.6;90;3.8;0;;;;
000EW;2025-02-10 10:30:00;5.3;1018.5;91;3.9;0;;;;
000EW;2025-02-10 10:40:00;5.3;1018.3;91;4;0;;;;
000EW;2025-02-10 10:50:00;5.4;1018.2;91;4.1;0;;;;
000EW;2025-02-10 11:00:00;5.4;1018;91;4.1;0;;;0;0
000EW;2025-02-10 11:10:00;5.4;1017.9;91;4.1;0;;;;
000EW;2025-02-10 11:20:00;5.5;1017.8;91;4.1;0;;;;
000EW;2025-02-10 11:30:00;5.5;1017.8;91;4.1;0;;;;
000EW;2025-02-10 11:40:00;5.5;1017.7;91;4.1;0;;;;
000EW;2025-02-10 11:50:00;5.6;1017.5;91;4.3;0;;;;
000EW;2025-02-10 12:00:00;5.7;1017.3;91;4.3;0;;;0;0
000EW;2025-02-10 12:10:00;5.7;1017.1;91;4.3;0;;;;
000EW;2025-02-10 12:20:00;5.7;1016.9;91;4.4;0;;;;
000EW;2025-02-10 12:30:00;5.8;1016.7;91;4.4;0;;;;
000EW;2025-02-10 12:40:00;5.8;1016.6;91;4.5;0;;;;
000EW;2025-02-10 12:50:00;5.9;1016.5;91;4.5;0;;;;
000EW;2025-02-10 13:00:00;6;1016.2;91;4.6;0;;;0;0
000EW;2025-02-10 13:10:00;6.1;1015.9;91;4.7;0;;;;
000EW;2025-02-10 13:20:00;6.2;1015.6;91;4.9;0;;;;
000EW;2025-02-10 13:30:00;6.2;1015.5;91;4.9;0;;;;
000EW;2025-02-10 13:40:00;6.3;1015.2;90;4.8;0;;;;
000EW;2025-02-10 13:50:00;6.3;1015;90;4.8;0;;;;
000EW;2025-02-10 14:00:00;6.4;1014.9;90;4.9;0;;;0;0
000EW;2025-02-10 14:10:00;6.4;1014.7;90;4.9;0;;;;
000EW;2025-02-10 14:20:00;6.4;1014.6;90;4.9;0;;;;
000EW;2025-02-10 14:30:00;6.5;1014.5;90;5;0;;;;
000EW;2025-02-10 14:40:00;6.6;1014.3;91;5.2;0;;;;
000EW;2025-02-10 14:50:00;6.5;1014.2;91;5.1;0;;;;
000EW;2025-02-10 15:00:00;6.5;1014.2;91;5.1;0;;;1.6;1.6
000EW;2025-02-10 15:10:00;6.4;1014.2;91;5.1;0;;;;
000EW;2025-02-10 15:20:00;6.4;1014;91;5.1;0;;;;
000EW;2025-02-10 15:30:00;6.5;1013.8;92;5.3;0;;;;
000EW;2025-02-10 15:40:00;6.5;1013.7;92;5.3;0;;;;
000EW;2025-02-10 15:50:00;6.5;1013.7;91;5.1;0;;;;
000EW;2025-02-10 16:00:00;6.6;1013.6;92;5.3;0;;;0;2.2
000EW;2025-02-10 16:10:00;6.6;1013.6;92;5.3;0;;;;
000EW;2025-02-10 16:20:00;6.4;1013.5;92;5.2;0;;;;
000EW;2025-02-10 16:30:00;6.4;1013.8;92;5.2;0;;;;
000EW;2025-02-10 16:40:00;6.6;1013.6;92;5.3;0;;;;
000EW;2025-02-10 16:50:00;6.6;1013.6;92;5.4;0;;;;
000EW;2025-02-10 17:00:00;6.7;1013.4;92;5.5;0;;;0;1.2
000EW;2025-02-10 17:10:00;6.6;1013.6;92;5.4;0;;;;
000EW;2025-02-10 17:20:00;6.6;1013.7;92;5.3;0;;;;
000EW;2025-02-10 17:30:00;6.4;1013.9;92;5.2;0;;;;
000EW;2025-02-10 17:40:00;6.2;1013.9;92;5;0;;;;
000EW;2025-02-10 17:50:00;6;1014.1;91;4.6;0;;;;
000EW;2025-02-10 18:00:00;5.8;1014.2;91;4.4;0;;;3.6;0.2
000EW;2025-02-10 18:10:00;5.6;1014.3;91;4.3;0;;;;
000EW;2025-02-10 18:20:00;5.4;1014.4;91;4;0;;;;
000EW;2025-02-10 18:30:00;5.2;1014.6;90;3.7;0;;;;
000EW;2025-02-10 18:40:00;5;1014.8;90;3.5;0;;;;
000EW;2025-02-10 18:50:00;5;1015;90;3.5;0;;;;
000EW;2025-02-10 19:00:00;4.8;1015;90;3.3;0;;;0;0.2
000EW;2025-02-10 19:10:00;4.7;1015;89;3;0;;;;
000EW;2025-02-10 19:20:00;4.6;1015.2;90;3.1;0;;;;
000EW;2025-02-10 19:30:00;4.4;1015.5;89;2.8;0;;;;
000EW;2025-02-10 19:40:00;4.2;1015.7;89;2.6;0;;;;
000EW;2025-02-10 19:50:00;4.2;1015.7;90;2.7;0;;;;
000EW;2025-02-10 20:00:00;4.2;1015.7;90;2.7;0;;;0;0
000EW;2025-02-10 20:10:00;4.2;1016;90;2.7;0;;;;
000EW;2025-02-10 20:20:00;3.9;1016.3;89;2.3;0;;;;
000EW;2025-02-10 20:30:00;3.8;1016.3;89;2.2;0;;;;
000EW;2025-02-10 20:40:00;3.8;1016.3;89;2.2;0;;;;
000EW;2025-02-10 20:50:00;3.8;1016.3;89;2.2;0;;;;
000EW;2025-02-10 21:00:00;3.9;1016.3;89;2.2;0;;;0.2;0
000EW;2025-02-10 21:10:00;4;1016.5;89;2.4;0;;;;
000EW;2025-02-10 21:20:00;4.1;1016.7;89;2.4;0;;;;
000EW;2025-02-10 21:30:00;4.1;1016.7;89;2.4;0;;;;
000EW;2025-02-10 21:40:00;4.1;1016.8;89;2.5;0;;;;
000EW;2025-02-10 21:50:00;4.2;1016.8;89;2.5;0;;;;
000EW;2025-02-10 22:00:00;4.2;1017;89;2.6;0;;;0;0
000EW;2025-02-10 22:10:00;4.2;1017;90;2.7;0;;;;
000EW;2025-02-10 22:20:00;4.3;1017.2;90;2.8;0;;;;
000EW;2025-02-10 22:30:00;4.4;1017.2;90;2.9;0;;;;
000EW;2025-02-10 22:40:00;4.4;1017.2;89;2.8;0.8;;270;;
000EW;2025-02-10 22:50:00;4.5;1017.4;89;2.8;0;;;;
000EW;2025-02-10 23:00:00;4.4;1017.6;88;2.6;0;;;0;0
000EW;2025-02-10 23:10:00;4.4;1017.6;88;2.6;0;;;;
000EW;2025-02-10 23:20:00;4.4;1017.6;86;2.3;0;;;;
000EW;2025-02-10 23:30:00;4.3;1017.9;85;2;0;;;;
000EW;2025-02-10 23:40:00;4.3;1018;85;2;0;;;;
000EW;2025-02-10 23:50:00;4.2;1018;85;1.9;0;;;;
000EW;2025-02-11 00:00:00;4.1;1018.1;86;2;0;;;0;0
000EW;2025-02-11 00:10:00;4.1;1018.2;86;2;0;;;;
000EW;2025-02-11 00:20:00;4.1;1018.3;86;1.9;0;;;;
000EW;2025-02-11 00:30:00;4;1018.3;86;1.9;0;;;;
000EW;2025-02-11 00:40:00;4.1;1018.1;86;1.9;0;;;;
000EW;2025-02-11 00:50:00;4.1;1018.1;86;2;0;;;;
000EW;2025-02-11 01:00:00;4.1;1018.1;86;2;0.8;;248;0;0
000EW;2025-02-11 01:10:00;4.2;1018.2;85;1.9;0;;;;
000EW;2025-02-11 01:20:00;4.2;1018.3;84;1.7;0;;;;
000EW;2025-02-11 01:30:00;4.3;1018.3;83;1.6;0;;;;
000EW;2025-02-11 01:40:00;4.4;1018.3;82;1.6;0;;;;
000EW;2025-02-11 01:50:00;4.4;1018.4;82;1.6;0;;;;
000EW;2025-02-11 02:00:00;4.5;1018.4;83;1.9;0;;;0;0
000EW;2025-02-11 02:10:00;4.4;1018.5;83;1.8;0;;;;
000EW;2025-02-11 02:20:00;4.4;1018.5;84;2;0;;;;
000EW;2025-02-11 02:30:00;4.4;1018.4;84;2;0;;;;
000EW;2025-02-11 02:40:00;4.5;1018.5;84;2;0;;;;
000EW;2025-02-11 02:50:00;4.5;1018.5;84;2;0;;;;
000EW;2025-02-11 03:00:00;4.5;1018.5;84;2;0;;;0;0
000EW;2025-02-11 03:10:00;4.6;1018.5;84;2.1;0;;;;
000EW;2025-02-11 03:20:00;4.6;1018.6;83;1.9;0;;;;
000EW;2025-02-11 03:30:00;4.7;1018.5;84;2.2;0;;;;
000EW;2025-02-11 03:40:00;4.7;1018.5;84;2.3;0;;;;
000EW;2025-02-11 03:50:00;4.8;1018.6;84;2.3;0;;;;
000EW;2025-02-11 04:00:00;4.8;1018.6;85;2.5;0;;;0;0
000EW;2025-02-11 04:10:00;4.7;1018.5;85;2.4;0;;;;
000EW;2025-02-11 04:20:00;4.7;1018.5;86;2.6;0;;;;
000EW;2025-02-11 04:30:00;4.7;1018.5;87;2.7;0;;;;
000EW;2025-02-11 04:40:00;4.7;1018.5;87;2.7;0;;;;
000EW;2025-02-11 04:50:00;4.7;1018.5;88;2.9;0;;;;
000EW;2025-02-11 05:00:00;4.7;1018.4;88;2.9;0;;;0;0
000EW;2025-02-11 05:10:00;4.7;1018.4;89;3;0;;;;
000EW;2025-02-11 05:20:00;4.6;1018.4;89;3;0;;;;
000EW;2025-02-11 05:30:00;4.7;1018.4;89;3;0;;;;
000EW;2025-02-11 05:40:00;4.7;1018.4;88;2.9;0;;;;
000EW;2025-02-11 05:50:00;4.8;1018.4;88;3;0;;;;
000EW;2025-02-11 06:00:00;4.8;1018.5;88;3;0;;;0;0
000EW;2025-02-11 06:10:00;4.9;1018.6;87;2.9;0;;;;
000EW;2025-02-11 06:20:00;5;1018.6;87;3;0;;;;
000EW;2025-02-11 06:30:00;5.1;1018.7;87;3.1;0;;;;
000EW;2025-02-11 06:40:00;5.1;1018.7;86;3;0;;;;
000EW;2025-02-11 06:50:00;5.1;1018.7;85;2.8;0;;;;
000EW;2025-02-11 07:00:00;5.2;1018.7;85;2.9;0;;;0;0
000EW;2025-02-11 07:10:00;5.3;1018.8;84;2.8;0;;;;
000EW;2025-02-11 07:20:00;5.3;1018.8;84;2.8;0;;;;
000EW;2025-02-11 07:30:00;5.3;1018.9;85;3;0;;;;
000EW;2025-02-11 07:40:00;5.3;1018.9;85;3;0;;;;
000EW;2025-02-11 07:50:00;5.2;1019;85;2.9;0;;;;
000EW;2025-02-11 08:00:00;5.1;1019;86;3;0;;;0;0
000EW;2025-02-11 08:10:00;5.1;1019.1;86;3;0;;;;
000EW;2025-02-11 08:20:00;5.1;1019.1;86;3;0;;;;
000EW;2025-02-11 08:30:00;5.1;1019.1;86;2.9;0;;;;
000EW;2025-02-11 08:40:00;5.1;1019.2;86;2.9;0;;;;
000EW;2025-02-11 08:50:00;5.1;1019.2;87;3.1;0;;;;
000EW;2025-02-11 09:00:00;5;1019.3;87;3;0;;;0;0
000EW;2025-02-11 09:10:00;5;1019.2;87;3;0;;;;
000EW;2025-02-11 09:20:00;5.1;1019.1;87;3.1;0;;;;
000EW;2025-02-11 09:30:00;5.1;1019;87;3.1;0;;;;
000EW;2025-02-11 09:40:00;5.1;1019.1;87;3.1;0;;;;
000EW;2025-02-11 09:50:00;5.1;1019.1;86;2.9;0;;;;
000EW;2025-02-11 10:00:00;5.1;1019.1;87;3.1;0;;;0;0
000EW;2025-02-11 10:10:00;5.2;1019.2;87;3.2;0;;;;
000EW;2025-02-11 10:20:00;5.2;1019.2;87;3.2;0;;;;
000EW;2025-02-11 10:30:00;5.3;1019.2;86;3.1;0;;;;
000EW;2025-02-11 10:40:00;5.3;1019.2;86;3.1;0;;;;
000EW;2025-02-11 10:50:00;5.3;1019.1;85;3;0;;;;
000EW;2025-02-11 11:00:00;5.3;1019.1;85;3;0;;;0;0
000EW;2025-02-11 11:10:00;5.4;1019.1;84;2.9;0;;;;
000EW;2025-02-11 11:20:00;5.6;1019;84;3.1;0;;;;
000EW;2025-02-11 11:30:00;5.7;1019;84;3.2;0;;;;
000EW;2025-02-11 11:40:00;5.7;1019;83;3.1;0;;;;
000EW;2025-02-11 11:50:00;5.7;1018.9;82;2.9;0;;;;
000EW;2025-02-11 12:00:00;5.8;1018.9;80;2.6;0;;;0;0
000EW;2025-02-11 12:10:00;5.9;1018.8;79;2.6;0;;;;
000EW;2025-02-11 12:20:00;6.1;1018.7;77;2.3;0;;;;
000EW;2025-02-11 12:30:00;6.1;1018.7;76;2.1;0;;;;
000EW;2025-02-11 12:40:00;6.1;1018.6;74;1.8;0;;;;
000EW;2025-02-11 12:50:00;6.2;1018.5;74;1.9;0;;;;
000EW;2025-02-11 13:00:00;6.2;1018.4;72;1.5;0;;;0;0
000EW;2025-02-11 13:10:00;6.2;1018.3;72;1.5;0;;;;
000EW;2025-02-11 13:20:00;6.2;1018.3;72;1.6;0;;;;
000EW;2025-02-11 13:30:00;6.3;1018.2;71;1.4;0;;;;
000EW;2025-02-11 13:40:00;6.4;1018.2;72;1.7;0;;;;
000EW;2025-02-11 13:50:00;6.4;1018.2;71;1.5;0;;;;
000EW;2025-02-11 14:00:00;6.4;1018;72;1.7;0;;;0;0
000EW;2025-02-11 14:10:00;6.6;1018;71;1.7;0;;;;
000EW;2025-02-11 14:20:00;6.6;1018;70;1.5;0;;;;
000EW;2025-02-11 14:30:00;6.6;1017.9;70;1.5;0;;;;
000EW;2025-02-11 14:40:00;6.7;1017.9;71;1.8;0;;;;
000EW;2025-02-11 14:50:00;6.8;1017.9;71;1.9;0;;;;
000EW;2025-02-11 15:00:00;6.8;1017.9;70;1.7;0;;;0;0
000EW;2025-02-11 15:10:00;6.8;1017.8;70;1.7;0;;;;
000EW;2025-02-11 15:20:00;6.8;1017.8;73;2.3;0;;;;
000EW;2025-02-11 15:30:00;6.5;1017.8;74;2.2;0;;;;
000EW;2025-02-11 15:40:00;6.4;1017.8;75;2.3;0;;;;
000EW;2025-02-11 15:50:00;6.3;1017.8;75;2.2;0;;;;
000EW;2025-02-11 16:00:00;6.3;1017.7;76;2.4;0;;;0;0
000EW;2025-02-11 16:10:00;6.2;1017.7;75;2.1;0;;;;
000EW;2025-02-11 16:20:00;6.3;1017.7;76;2.4;0;;;;
000EW;2025-02-11 16:30:00;6.2;1017.7;75;2.1;0;;;;
000EW;2025-02-11 16:40:00;6.2;1017.8;75;2.1;0;;;;
000EW;2025-02-11 16:50:00;6.2;1017.8;76;2.3;0;;;;
000EW;2025-02-11 17:00:00;6.2;1017.7;76;2.3;0;;;0;0
000EW;2025-02-11 17:10:00;6.1;1017.7;76;2.2;0;;;;
000EW;2025-02-11 17:20:00;6.1;1017.7;76;2.1;0;;;;
000EW;2025-02-11 17:30:00;6;1017.7;76;2.1;0;;;;
000EW;2025-02-11 17:40:00;6;1017.7;77;2.3;0;;;;
000EW;2025-02-11 17:50:00;5.9;1017.8;77;2.2;0;;;;
000EW;2025-02-11 18:00:00;5.8;1017.9;78;2.3;0;;;0;0
000EW;2025-02-11 18:10:00;5.8;1018;78;2.2;0;;;;
000EW;2025-02-11 18:20:00;5.8;1018;79;2.4;0;;;;
000EW;2025-02-11 18:30:00;5.7;1018.1;79;2.3;0;;;;
000EW;2025-02-11 18:40:00;5.6;1018.2;80;2.4;0;;;;
000EW;2025-02-11 18:50:00;5.6;1018.2;80;2.4;0;;;;
000EW;2025-02-11 19:00:00;5.4;1018.1;79;2.1;0;;;0;0
000EW;2025-02-11 19:10:00;5.5;1018.2;79;2.2;0;;;;
000EW;2025-02-11 19:20:00;5.5;1018.2;79;2.2;0;;;;
000EW;2025-02-11 19:30:00;5.4;1018.2;79;2.1;0;;;;
000EW;2025-02-11 19:40:00;5.4;1018.2;80;2.3;0;;;;
000EW;2025-02-11 19:50:00;5.4;1018.1;80;2.2;0;;;;
000EW;2025-02-11 20:00:00;5.3;1018;80;2.2;0;;;0;0
000EW;2025-02-11 20:10:00;5.2;1018;80;2.1;0;;;;
000EW;2025-02-11 20:20:00;5.2;1018;80;2.1;0;;;;
000EW;2025-02-11 20:30:00;5.2;1017.9;80;2;0;;;;
000EW;2025-02-11 20:40:00;5.1;1018;81;2.1;0;;;;
000EW;2025-02-11 20:50:00;5;1018;81;2;0;;;;
000EW;2025-02-11 21:00:00;4.9;1017.9;82;2.1;0;;;0;0
000EW;2025-02-11 21:10:00;4.8;1017.9;82;2;0;;;;
000EW;2025-02-11 21:20:00;4.8;1018;83;2.1;0;;;;
000EW;2025-02-11 21:30:00;4.7;1018;83;2.1;0;;;;
000EW;2025-02-11 21:40:00;4.7;1018;83;2;0;;;;
000EW;2025-02-11 21:50:00;4.7;1017.9;83;2;0;;;;
000EW;2025-02-11 22:00:00;4.6;1017.9;83;1.9;0;;;0;0
000EW;2025-02-11 22:10:00;4.4;1017.8;84;2;0;;;;
000EW;2025-02-11 22:20:00;4.4;1017.8;84;1.9;0;;;;
000EW;2025-02-11 22:30:00;4.3;1017.8;84;1.8;0;;;;
000EW;2025-02-11 22:40:00;4.2;1017.8;85;1.9;0;;;;
000EW;2025-02-11 22:50:00;4.2;1017.7;85;1.9;0;;;;
000EW;2025-02-11 23:00:00;4.2;1017.7;86;2;0;;;0;0
000EW;2025-02-11 23:10:00;4.1;1017.8;86;2;0;;;;
000EW;2025-02-11 23:20:00;4.1;1017.7;86;1.9;0;;;;
000EW;2025-02-11 23:30:00;4;1017.8;86;1.9;0;;;;
000EW;2025-02-11 23:40:00;3.9;1017.9;87;2;0;;;;
000EW;2025-02-11 23:50:00;3.9;1017.8;87;2;0;;;;
000EW;2025-02-12 00:00:00;3.9;1017.7;87;1.9;0;;;0;0
000EW;2025-02-12 00:10:00;3.8;1017.6;87;1.9;0;;;;
000EW;2025-02-12 00:20:00;3.8;1017.6;87;1.9;0;;;;
000EW;2025-02-12 00:30:00;3.8;1017.6;87;1.8;0;;;;
000EW;2025-02-12 00:40:00;3.8;1017.5;87;1.8;0;;;;
000EW;2025-02-12 00:50:00;3.7;1017.5;87;1.8;0;;;;
000EW;2025-02-12 01:00:00;3.7;1017.6;87;1.8;0;;;0;0
000EW;2025-02-12 01:10:00;3.7;1017.5;88;1.9;0;;;;
000EW;2025-02-12 01:20:00;3.6;1017.6;88;1.8;0;;;;
000EW;2025-02-12 01:30:00;3.6;1017.5;87;1.7;0;;;;
000EW;2025-02-12 01:40:00;3.6;1017.5;88;1.8;0;;;;
000EW;2025-02-12 01:50:00;3.6;1017.5;87;1.6;0;;;;
000EW;2025-02-12 02:00:00;3.5;1017.5;88;1.7;0;;;0;0
000EW;2025-02-12 02:10:00;3.5;1017.4;88;1.7;0;;;;
000EW;2025-02-12 02:20:00;3.6;1017.4;88;1.8;0;;;;
000EW;2025-02-12 02:30:00;3.6;1017.4;88;1.8;0;;;;
000EW;2025-02-12 02:40:00;3.6;1017.2;87;1.6;0;;;;
000EW;2025-02-12 02:50:00;3.6;1017.3;87;1.6;0;;;;
000EW;2025-02-12 03:00:00;3.7;1017.2;87;1.7;0;;;0;0
000EW;2025-02-12 03:10:00;3.7;1017.2;87;1.8;0;;;;
000EW;2025-02-12 03:20:00;3.8;1017.1;86;1.7;0;;;;
000EW;2025-02-12 03:30:00;3.9;1017.1;85;1.6;0;;;;
000EW;2025-02-12 03:40:00;3.9;1017;85;1.6;0;;;;
000EW;2025-02-12 03:50:00;3.9;1017;84;1.4;0;;;;
000EW;2025-02-12 04:00:00;3.9;1016.9;84;1.5;0;;;0;0
000EW;2025-02-12 04:10:00;3.9;1017;84;1.5;0;;;;
000EW;2025-02-12 04:20:00;4.1;1016.8;84;1.6;0;;;;
000EW;2025-02-12 04:30:00;4.1;1017;84;1.6;0;;;;
000EW;2025-02-12 04:40:00;4.1;1017;83;1.4;0;;;;
000EW;2025-02-12 04:50:00;4.1;1017;83;1.5;0;;;;
000EW;2025-02-12 05:00:00;4.1;1017;83;1.5;0;;;0;0
000EW;2025-02-12 05:10:00;4.2;1016.9;82;1.4;0;;;;
000EW;2025-02-12 05:20:00;4.2;1017;82;1.4;0;;;;
000EW;2025-02-12 05:30:00;4.2;1017;81;1.2;0;;;;
000EW;2025-02-12 05:40:00;4.2;1016.9;81;1.3;0;;;;
000EW;2025-02-12 05:50:00;4.3;1017;81;1.3;0;;;;
000EW;2025-02-12 06:00:00;4.3;1017;81;1.3;0;;;0;0
000EW;2025-02-12 06:10:00;4.3;1017;81;1.3;0;;;;
000EW;2025-02-12 06:20:00;4.3;1017.1;81;1.3;0;;;;
000EW;2025-02-12 06:30:00;4.3;1017.1;81;1.3;0;;;;
000EW;2025-02-12 06:40:00;4.2;1017.1;81;1.3;0;;;;
000EW;2025-02-12 06:50:00;4.2;1017;81;1.3;0;;;;
000EW;2025-02-12 07:00:00;4.2;1017;81;1.3;0;;;0;0
000EW;2025-02-12 07:10:00;4.2;1017;81;1.2;0;;;;
000EW;2025-02-12 07:20:00;4.2;1017;81;1.2;0;;;;
000EW;2025-02-12 07:30:00;4.2;1017.2;81;1.3;0;;;;
000EW;2025-02-12 07:40:00;4.2;1017.3;81;1.3;0;;;;
000EW;2025-02-12 07:50:00;4.3;1017.4;80;1.2;0;;;;
000EW;2025-02-12 08:00:00;4.4;1017.4;80;1.2;0;;;0;0
000EW;2025-02-12 08:10:00;4.4;1017.3;80;1.2;0;;;;
000EW;2025-02-12 08:20:00;4.4;1017.3;80;1.3;0;;;;
000EW;2025-02-12 08:30:00;4.6;1017.3;79;1.3;0;;;;
000EW;2025-02-12 08:40:00;4.6;1017.3;79;1.2;0;;;;
000EW;2025-02-12 08:50:00;4.6;1017.3;79;1.3;0;;;;
000EW;2025-02-12 09:00:00;4.7;1017.4;79;1.3;0;;;0;0
000EW;2025-02-12 09:10:00;4.7;1017.4;79;1.3;0;;;;
000EW;2025-02-12 09:20:00;4.7;1017.4;79;1.4;0;;;;
000EW;2025-02-12 09:30:00;4.7;1017.4;78;1.2;0;;;;
000EW;2025-02-12 09:40:00;4.8;1017.4;77;1.1;0;;;;
000EW;2025-02-12 09:50:00;4.9;1017.5;77;1.2;0;;;;
000EW;2025-02-12 10:00:00;4.9;1017.5;76;1.1;0;;;0;0
000EW;2025-02-12 10:10:00;4.9;1017.6;75;0.9;0;;;;
000EW;2025-02-12 10:20:00;5;1017.7;76;1.1;0;;;;
000EW;2025-02-12 10:30:00;5.1;1017.7;75;1;0;;;;
000EW;2025-02-12 10:40:00;5.1;1017.7;75;1;0;;;;
000EW;2025-02-12 10:50:00;5.1;1017.8;75;1;0;;;;
000EW;2025-02-12 11:00:00;5.2;1017.8;75;1.1;0;;;0;0
000EW;2025-02-12 11:10:00;5.4;1017.8;75;1.3;0;;;;
000EW;2025-02-12 11:20:00;5.6;1017.8;74;1.3;0;;;;
000EW;2025-02-12 11:30:00;5.7;1017.7;74;1.5;0;;;;
000EW;2025-02-12 11:40:00;5.5;1017.7;73;1;0.8;;45;;
000EW;2025-02-12 11:50:00;5.4;1017.7;73;0.9;0.8;;0;;
000EW;2025-02-12 12:00:00;5.5;1017.6;74;1.2;0;;;0;0
000EW;2025-02-12 12:10:00;5.5;1017.6;74;1.2;0;;;;
000EW;2025-02-12 12:20:00;5.5;1017.5;74;1.2;0;;;;
000EW;2025-02-12 12:30:00;5.6;1017.5;74;1.3;0;;;;
000EW;2025-02-12 12:40:00;5.6;1017.4;73;1.2;0;;;;
000EW;2025-02-12 12:50:00;5.6;1017.3;74;1.3;0;;;;
000EW;2025-02-12 13:00:00;5.7;1017.2;73;1.3;0;;;0;0
000EW;2025-02-12 13:10:00;5.7;1017.2;73;1.2;0;;;;
000EW;2025-02-12 13:20:00;5.7;1017.2;73;1.2;0;;;;
000EW;2025-02-12 13:30:00;5.7;1017;73;1.3;0;;;;
000EW;2025-02-12 13:40:00;5.8;1016.8;73;1.3;0.8;;0;;
000EW;2025-02-12 13:50:00;5.8;1016.8;73;1.4;0;;;;
000EW;2025-02-12 14:00:00;5.9;1017;73;1.4;0;;;0;0
000EW;2025-02-12 14:10:00;5.8;1017;72;1.2;0;;;;
000EW;2025-02-12 14:20:00;5.9;1017.1;72;1.3;0;;;;
000EW;2025-02-12 14:30:00;6.1;1017.2;72;1.4;0;;;;
000EW;2025-02-12 14:40:00;6.2;1017.2;72;1.5;0;;;;
000EW;2025-02-12 14:50:00;6;1017;72;1.3;0;;;;
000EW;2025-02-12 15:00:00;6;1017.1;72;1.3;0;;;0;0
000EW;2025-02-12 15:10:00;5.9;1017.2;72;1.3;0;;;;
000EW;2025-02-12 15:20:00;5.9;1017.1;73;1.5;0;;;;
000EW;2025-02-12 15:30:00;6;1016.9;73;1.5;0;;;;
000EW;2025-02-12 15:40:00;6.1;1016.8;73;1.6;0;;;;
000EW;2025-02-12 15:50:00;6.2;1016.8;73;1.7;0;;;;
000EW;2025-02-12 16:00:00;6.1;1017;73;1.6;0;;;0;0
000EW;2025-02-12 16:10:00;6.1;1017;74;1.8;0;;;;
000EW;2025-02-12 16:20:00;6.1;1017;74;1.8;0;;;;
000EW;2025-02-12 16:30:00;6.1;1017.2;73;1.6;0;;;;
000EW;2025-02-12 16:40:00;6.1;1017.3;74;1.8;0;;;;
000EW;2025-02-12 16:50:00;6.1;1017.3;74;1.8;0;;;;
000EW;2025-02-12 17:00:00;6.1;1017.5;74;1.8;0;;;0;0
000EW;2025-02-12 17:10:00;6.1;1017.7;74;1.8;0;;;;
000EW;2025-02-12 17:20:00;6.1;1017.8;75;2;0;;;;
000EW;2025-02-12 17:30:00;6.1;1017.9;75;2;0;;;;
000EW;2025-02-12 17:40:00;6.1;1017.9;75;2;0;;;;
000EW;2025-02-12 17:50:00;6.1;1018;76;2.1;0;;;;
000EW;2025-02-12 18:00:00;6.1;1018.2;76;2.1;0;;;0;0
000EW;2025-02-12 18:10:00;6;1018.1;76;2.1;0;;;;
000EW;2025-02-12 18:20:00;6;1018.1;75;1.9;0;;;;
000EW;2025-02-12 18:30:00;6;1018;75;1.9;0;;;;
000EW;2025-02-12 18:40:00;6.1;1018.1;76;2.1;0;;;;
000EW;2025-02-12 18:50:00;6.1;1018.2;75;2;0;;;;
000EW;2025-02-12 19:00:00;6.1;1018.1;75;2;0;;;0;0
000EW;2025-02-12 19:10:00;6.1;1018.1;75;2;0;;;;
000EW;2025-02-12 19:20:00;6.1;1018;75;2;0;;;;
000EW;2025-02-12 19:30:00;6.1;1017.9;75;2;0;;;;
000EW;2025-02-12 19:40:00;6.1;1017.9;75;2;0;;;;
000EW;2025-02-12 19:50:00;6.1;1018;75;2;0;;;;
000EW;2025-02-12 20:00:00;6.1;1018;74;1.8;0;;;0;0
000EW;2025-02-12 20:10:00;6.1;1018.1;75;2;0;;;;
000EW;2025-02-12 20:20:00;6.1;1018.2;75;2;0;;;;
000EW;2025-02-12 20:30:00;6.1;1018.2;75;2;0;;;;
000EW;2025-02-12 20:40:00;6.1;1018.2;76;2.1;0;;;;
000EW;2025-02-12 20:50:00;6;1018.3;76;2.1;0;;;;
000EW;2025-02-12 21:00:00;6;1018.4;76;2.1;0;;;0;0
000EW;2025-02-12 21:10:00;6;1018.6;76;2.1;0;;;;
000EW;2025-02-12 21:20:00;6;1018.5;77;2.3;0;;;;
000EW;2025-02-12 21:30:00;6;1018.5;77;2.3;0;;;;
000EW;2025-02-12 21:40:00;6.1;1018.6;77;2.3;0;;;;
000EW;2025-02-12 21:50:00;6;1018.6;78;2.5;0;;;;
000EW;2025-02-12 22:00:00;5.9;1018.6;78;2.4;0;;;0;0
000EW;2025-02-12 22:10:00;5.9;1018.5;78;2.3;0;;;;
000EW;2025-02-12 22:20:00;5.9;1018.6;79;2.5;0;;;;
000EW;2025-02-12 22:30:00;5.8;1018.7;79;2.5;0;;;;
000EW;2025-02-12 22:40:00;5.8;1018.9;81;2.8;0;;;;
000EW;2025-02-12 22:50:00;5.4;1019;84;3;0;;;;
000EW;2025-02-12 23:00:00;5.3;1018.8;85;3;0;;;0;0.4
000EW;2025-02-12 23:10:00;5.2;1018.8;86;3.1;0;;;;
000EW;2025-02-12 23:20:00;5.1;1018.9;86;3;0;;;;
000EW;2025-02-12 23:30:00;5.1;1018.9;86;2.9;0;;;;
000EW;2025-02-12 23:40:00;5;1018.8;86;2.9;0;;;;
000EW;2025-02-12 23:50:00;5;1018.8;86;2.9;0;;;;
000EW;2025-02-13 00:00:00;5.1;1018.8;87;3.1;0;;;0;0
000EW;2025-02-13 00:10:00;5.1;1018.9;87;3.1;0;;;;
000EW;2025-02-13 00:20:00;5.1;1018.8;87;3.1;0;;;;
000EW;2025-02-13 00:30:00;5.1;1018.9;87;3.1;0.8;;45;;
000EW;2025-02-13 00:40:00;5.1;1018.9;88;3.3;0;;;;
000EW;2025-02-13 00:50:00;5;1019;88;3.2;0;;;;
000EW;2025-02-13 01:00:00;5;1019;88;3.2;0;;;0;0
000EW;2025-02-13 01:10:00;5;1019.1;88;3.2;0;;;;
000EW;2025-02-13 01:20:00;5;1019;88;3.2;0;;;;
000EW;2025-02-13 01:30:00;4.9;1019;88;3.1;0;;;;
000EW;2025-02-13 01:40:00;5;1019;88;3.2;0;;;;
000EW;2025-02-13 01:50:00;5.1;1019;87;3.1;0;;;;
000EW;2025-02-13 02:00:00;5;1019;87;3;0;;;0;0
000EW;2025-02-13 02:10:00;5.1;1019.1;87;3.1;0;;;;
000EW;2025-02-13 02:20:00;5.1;1019;87;3.1;0;;;;
000EW;2025-02-13 02:30:00;5;1018.9;86;2.9;0;;;;
000EW;2025-02-13 02:40:00;5.1;1018.8;86;2.9;0;;;;
000EW;2025-02-13 02:50:00;5.1;1018.6;85;2.7;0;;;;
000EW;2025-02-13 03:00:00;5.1;1018.8;85;2.7;0;;;0;0
000EW;2025-02-13 03:10:00;5.1;1018.8;85;2.8;0;;;;
000EW;2025-02-13 03:20:00;5.1;1018.9;85;2.8;0;;;;
000EW;2025-02-13 03:30:00;5.1;1018.9;84;2.6;0;;;;
000EW;2025-02-13 03:40:00;5.2;1019;83;2.5;0;;;;
000EW;2025-02-13 03:50:00;5.2;1018.9;83;2.6;0;;;;
000EW;2025-02-13 04:00:00;5.3;1018.9;83;2.6;0;;;0;0
000EW;2025-02-13 04:10:00;5.3;1018.8;84;2.8;0;;;;
000EW;2025-02-13 04:20:00;5.3;1018.9;84;2.8;0;;;;
000EW;2025-02-13 04:30:00;5.3;1019;83;2.7;0;;;;
000EW;2025-02-13 04:40:00;5.3;1019;82;2.5;0;;;;
000EW;2025-02-13 04:50:00;5.3;1019.1;81;2.3;0;;;;
000EW;2025-02-13 05:00:00;5.4;1019.1;80;2.2;0;;;0;0
000EW;2025-02-13 05:10:00;5.4;1019.2;80;2.2;0;;;;
000EW;2025-02-13 05:20:00;5.4;1019.1;80;2.2;0;;;;
000EW;2025-02-13 05:30:00;5.3;1019;80;2.1;0;;;;
000EW;2025-02-13 05:40:00;5.2;1018.9;81;2.2;0;;;;
000EW;2025-02-13 05:50:00;5.2;1018.9;81;2.2;0;;;;
000EW;2025-02-13 06:00:00;5.1;1018.9;81;2.1;0;;;0;0
000EW;2025-02-13 06:10:00;5.1;1019;81;2.1;0;;;;
000EW;2025-02-13 06:20:00;5.1;1019.1;81;2.1;0;;;;
000EW;2025-02-13 06:30:00;5.1;1019.1;82;2.3;0;;;;
000EW;2025-02-13 06:40:00;5.1;1019.3;82;2.2;0;;;;
000EW;2025-02-13 06:50:00;5;1019.3;83;2.4;0;;;;
000EW;2025-02-13 07:00:00;4.9;1019.5;83;2.3;0;;;0;0
000EW;2025-02-13 07:10:00;4.9;1019.5;83;2.3;0;;;;
000EW;2025-02-13 07:20:00;4.9;1019.7;83;2.3;0;;;;
000EW;2025-02-13 07:30:00;4.9;1019.8;84;2.5;0;;;;
000EW;2025-02-13 07:40:00;4.9;1019.9;84;2.5;0;;;;
000EW;2025-02-13 07:50:00;4.9;1020;84;2.5;0;;;;
000EW;2025-02-13 08:00:00;4.9;1020.1;84;2.5;0;;;0;0
000EW;2025-02-13 08:10:00;4.9;1020.1;84;2.5;0;;;;
000EW;2025-02-13 08:20:00;4.9;1020.2;84;2.4;0;;;;
000EW;2025-02-13 08:30:00;4.9;1020.2;84;2.5;0;;;;
000EW;2025-02-13 08:40:00;5;1020.3;84;2.5;0;;;;
000EW;2025-02-13 08:50:00;5;1020.4;84;2.5;0;;;;
000EW;2025-02-13 09:00:00;5.1;1020.5;84;2.6;0;;;0;0
000EW;2025-02-13 09:10:00;5.1;1020.5;84;2.6;0;;;;
000EW;2025-02-13 09:20:00;5.1;1020.5;84;2.6;0;;;;
000EW;2025-02-13 09:30:00;5.2;1020.5;84;2.7;0.8;;23;;
000EW;2025-02-13 09:40:00;5.2;1020.6;84;2.7;0;;;;
000EW;2025-02-13 09:50:00;5.3;1020.7;84;2.8;0;;;;
000EW;2025-02-13 10:00:00;5.4;1020.7;83;2.8;0;;;0;0
000EW;2025-02-13 10:10:00;5.4;1020.9;83;2.8;0;;;;
000EW;2025-02-13 10:20:00;5.5;1020.8;83;2.8;0;;;;
000EW;2025-02-13 10:30:00;5.5;1020.8;83;2.8;0;;;;
000EW;2025-02-13 10:40:00;5.5;1020.8;83;2.8;0;;;;
000EW;2025-02-13 10:50:00;5.6;1020.8;83;2.9;0;;;;
000EW;2025-02-13 11:00:00;5.6;1020.8;83;3;0;;;0;0
000EW;2025-02-13 11:10:00;5.7;1020.8;83;3.1;0;;;;
000EW;2025-02-13 11:20:00;5.8;1020.8;83;3.1;0;;;;
000EW;2025-02-13 11:30:00;5.8;1020.8;83;3.1;0;;;;
000EW;2025-02-13 11:40:00;5.8;1020.7;81;2.8;0;;;;
000EW;2025-02-13 11:50:00;5.9;1020.7;80;2.7;0;;;;
000EW;2025-02-13 12:00:00;6;1020.6;79;2.6;0;;;0;0
000EW;2025-02-13 12:10:00;6.1;1020.6;78;2.5;0;;;;
000EW;2025-02-13 12:20:00;6.1;1020.6;76;2.2;0;;;;
000EW;2025-02-13 12:30:00;6.2;1020.5;76;2.3;0;;;;
000EW;2025-02-13 12:40:00;6.3;1020.3;75;2.2;0;;;;
000EW;2025-02-13 12:50:00;6.3;1020.4;70;1.3;0;;;;
000EW;2025-02-13 13:00:00;6.4;1020.3;68;0.9;0;;;0;0
000EW;2025-02-13 13:10:00;6.5;1020.3;69;1.2;0;;;;
000EW;2025-02-13 13:20:00;6.6;1020.3;71;1.7;0;;;;
000EW;2025-02-13 13:30:00;6.4;1020.3;74;2.1;0;;;;
000EW;2025-02-13 13:40:00;6.3;1020.2;75;2.2;0.8;;45;;
000EW;2025-02-13 13:50:00;6.3;1020.3;75;2.2;1.6;;0;;
000EW;2025-02-13 14:00:00;6.3;1020.3;74;2;2.4;;34;0;0
000EW;2025-02-13 14:10:00;6.3;1020.3;75;2.2;0.8;;338;;
000EW;2025-02-13 14:20:00;6.2;1020.4;72;1.5;0;;;;
000EW;2025-02-13 14:30:00;6.2;1020.3;73;1.7;0;;;;
000EW;2025-02-13 14:40:00;6.1;1020.4;74;1.8;0;;;;
000EW;2025-02-13 14:50:00;6.1;1020.3;73;1.6;0;;;;
000EW;2025-02-13 15:00:00;6.2;1020.4;72;1.5;0;;;0;0
000EW;2025-02-13 15:10:00;6.2;1020.4;72;1.5;0;;;;
000EW;2025-02-13 15:20:00;6.2;1020.3;69;0.9;0;;;;
000EW;2025-02-13 15:30:00;6.2;1020.3;66;0.3;0;;;;
000EW;2025-02-13 15:40:00;6.3;1020.3;65;0.2;0;;;;
000EW;2025-02-13 15:50:00;6.4;1020.3;66;0.5;0;;;;
000EW;2025-02-13 16:00:00;6.3;1020.3;68;0.9;0;;;0;0
000EW;2025-02-13 16:10:00;6.2;1020.3;69;1;0;;;;
000EW;2025-02-13 16:20:00;6.3;1020.3;71;1.4;0;;;;
000EW;2025-02-13 16:30:00;6.2;1020.4;71;1.4;0;;;;
000EW;2025-02-13 16:40:00;6.1;1020.4;71;1.3;0;;;;
000EW;2025-02-13 16:50:00;6.2;1020.5;71;1.3;0;;;;
000EW;2025-02-13 17:00:00;6.1;1020.5;72;1.4;0;;;0;0
000EW;2025-02-13 17:10:00;6.2;1020.6;73;1.7;0;;;;
000EW;2025-02-13 17:20:00;6.1;1020.7;75;2;0;;;;
000EW;2025-02-13 17:30:00;5.8;1020.8;74;1.6;0;;;;
000EW;2025-02-13 17:40:00;5.8;1020.9;76;1.9;0;;;;
000EW;2025-02-13 17:50:00;5.7;1021;76;1.8;0;;;;
000EW;2025-02-13 18:00:00;5.6;1021;77;1.9;0;;;0;0
000EW;2025-02-13 18:10:00;5.6;1021;77;1.8;0;;;;
000EW;2025-02-13 18:20:00;5.6;1021.3;76;1.7;0;;;;
000EW;2025-02-13 18:30:00;5.4;1021.3;75;1.4;0;;;;
000EW;2025-02-13 18:40:00;5.4;1021.5;72;0.8;0;;;;
000EW;2025-02-13 18:50:00;5.6;1021.5;71;0.7;0;;;;
000EW;2025-02-13 19:00:00;5.5;1021.6;73;1;0;;;0;0
000EW;2025-02-13 19:10:00;5.3;1021.7;74;1.1;0;;;;
000EW;2025-02-13 19:20:00;5.3;1021.7;75;1.2;0;;;;
000EW;2025-02-13 19:30:00;5.2;1021.7;72;0.6;0;;;;
000EW;2025-02-13 19:40:00;5.2;1021.7;71;0.4;0;;;;
000EW;2025-02-13 19:50:00;5.1;1021.9;74;0.8;0;;;;
000EW;2025-02-13 20:00:00;5.1;1021.8;76;1.2;0;;;0;0
000EW;2025-02-13 20:10:00;4.8;1021.8;77;1.1;0;;;;
000EW;2025-02-13 20:20:00;4.7;1021.8;78;1.2;0;;;;
000EW;2025-02-13 20:30:00;4.7;1021.9;77;1;0;;;;
000EW;2025-02-13 20:40:00;4.6;1021.9;77;0.9;0;;;;
000EW;2025-02-13 20:50:00;4.6;1022;77;0.9;0;;;;
000EW;2025-02-13 21:00:00;4.5;1022;77;0.8;0;;;0;0
000EW;2025-02-13 21:10:00;4.5;1022.1;77;0.8;0;;;;
000EW;2025-02-13 21:20:00;4.4;1022.2;78;0.9;0;;;;
000EW;2025-02-13 21:30:00;4.3;1022.2;79;1;0;;;;
000EW;2025-02-13 21:40:00;4.3;1022.2;80;1.1;0;;;;
000EW;2025-02-13 21:50:00;4.1;1022.2;81;1.1;0;;;;
000EW;2025-02-13 22:00:00;4;1022.2;82;1.2;0;;;0;0
000EW;2025-02-13 22:10:00;3.8;1022.2;82;1;0;;;;
000EW;2025-02-13 22:20:00;3.7;1022.4;82;0.9;0;;;;
000EW;2025-02-13 22:30:00;3.7;1022.3;83;1.1;0;;;;
000EW;2025-02-13 22:40:00;3.7;1022.4;83;1.1;0;;;;
000EW;2025-02-13 22:50:00;3.6;1022.5;83;1;0;;;;
000EW;2025-02-13 23:00:00;3.6;1022.5;84;1.1;0;;;0;0
000EW;2025-02-13 23:10:00;3.6;1022.5;84;1.1;0;;;;
000EW;2025-02-13 23:20:00;3.4;1022.6;84;1;0;;;;
000EW;2025-02-13 23:30:00;3.3;1022.7;84;0.8;0;;;;
000EW;2025-02-13 23:40:00;3.2;1022.7;85;0.9;0;;;;
000EW;2025-02-13 23:50:00;3.2;1022.7;85;0.9;0;;;;
000EW;2025-02-14 00:00:00;3.1;1022.7;85;0.8;0;;;0;0
000EW;2025-02-14 00:10:00;3.1;1022.7;84;0.6;0;;;;
000EW;2025-02-14 00:20:00;3;1022.8;84;0.6;0;;;;
000EW;2025-02-14 00:30:00;2.9;1022.7;84;0.5;0;;;;
000EW;2025-02-14 00:40:00;2.9;1022.7;84;0.5;0;;;;
000EW;2025-02-14 00:50:00;2.9;1022.7;84;0.5;0;;;;
000EW;2025-02-14 01:00:00;2.9;1022.8;84;0.5;0;;;0;0
000EW;2025-02-14 01:10:00;2.9;1022.8;83;0.3;0;;;;
000EW;2025-02-14 01:20:00;2.8;1022.8;82;0;0;;;;
000EW;2025-02-14 01:30:00;2.7;1022.8;79;-0.6;0;;;;
000EW;2025-02-14 01:40:00;2.9;1022.9;81;-0;0;;;;
000EW;2025-02-14 01:50:00;2.8;1022.8;81;-0.2;0;;;;
000EW;2025-02-14 02:00:00;2.8;1022.9;79;-0.5;0;;;0;0
000EW;2025-02-14 02:10:00;2.7;1022.9;81;-0.2;0;;;;
000EW;2025-02-14 02:20:00;2.7;1022.9;83;0.1;0;;;;
000EW;2025-02-14 02:30:00;2.5;1023;83;-0.1;0;;;;
000EW;2025-02-14 02:40:00;2.3;1023;82;-0.5;0;;;;
000EW;2025-02-14 02:50:00;2.2;1023;82;-0.6;0;;;;
000EW;2025-02-14 03:00:00;2.2;1022.9;82;-0.6;0;;;0;0
000EW;2025-02-14 03:10:00;2.1;1022.9;82;-0.7;0;;;;
000EW;2025-02-14 03:20:00;1.9;1023;81;-1;0;;;;
000EW;2025-02-14 03:30:00;1.8;1023.1;82;-1;0;;;;
000EW;2025-02-14 03:40:00;1.6;1023;83;-1;0;;;;
000EW;2025-02-14 03:50:00;1.3;1023;84;-1.1;0;;;;
000EW;2025-02-14 04:00:00;1.2;1023.1;84;-1.2;0;;;0;0
000EW;2025-02-14 04:10:00;1.1;1023.3;84;-1.3;0;;;;
000EW;2025-02-14 04:20:00;0.9;1023.4;84;-1.5;0;;;;
000EW;2025-02-14 04:30:00;0.8;1023.5;83;-1.8;0;;;;
000EW;2025-02-14 04:40:00;0.8;1023.5;83;-1.8;0;;;;
000EW;2025-02-14 04:50:00;0.7;1023.6;83;-1.9;0;;;;
000EW;2025-02-14 05:00:00;0.6;1023.7;83;-1.9;0;;;0;0
000EW;2025-02-14 05:10:00;0.6;1023.7;84;-1.8;0;;;;
000EW;2025-02-14 05:20:00;0.4;1023.8;84;-1.9;0;;;;
000EW;2025-02-14 05:30:00;0.4;1023.8;84;-2;0;;;;
000EW;2025-02-14 05:40:00;0.3;1023.9;84;-2;0;;;;
000EW;2025-02-14 05:50:00;0.3;1024;85;-1.9;0;;;;
000EW;2025-02-14 06:00:00;0.2;1024;85;-2;0;;;0;0
000EW;2025-02-14 06:10:00;0.2;1024;85;-2.1;0;;;;
000EW;2025-02-14 06:20:00;0.2;1024.1;85;-2.1;0;;;;
000EW;2025-02-14 06:30:00;0.1;1024.1;85;-2.2;0;;;;
000EW;2025-02-14 06:40:00;0;1024.1;85;-2.2;0;;;;
000EW;2025-02-14 06:50:00;0;1024.2;85;-2.2;0;;;;
000EW;2025-02-14 07:00:00;-0.1;1024.3;86;-2.1;0;;;0;0
000EW;2025-02-14 07:10:00;-0.1;1024.3;86;-2.1;0;;;;
000EW;2025-02-14 07:20:00;-0.1;1024.5;85;-2.3;0;;;;
000EW;2025-02-14 07:30:00;-0.1;1024.7;85;-2.3;0;;;;
000EW;2025-02-14 07:40:00;0;1024.7;86;-2.1;0;;;;
000EW;2025-02-14 07:50:00;0.1;1024.7;85;-2.2;0;;;;
000EW;2025-02-14 08:00:00;0.2;1025;85;-2.1;0;;;0;0
000EW;2025-02-14 08:10:00;0.3;1025;84;-2.1;0;;;;
000EW;2025-02-14 08:20:00;0.4;1025;84;-2;0;;;;
000EW;2025-02-14 08:30:00;0.6;1025;83;-2;0;;;;
000EW;2025-02-14 08:40:00;0.8;1025;82;-1.9;0;;;;
000EW;2025-02-14 08:50:00;0.9;1025;81;-2;0;;;;
000EW;2025-02-14 09:00:00;1.2;1025.1;80;-1.8;0;;;0;0
000EW;2025-02-14 09:10:00;1.4;1025.2;79;-1.8;0;;;;
000EW;2025-02-14 09:20:00;1.4;1025.3;78;-2;0;;;;
000EW;2025-02-14 09:30:00;1.4;1025.3;78;-2;0;;;;
000EW;2025-02-14 09:40:00;1.6;1025.3;77;-2;0;;;;
000EW;2025-02-14 09:50:00;1.7;1025.3;78;-1.7;0;;;;
000EW;2025-02-14 10:00:00;2;1025.5;75;-2;0;;;0;0
000EW;2025-02-14 10:10:00;2.3;1025.5;74;-1.8;0;;;;
000EW;2025-02-14 10:20:00;2.3;1025.5;72;-2.2;0;;;;
000EW;2025-02-14 10:30:00;2.3;1025.5;72;-2.2;0;;;;
000EW;2025-02-14 10:40:00;2.6;1025.5;71;-2.2;0;;;;
000EW;2025-02-14 10:50:00;2.8;1025.5;70;-2.1;0;;;;
000EW;2025-02-14 11:00:00;3;1025.5;70;-1.9;0;;;0;0
000EW;2025-02-14 11:10:00;3.4;1025.5;68;-1.9;0;;;;
000EW;2025-02-14 11:20:00;3.6;1025.4;66;-2.2;0;;;;
000EW;2025-02-14 11:30:00;3.3;1025.4;67;-2.3;0;;;;
000EW;2025-02-14 11:40:00;3.7;1025.3;65;-2.3;0;;;;
000EW;2025-02-14 11:50:00;3.9;1025.2;64;-2.3;0;;;;
000EW;2025-02-14 12:00:00;4.1;1025.1;63;-2.3;0;;;0;0
000EW;2025-02-14 12:10:00;4.1;1025;63;-2.3;0;;;;
000EW;2025-02-14 12:20:00;4.2;1024.9;63;-2.2;0;;;;
000EW;2025-02-14 12:30:00;4.4;1024.8;62;-2.2;0;;;;
000EW;2025-02-14 12:40:00;4.6;1024.8;61;-2.3;0;;;;
000EW;2025-02-14 12:50:00;4.8;1024.7;61;-2;0;;;;
000EW;2025-02-14 13:00:00;5.2;1024.6;58;-2.4;0;;;0;0
000EW;2025-02-14 13:10:00;5.1;1024.5;60;-2;0;;;;
000EW;2025-02-14 13:20:00;4.8;1024.3;61;-2;0;;;;
000EW;2025-02-14 13:30:00;4.8;1024.2;61;-2;0;;;;
000EW;2025-02-14 13:40:00;4.9;1024.1;61;-1.9;0;;;;
000EW;2025-02-14 13:50:00;5.1;1024.1;61;-1.8;0;;;;
000EW;2025-02-14 14:00:00;5.3;1024.1;60;-1.9;0;;;0;0
000EW;2025-02-14 14:10:00;5.2;1024;60;-1.9;0;;;;
000EW;2025-02-14 14:20:00;5.5;1023.8;58;-2.1;0;;;;
000EW;2025-02-14 14:30:00;5.7;1023.8;58;-1.9;0;;;;
000EW;2025-02-14 14:40:00;5.8;1023.8;58;-1.8;0;;;;
000EW;2025-02-14 14:50:00;5.9;1023.8;57;-2;0;;;;
000EW;2025-02-14 15:00:00;5.9;1023.8;56;-2.2;0;;;0;0
000EW;2025-02-14 15:10:00;5.8;1023.9;56;-2.3;0;;;;
000EW;2025-02-14 15:20:00;5.8;1023.8;56;-2.3;0;;;;
000EW;2025-02-14 15:30:00;5.8;1023.8;55;-2.5;0;;;;
000EW;2025-02-14 15:40:00;5.8;1023.9;57;-2;0;;;;
000EW;2025-02-14 15:50:00;5.6;1023.9;57;-2.2;0;;;;
000EW;2025-02-14 16:00:00;5.6;1023.8;58;-2.1;0;;;0;0
000EW;2025-02-14 16:10:00;5.4;1023.9;57;-2.4;0;;;;
000EW;2025-02-14 16:20:00;5.6;1023.8;56;-2.5;0;;;;
000EW;2025-02-14 16:30:00;5.6;1023.8;55;-2.8;0;;;;
000EW;2025-02-14 16:40:00;5.3;1023.9;56;-2.8;0;;;;
000EW;2025-02-14 16:50:00;5.1;1024;58;-2.5;0;;;;
000EW;2025-02-14 17:00:00;4.9;1024.1;59;-2.4;0;;;0;0
000EW;2025-02-14 17:10:00;4.8;1024.2;62;-1.8;0;;;;
000EW;2025-02-14 17:20:00;4.7;1024.3;63;-1.7;0;;;;
000EW;2025-02-14 17:30:00;4.6;1024.3;64;-1.7;0;;;;
000EW;2025-02-14 17:40:00;4.4;1024.5;65;-1.6;0;;;;
000EW;2025-02-14 17:50:00;4.3;1024.5;66;-1.5;0;;;;
000EW;2025-02-14 18:00:00;4.2;1024.5;66;-1.6;0;;;0;0
000EW;2025-02-14 18:10:00;4.2;1024.7;67;-1.4;0;;;;
000EW;2025-02-14 18:20:00;4.1;1024.9;67;-1.5;0;;;;
000EW;2025-02-14 18:30:00;4;1024.9;68;-1.4;0;;;;
000EW;2025-02-14 18:40:00;3.9;1025;68;-1.4;0;;;;
000EW;2025-02-14 18:50:00;3.9;1025.2;68;-1.4;0;;;;
000EW;2025-02-14 19:00:00;3.8;1025.4;68;-1.5;0;;;0;0
000EW;2025-02-14 19:10:00;3.8;1025.5;68;-1.6;0;;;;
000EW;2025-02-14 19:20:00;3.7;1025.5;68;-1.6;0;;;;
000EW;2025-02-14 19:30:00;3.7;1025.5;68;-1.6;0;;;;
000EW;2025-02-14 19:40:00;3.7;1025.6;68;-1.7;0;;;;
000EW;2025-02-14 19:50:00;3.6;1025.7;68;-1.7;0;;;;
000EW;2025-02-14 20:00:00;3.5;1025.8;69;-1.6;0;;;0;0
000EW;2025-02-14 20:10:00;3.4;1025.7;69;-1.7;0;;;;
000EW;2025-02-14 20:20:00;3.4;1025.6;69;-1.7;0;;;;
000EW;2025-02-14 20:30:00;3.3;1025.4;70;-1.6;0;;;;
000EW;2025-02-14 20:40:00;3.2;1025.4;70;-1.7;0;;;;
000EW;2025-02-14 20:50:00;3.1;1025.4;71;-1.7;0;;;;
000EW;2025-02-14 21:00:00;2.9;1025.4;71;-1.8;0;;;0;0
000EW;2025-02-14 21:10:00;2.7;1025.4;71;-2;0;;;;
000EW;2025-02-14 21:20:00;2.6;1025.2;72;-2;0;;;;
000EW;2025-02-14 21:30:00;2.4;1025;72;-2.1;0;;;;
000EW;2025-02-14 21:40:00;2.3;1024.9;72;-2.2;0;;;;
000EW;2025-02-14 21:50:00;2.2;1024.8;73;-2.1;0;;;;
000EW;2025-02-14 22:00:00;2.1;1024.7;73;-2.3;0;;;0;0
000EW;2025-02-14 22:10:00;1.9;1024.7;73;-2.4;0;;;;
000EW;2025-02-14 22:20:00;1.8;1024.4;74;-2.3;0;;;;
000EW;2025-02-14 22:30:00;1.7;1024.4;74;-2.4;0;;;;
000EW;2025-02-14 22:40:00;1.7;1024.2;74;-2.5;0;;;;
000EW;2025-02-14 22:50:00;1.6;1024.1;75;-2.3;0;;;;
000EW;2025-02-14 23:00:00;1.6;1024.1;75;-2.4;0;;;0;0
000EW;2025-02-14 23:10:00;1.5;1024.2;75;-2.4;0;;;;
000EW;2025-02-14 23:20:00;1.4;1024.2;75;-2.5;0;;;;
000EW;2025-02-14 23:30:00;1.4;1024.3;75;-2.6;0;;;;
000EW;2025-02-14 23:40:00;1.3;1024.3;75;-2.6;0;;;;
000EW;2025-02-14 23:50:00;1.3;1024.4;76;-2.4;0;;;;
000EW;2025-02-15 00:00:00;1.3;1024.4;76;-2.5;0;;;0;0
000EW;2025-02-15 00:10:00;1.2;1024.3;76;-2.5;0;;;;
000EW;2025-02-15 00:20:00;1.2;1024.2;76;-2.6;0;;;;
000EW;2025-02-15 00:30:00;1.2;1024.1;76;-2.6;0;;;;
000EW;2025-02-15 00:40:00;1.1;1024.1;76;-2.7;0;;;;
000EW;2025-02-15 00:50:00;1;1024;77;-2.6;0;;;;
000EW;2025-02-15 01:00:00;1;1023.9;77;-2.6;0;;;0;0
000EW;2025-02-15 01:10:00;0.9;1023.8;77;-2.6;0;;;;
000EW;2025-02-15 01:20:00;0.8;1023.7;77;-2.7;0;;;;
000EW;2025-02-15 01:30:00;0.8;1023.9;77;-2.7;0;;;;
000EW;2025-02-15 01:40:00;0.8;1023.9;77;-2.7;0;;;;
000EW;2025-02-15 01:50:00;0.8;1023.9;77;-2.7;0;;;;
000EW;2025-02-15 02:00:00;0.8;1023.9;77;-2.7;0;;;0;0
000EW;2025-02-15 02:10:00;0.8;1023.8;77;-2.7;0;;;;
000EW;2025-02-15 02:20:00;0.8;1023.7;77;-2.7;0;;;;
000EW;2025-02-15 02:30:00;0.8;1023.7;78;-2.6;0;;;;
000EW;2025-02-15 02:40:00;0.8;1023.6;78;-2.6;0;;;;
000EW;2025-02-15 02:50:00;0.8;1023.4;78;-2.6;0;;;;
000EW;2025-02-15 03:00:00;0.7;1023.3;78;-2.7;0;;;0;0
000EW;2025-02-15 03:10:00;0.7;1023.3;78;-2.7;0;;;;
000EW;2025-02-15 03:20:00;0.7;1023.3;78;-2.7;0;;;;
000EW;2025-02-15 03:30:00;0.7;1023.3;78;-2.7;0;;;;
000EW;2025-02-15 03:40:00;0.7;1023.1;78;-2.7;0;;;;
000EW;2025-02-15 03:50:00;0.7;1023.2;78;-2.7;0;;;;
000EW;2025-02-15 04:00:00;0.6;1023.1;78;-2.8;0;;;0;0
000EW;2025-02-15 04:10:00;0.6;1022.9;78;-2.8;0;;;;
000EW;2025-02-15 04:20:00;0.5;1022.8;78;-2.9;0;;;;
000EW;2025-02-15 04:30:00;0.4;1022.7;78;-2.9;0;;;;
000EW;2025-02-15 04:40:00;0.4;1022.6;78;-2.9;0;;;;
000EW;2025-02-15 04:50:00;0.4;1022.5;79;-2.8;0;;;;
000EW;2025-02-15 05:00:00;0.3;1022.3;79;-2.9;0;;;0;0
000EW;2025-02-15 05:10:00;0.3;1022.2;79;-2.9;0;;;;
000EW;2025-02-15 05:20:00;0.3;1022;79;-2.9;0;;;;
000EW;2025-02-15 05:30:00;0.2;1022;79;-3;0;;;;
000EW;2025-02-15 05:40:00;0.1;1021.8;80;-2.9;0;;;;
000EW;2025-02-15 05:50:00;0.1;1021.9;80;-3;0;;;;
000EW;2025-02-15 06:00:00;-0.1;1022.1;81;-2.9;0;;;0;0
000EW;2025-02-15 06:10:00;-0.1;1022.6;81;-3;0;;;;
000EW;2025-02-15 06:20:00;-0.2;1022.9;81;-3;0;;;;
000EW;2025-02-15 06:30:00;-0.1;1022.4;81;-2.9;0;;;;
000EW;2025-02-15 06:40:00;0;1022.3;81;-2.9;0;;;;
000EW;2025-02-15 06:50:00;0.1;1022.1;81;-2.8;0;;;;
000EW;2025-02-15 07:00:00;-0.1;1021.9;81;-2.9;0;;;0;0
000EW;2025-02-15 07:10:00;-0.1;1022;81;-2.9;0;;;;
000EW;2025-02-15 07:20:00;-0.1;1022.1;81;-2.9;0;;;;
000EW;2025-02-15 07:30:00;-0.1;1022.2;81;-2.9;0;;;;
000EW;2025-02-15 07:40:00;0.1;1022.1;81;-2.8;0;;;;
000EW;2025-02-15 07:50:00;0.3;1022.1;80;-2.8;0;;;;
000EW;2025-02-15 08:00:00;0.6;1022.2;79;-2.6;0;;;0;0
000EW;2025-02-15 08:10:00;0.7;1022.2;78;-2.7;0;;;;
000EW;2025-02-15 08:20:00;0.7;1022.2;78;-2.7;0;;;;
000EW;2025-02-15 08:30:00;0.7;1022.1;78;-2.7;0;;;;
000EW;2025-02-15 08:40:00;0.6;1022.1;78;-2.8;0;;;;
000EW;2025-02-15 08:50:00;0.7;1022;78;-2.7;0;;;;
000EW;2025-02-15 09:00:00;0.7;1022;78;-2.7;0;;;0;0
000EW;2025-02-15 09:10:00;0.8;1022;78;-2.6;0;;;;
000EW;2025-02-15 09:20:00;1;1021.9;77;-2.6;0;;;;
000EW;2025-02-15 09:30:00;1.3;1021.8;76;-2.5;0;;;;
000EW;2025-02-15 09:40:00;1.4;1021.7;75;-2.5;0;;;;
000EW;2025-02-15 09:50:00;1.5;1021.6;74;-2.6;0;;;;
000EW;2025-02-15 10:00:00;1.6;1021.6;74;-2.6;0;;;0;0
000EW;2025-02-15 10:10:00;1.7;1021.4;73;-2.6;0;;;;
000EW;2025-02-15 10:20:00;1.9;1021.2;72;-2.6;0;;;;
000EW;2025-02-15 10:30:00;2.2;1021.1;71;-2.5;0.8;;135;;
000EW;2025-02-15 10:40:00;2.4;1021;71;-2.3;0;;;;
000EW;2025-02-15 10:50:00;2.6;1020.9;70;-2.4;0.8;;158;;
000EW;2025-02-15 11:00:00;2.7;1020.7;69;-2.4;0;;;0;0
000EW;2025-02-15 11:10:00;3;1020.7;68;-2.3;0;;;;
000EW;2025-02-15 11:20:00;3.2;1020.5;66;-2.6;0.8;;180;;
000EW;2025-02-15 11:30:00;3.2;1020.4;66;-2.5;1.6;;146;;
000EW;2025-02-15 11:40:00;3.1;1020.4;66;-2.7;0;;;;
000EW;2025-02-15 11:50:00;3.3;1020.4;67;-2.2;0.8;;158;;
000EW;2025-02-15 12:00:00;3.4;1020.1;66;-2.3;0;;;0;0
000EW;2025-02-15 12:10:00;3.4;1019.9;66;-2.3;0;;;;
000EW;2025-02-15 12:20:00;3.4;1019.8;67;-2.1;0;;;;
000EW;2025-02-15 12:30:00;3.8;1019.6;67;-1.8;0;;;;
000EW;2025-02-15 12:40:00;4.2;1019.4;64;-2;0;;;;
000EW;2025-02-15 12:50:00;4.2;1019.3;63;-2.2;0;;;;
000EW;2025-02-15 13:00:00;4.2;1019.1;63;-2.2;0.8;;135;0;0
000EW;2025-02-15 13:10:00;4.3;1019;63;-2.1;0;;;;
000EW;2025-02-15 13:20:00;4.2;1019;65;-1.8;0;;;;
000EW;2025-02-15 13:30:00;4.3;1019;66;-1.5;0;;;;
000EW;2025-02-15 13:40:00;4.3;1018.8;65;-1.7;0;;;;
000EW;2025-02-15 13:50:00;4.4;1018.7;65;-1.6;0;;;;
000EW;2025-02-15 14:00:00;4.3;1018.6;65;-1.7;0;;;0;0
000EW;2025-02-15 14:10:00;4.4;1018.6;65;-1.6;0;;;;
000EW;2025-02-15 14:20:00;4.4;1018.4;64;-1.8;0;;;;
000EW;2025-02-15 14:30:00;4.5;1018.3;64;-1.7;0;;;;
000EW;2025-02-15 14:40:00;4.7;1018.3;64;-1.6;0;;;;
000EW;2025-02-15 14:50:00;4.7;1018.3;64;-1.5;0;;;;
000EW;2025-02-15 15:00:00;4.6;1018.1;64;-1.6;0;;;0;0
000EW;2025-02-15 15:10:00;4.7;1018.1;65;-1.3;0;;;;
000EW;2025-02-15 15:20:00;4.6;1018.1;67;-1;0;;;;
000EW;2025-02-15 15:30:00;4.4;1018;68;-1;0;;;;
000EW;2025-02-15 15:40:00;4.4;1018;68;-1;0;;;;
000EW;2025-02-15 15:50:00;4.3;1018;68;-1;0;;;;
000EW;2025-02-15 16:00:00;4.2;1017.9;69;-1;0.8;;0;0;0
000EW;2025-02-15 16:10:00;4.3;1018.1;69;-0.9;0;;;;
000EW;2025-02-15 16:20:00;4.2;1018.2;70;-0.8;0;;;;
000EW;2025-02-15 16:30:00;4.1;1018.1;70;-0.9;0;;;;
000EW;2025-02-15 16:40:00;4;1017.9;70;-1;0;;;;
000EW;2025-02-15 16:50:00;3.9;1018.2;71;-0.8;0;;;;
000EW;2025-02-15 17:00:00;3.8;1018.2;72;-0.7;0;;;0;0
000EW;2025-02-15 17:10:00;3.8;1018.3;72;-0.7;0;;;;
000EW;2025-02-15 17:20:00;3.8;1018.2;72;-0.8;0;;;;
000EW;2025-02-15 17:30:00;3.8;1018;72;-0.8;0;;;;
000EW;2025-02-15 17:40:00;3.7;1017.8;73;-0.7;0;;;;
000EW;2025-02-15 17:50:00;3.7;1017.9;73;-0.7;0;;;;
000EW;2025-02-15 18:00:00;3.6;1017.9;73;-0.8;0;;;0;0
000EW;2025-02-15 18:10:00;3.5;1017.8;73;-0.9;0;;;;
000EW;2025-02-15 18:20:00;3.4;1018;73;-0.9;0;;;;
000EW;2025-02-15 18:30:00;3.3;1017.9;74;-0.9;0;;;;
000EW;2025-02-15 18:40:00;3.3;1017.4;74;-0.9;0;;;;
000EW;2025-02-15 18:50:00;3.3;1017.6;75;-0.7;0;;;;
000EW;2025-02-15 19:00:00;3.2;1017.5;75;-0.8;0.8;;23;0;0
000EW;2025-02-15 19:10:00;3.2;1017.5;75;-0.8;0;;;;
000EW;2025-02-15 19:20:00;3.1;1017.6;76;-0.8;0;;;;
000EW;2025-02-15 19:30:00;2.9;1017.7;76;-0.9;0;;;;
000EW;2025-02-15 19:40:00;2.9;1017.5;76;-0.9;0;;;;
000EW;2025-02-15 19:50:00;2.9;1017.2;77;-0.7;0;;;;
000EW;2025-02-15 20:00:00;2.8;1017.1;77;-0.8;0;;;0;0
000EW;2025-02-15 20:10:00;2.7;1017.2;77;-0.9;0;;;;
000EW;2025-02-15 20:20:00;2.6;1016.8;77;-1;0.8;;23;;
000EW;2025-02-15 20:30:00;2.6;1017;77;-1.1;0;;;;
000EW;2025-02-15 20:40:00;2.5;1016.9;77;-1.1;0;;;;
000EW;2025-02-15 20:50:00;2.4;1016.9;77;-1.2;0;;;;
000EW;2025-02-15 21:00:00;2.4;1016.8;77;-1.2;0;;;0;0
000EW;2025-02-15 21:10:00;2.4;1016.8;77;-1.2;0;;;;
000EW;2025-02-15 21:20:00;2.3;1016.9;78;-1.1;0;;;;
000EW;2025-02-15 21:30:00;2.3;1016.8;78;-1.1;0;;;;
000EW;2025-02-15 21:40:00;2.3;1017;78;-1.2;0;;;;
000EW;2025-02-15 21:50:00;2.2;1016.8;78;-1.2;0;;;;
000EW;2025-02-15 22:00:00;2.2;1016.6;78;-1.2;0;;;0;0
000EW;2025-02-15 22:10:00;2.2;1016.6;78;-1.2;0;;;;
000EW;2025-02-15 22:20:00;2.2;1016.6;78;-1.2;0;;;;
000EW;2025-02-15 22:30:00;2.3;1016.8;78;-1.2;0;;;;
000EW;2025-02-15 22:40:00;2.3;1017;78;-1.1;0;;;;
000EW;2025-02-15 22:50:00;2.4;1016.9;78;-1;0;;;;
000EW;2025-02-15 23:00:00;2.4;1016.8;77;-1.2;0;;;0;0
000EW;2025-02-15 23:10:00;2.4;1016.7;78;-1;0;;;;
000EW;2025-02-15 23:20:00;2.3;1016.7;78;-1.2;0;;;;
000EW;2025-02-15 23:30:00;2.1;1016.6;79;-1.1;0.8;;23;;
000EW;2025-02-15 23:40:00;2;1016.6;79;-1.3;0;;;;
000EW;2025-02-15 23:50:00;2;1016.5;80;-1.1;0;;;;
000EW;2025-02-16 00:00:00;2;1016.5;80;-1.1;0;;;0;0
000EW;2025-02-16 00:10:00;2;1016.5;80;-1.1;0;;;;
000EW;2025-02-16 00:20:00;2;1016.6;80;-1.1;0;;;;
000EW;2025-02-16 00:30:00;2;1016.6;80;-1.1;0;;;;
000EW;2025-02-16 00:40:00;1.9;1016.8;80;-1.1;0;;;;
000EW;2025-02-16 00:50:00;1.9;1016.7;80;-1.1;0;;;;
000EW;2025-02-16 01:00:00;1.9;1016.6;80;-1.1;0;;;0;0
000EW;2025-02-16 01:10:00;1.9;1016.7;81;-1;0;;;;
000EW;2025-02-16 01:20:00;1.9;1016.6;81;-1;0;;;;
000EW;2025-02-16 01:30:00;1.9;1016.7;81;-1;0;;;;
000EW;2025-02-16 01:40:00;1.9;1016.7;81;-1;0;;;;
000EW;2025-02-16 01:50:00;1.9;1016.6;81;-1;0;;;;
000EW;2025-02-16 02:00:00;1.9;1016.4;81;-1;0;;;0;0
000EW;2025-02-16 02:10:00;1.9;1016.3;81;-1;0;;;;
000EW;2025-02-16 02:20:00;1.8;1016.2;81;-1.1;0;;;;
000EW;2025-02-16 02:30:00;1.8;1016.1;81;-1.1;0;;;;
000EW;2025-02-16 02:40:00;1.8;1016;81;-1.1;0;;;;
000EW;2025-02-16 02:50:00;1.7;1015.9;81;-1.2;0;;;;
000EW;2025-02-16 03:00:00;1.7;1015.8;81;-1.2;0;;;0;0
000EW;2025-02-16 03:10:00;1.6;1015.7;82;-1.1;0;;;;
000EW;2025-02-16 03:20:00;1.6;1015.6;82;-1.2;0;;;;
000EW;2025-02-16 03:30:00;1.6;1015.6;82;-1.2;0;;;;
000EW;2025-02-16 03:40:00;1.5;1015.7;82;-1.2;0;;;;
000EW;2025-02-16 03:50:00;1.4;1015.7;82;-1.3;0;;;;
000EW;2025-02-16 04:00:00;1.4;1016;83;-1.1;0;;;0;0
000EW;2025-02-16 04:10:00;1.4;1016;83;-1.1;0;;;;
000EW;2025-02-16 04:20:00;1.4;1016.1;83;-1.2;0;;;;
000EW;2025-02-16 04:30:00;1.3;1016.1;83;-1.2;0;;;;
000EW;2025-02-16 04:40:00;1.2;1016.1;83;-1.3;0;;;;
000EW;2025-02-16 04:50:00;1.1;1016;84;-1.3;0;;;;
000EW;2025-02-16 05:00:00;1.1;1016;84;-1.3;0;;;0;0
000EW;2025-02-16 05:10:00;1.1;1016;84;-1.3;0;;;;
000EW;2025-02-16 05:20:00;1;1016;84;-1.4;0;;;;
000EW;2025-02-16 05:30:00;1;1016;84;-1.4;0;;;;
000EW;2025-02-16 05:40:00;1;1016;84;-1.4;0;;;;
000EW;2025-02-16 05:50:00;1;1016;84;-1.4;0;;;;
000EW;2025-02-16 06:00:00;1.1;1016;84;-1.3;0;;;0;0
000EW;2025-02-16 06:10:00;1.1;1016.1;84;-1.3;0;;;;
000EW;2025-02-16 06:20:00;1;1016.1;84;-1.4;0;;;;
000EW;2025-02-16 06:30:00;1;1016.2;84;-1.4;0;;;;
000EW;2025-02-16 06:40:00;0.9;1016.3;84;-1.5;0;;;;
000EW;2025-02-16 06:50:00;0.9;1016.4;84;-1.5;0;;;;
000EW;2025-02-16 07:00:00;0.8;1016.4;84;-1.6;0;;;0;0
000EW;2025-02-16 07:10:00;0.8;1016.5;84;-1.6;0;;;;
000EW;2025-02-16 07:20:00;0.8;1016.5;84;-1.6;0;;;;
000EW;2025-02-16 07:30:00;0.8;1016.6;85;-1.4;0;;;;
000EW;2025-02-16 07:40:00;0.9;1016.8;84;-1.5;0;;;;
000EW;2025-02-16 07:50:00;0.9;1016.8;84;-1.5;0;;;;
000EW;2025-02-16 08:00:00;0.9;1016.9;84;-1.5;0;;;0;0
000EW;2025-02-16 08:10:00;1;1016.9;84;-1.4;0;;;;
000EW;2025-02-16 08:20:00;1.1;1016.9;84;-1.3;0;;;;
000EW;2025-02-16 08:30:00;1.2;1016.8;83;-1.3;0;;;;
000EW;2025-02-16 08:40:00;1.4;1016.6;83;-1.1;0;;;;
000EW;2025-02-16 08:50:00;1.7;1016.7;82;-1;0;;;;
000EW;2025-02-16 09:00:00;1.9;1016.7;80;-1.1;0;;;0;0
000EW;2025-02-16 09:10:00;2.2;1016.6;80;-0.9;0;;;;
000EW;2025-02-16 09:20:00;2.3;1016.7;79;-1;0;;;;
000EW;2025-02-16 09:30:00;2.5;1016.8;78;-0.9;0;;;;
000EW;2025-02-16 09:40:00;2.7;1016.9;78;-0.8;0;;;;
000EW;2025-02-16 09:50:00;2.8;1017;77;-0.8;0;;;;
000EW;2025-02-16 10:00:00;2.9;1017.1;77;-0.7;0.8;;0;0;0
000EW;2025-02-16 10:10:00;3.1;1017.2;76;-0.8;0;;;;
000EW;2025-02-16 10:20:00;3.2;1017.3;76;-0.6;0.8;;0;;
000EW;2025-02-16 10:30:00;3.4;1017.4;75;-0.6;1.6;;45;;
000EW;2025-02-16 10:40:00;3.6;1017.4;74;-0.6;0;;;;
000EW;2025-02-16 10:50:00;3.6;1017.4;74;-0.6;0.8;;0;;
000EW;2025-02-16 11:00:00;3.8;1017.2;73;-0.6;0;;;0;0
000EW;2025-02-16 11:10:00;4.1;1017.3;72;-0.5;0;;;;
000EW;2025-02-16 11:20:00;4.5;1017.3;71;-0.3;0;;;;
000EW;2025-02-16 11:30:00;4.5;1017.3;70;-0.5;0.8;;45;;
000EW;2025-02-16 11:40:00;4.7;1017.3;69;-0.5;0;;;;
000EW;2025-02-16 11:50:00;4.7;1017.3;68;-0.7;0;;;;
000EW;2025-02-16 12:00:00;4.9;1017.2;68;-0.5;0.8;;0;0;0
000EW;2025-02-16 12:10:00;5.1;1017.2;67;-0.6;0.8;;23;;
000EW;2025-02-16 12:20:00;5.1;1017.1;68;-0.4;0;;;;
000EW;2025-02-16 12:30:00;5;1017;68;-0.4;0.8;;0;;
000EW;2025-02-16 12:40:00;5;1016.9;70;-0;0;;;;
000EW;2025-02-16 12:50:00;5.2;1016.9;68;-0.2;2.4;;0;;
000EW;2025-02-16 13:00:00;5.5;1016.9;68;0.1;2.4;;0;0;0
000EW;2025-02-16 13:10:00;5.5;1016.7;67;-0.1;2.4;;0;;
000EW;2025-02-16 13:20:00;5.7;1016.9;67;0.1;1.6;;11;;
000EW;2025-02-16 13:30:00;5.9;1016.8;65;-0.2;0.8;;68;;
000EW;2025-02-16 13:40:00;6;1016.8;65;-0.1;0.8;;135;;
000EW;2025-02-16 13:50:00;5.9;1016.8;65;-0.2;1.6;;34;;
000EW;2025-02-16 14:00:00;5.9;1016.7;65;-0.1;0;;;0;0
000EW;2025-02-16 14:10:00;6.1;1016.8;65;0;0.8;;0;;
000EW;2025-02-16 14:20:00;6.2;1016.9;65;0.1;0.8;;23;;
000EW;2025-02-16 14:30:00;6.3;1016.9;66;0.4;0.8;;68;;
000EW;2025-02-16 14:40:00;6.2;1016.9;66;0.3;0.8;;90;;
000EW;2025-02-16 14:50:00;6.5;1016.9;65;0.4;0.8;;0;;
000EW;2025-02-16 15:00:00;6.4;1016.9;66;0.6;0;;;0;0
000EW;2025-02-16 15:10:00;6.6;1016.9;66;0.7;0.8;;45;;
000EW;2025-02-16 15:20:00;6.6;1016.9;66;0.7;0;;;;
000EW;2025-02-16 15:30:00;6.5;1016.9;66;0.6;0;;;;
000EW;2025-02-16 15:40:00;6.5;1017;66;0.6;0.8;;90;;
000EW;2025-02-16 15:50:00;6.4;1017;67;0.8;1.6;;90;;
000EW;2025-02-16 16:00:00;6.4;1017.1;67;0.7;0.8;;23;0;0
000EW;2025-02-16 16:10:00;6.3;1017.2;68;0.8;0.8;;0;;
000EW;2025-02-16 16:20:00;6.1;1017.2;69;0.9;1.6;;0;;
000EW;2025-02-16 16:30:00;6;1017.2;69;0.7;4;;0;;
000EW;2025-02-16 16:40:00;6;1017.3;69;0.7;2.4;;11;;
000EW;2025-02-16 16:50:00;5.9;1017.2;70;0.8;4;;23;;
000EW;2025-02-16 17:00:00;5.8;1017.3;70;0.8;4.8;;23;0;0
000EW;2025-02-16 17:10:00;5.8;1017.5;70;0.7;0.8;;23;;
000EW;2025-02-16 17:20:00;5.7;1017.6;71;0.8;2.4;;45;;
000EW;2025-02-16 17:30:00;5.6;1017.7;71;0.7;2.4;;360;;
000EW;2025-02-16 17:40:00;5.4;1017.9;72;0.8;3.2;;45;;
000EW;2025-02-16 17:50:00;5.3;1018;73;0.9;4;;45;;
000EW;2025-02-16 18:00:00;5.3;1018;73;0.8;3.2;;0;0;0
000EW;2025-02-16 18:10:00;5.2;1018.2;73;0.8;1.6;;45;;
000EW;2025-02-16 18:20:00;5.2;1018.3;74;0.9;2.4;;45;;
000EW;2025-02-16 18:30:00;5.1;1018.4;74;0.8;1.6;;56;;
000EW;2025-02-16 18:40:00;5;1018.5;74;0.8;1.6;;23;;
000EW;2025-02-16 18:50:00;4.9;1018.3;75;0.8;1.6;;0;;
000EW;2025-02-16 19:00:00;4.8;1018.4;75;0.7;0;;;0;0
000EW;2025-02-16 19:10:00;4.7;1018.4;76;0.8;4;;0;;
000EW;2025-02-16 19:20:00;4.6;1018.4;76;0.7;0;;;;
000EW;2025-02-16 19:30:00;4.6;1018.4;76;0.7;0.8;;338;;
000EW;2025-02-16 19:40:00;4.4;1018.5;77;0.8;0;;;;
000EW;2025-02-16 19:50:00;4.2;1018.5;78;0.7;0;;;;
000EW;2025-02-16 20:00:00;4.1;1018.6;78;0.6;0.8;;0;0;0
000EW;2025-02-16 20:10:00;3.9;1018.6;79;0.6;0.8;;0;;
000EW;2025-02-16 20:20:00;3.9;1018.7;79;0.6;0;;;;
000EW;2025-02-16 20:30:00;3.8;1018.6;79;0.5;0;;;;
000EW;2025-02-16 20:40:00;3.8;1018.6;79;0.5;0;;;;
000EW;2025-02-16 20:50:00;3.8;1018.7;79;0.5;0;;;;
000EW;2025-02-16 21:00:00;3.7;1018.6;79;0.4;0;;;0;0
000EW;2025-02-16 21:10:00;3.6;1018.7;79;0.3;0;;;;
000EW;2025-02-16 21:20:00;3.4;1018.8;80;0.3;0.8;;46;;
000EW;2025-02-16 21:30:00;3.3;1018.9;80;0.2;0.8;;45;;
000EW;2025-02-16 21:40:00;3.3;1019;80;0.2;0;;;;
000EW;2025-02-16 21:50:00;3.3;1019.1;80;0.2;0;;;;
000EW;2025-02-16 22:00:00;3.3;1019.1;80;0.2;0;;;0;0
000EW;2025-02-16 22:10:00;3.3;1019;80;0.2;0;;;;
000EW;2025-02-16 22:20:00;3.2;1019.1;80;0.1;0;;;;
000EW;2025-02-16 22:30:00;3.2;1019;80;0.1;0;;;;
000EW;2025-02-16 22:40:00;3.1;1019;79;-0.2;0;;;;
000EW;2025-02-16 22:50:00;3.1;1019.1;79;-0.2;0;;;;
000EW;2025-02-16 23:00:00;2.9;1019;79;-0.3;0;;;0;0
000EW;2025-02-16 23:10:00;2.8;1019.1;79;-0.4;0;;;;
000EW;2025-02-16 23:20:00;2.7;1019.1;79;-0.6;1.6;;0;;
000EW;2025-02-16 23:30:00;2.7;1019;79;-0.6;0.8;;0;;
000EW;2025-02-16 23:40:00;2.6;1019;79;-0.7;0;;;;
000EW;2025-02-16 23:50:00;2.5;1019;79;-0.8;0;;;;
000EW;2025-02-17 00:00:00;2.4;1019;79;-0.9;0;;;0;0
000EW;2025-02-17 00:10:00;2.3;1018.9;80;-0.8;0;;;;
000EW;2025-02-17 00:20:00;2.3;1018.9;79;-1;0;;;;
000EW;2025-02-17 00:30:00;2.2;1018.9;80;-0.9;0.8;;45;;
000EW;2025-02-17 00:40:00;2.1;1019;80;-1;0;;;;
000EW;2025-02-17 00:50:00;2;1019;80;-1.1;0.8;;23;;
000EW;2025-02-17 01:00:00;1.9;1019;80;-1.1;0;;;0;0
000EW;2025-02-17 01:10:00;1.9;1019.1;80;-1.2;0;;;;
000EW;2025-02-17 01:20:00;1.8;1019;80;-1.2;0;;;;
000EW;2025-02-17 01:30:00;1.8;1019.1;80;-1.3;0;;;;
000EW;2025-02-17 01:40:00;1.8;1019.2;80;-1.3;0.8;;0;;
000EW;2025-02-17 01:50:00;1.7;1019.1;80;-1.4;2.4;;11;;
000EW;2025-02-17 02:00:00;1.7;1019;81;-1.2;0;;;0;0
000EW;2025-02-17 02:10:00;1.6;1019.1;81;-1.3;2.4;;338;;
000EW;2025-02-17 02:20:00;1.6;1019.2;81;-1.3;2.4;;34;;
000EW;2025-02-17 02:30:00;1.6;1019.1;81;-1.3;0.8;;90;;
000EW;2025-02-17 02:40:00;1.5;1019.2;81;-1.4;0;;;;
000EW;2025-02-17 02:50:00;1.4;1019.2;81;-1.5;0;;;;
000EW;2025-02-17 03:00:00;1.4;1019.3;81;-1.5;0;;;0;0
000EW;2025-02-17 03:10:00;1.4;1019.3;81;-1.5;0;;;;
000EW;2025-02-17 03:20:00;1.3;1019.3;82;-1.5;0;;;;
000EW;2025-02-17 03:30:00;1.2;1019.3;82;-1.5;0;;;;
000EW;2025-02-17 03:40:00;1.1;1019.3;82;-1.6;0;;;;
000EW;2025-02-17 03:50:00;1.1;1019.4;83;-1.5;0.8;;0;;
000EW;2025-02-17 04:00:00;0.9;1019.4;83;-1.6;0.8;;45;0;0
000EW;2025-02-17 04:10:00;0.9;1019.3;83;-1.7;0;;;;
000EW;2025-02-17 04:20:00;0.8;1019.3;83;-1.7;0;;;;
000EW;2025-02-17 04:30:00;0.8;1019.4;83;-1.8;0;;;;
000EW;2025-02-17 04:40:00;0.8;1019.3;83;-1.8;1.6;;0;;
000EW;2025-02-17 04:50:00;0.8;1019.3;83;-1.8;0;;;;
000EW;2025-02-17 05:00:00;0.7;1019.2;83;-1.8;0;;;0;0
000EW;2025-02-17 05:10:00;0.7;1019.4;83;-1.9;0.8;;45;;
000EW;2025-02-17 05:20:00;0.6;1019.3;83;-1.9;0;;;;
000EW;2025-02-17 05:30:00;0.6;1019.3;84;-1.8;0;;;;
000EW;2025-02-17 05:40:00;0.6;1019.4;84;-1.8;0.8;;45;;
000EW;2025-02-17 05:50:00;0.6;1019.7;84;-1.8;0.8;;45;;
000EW;2025-02-17 06:00:00;0.6;1019.4;83;-2;0;;;0;0
000EW;2025-02-17 06:10:00;0.6;1019.6;83;-2;0.8;;0;;
000EW;2025-02-17 06:20:00;0.5;1019.6;83;-2;0;;;;
000EW;2025-02-17 06:30:00;0.5;1019.6;83;-2;0;;;;
000EW;2025-02-17 06:40:00;0.4;1019.5;83;-2.1;0;;;;
000EW;2025-02-17 06:50:00;0.4;1019.7;83;-2.1;0;;;;
000EW;2025-02-17 07:00:00;0.5;1019.8;83;-2;0;;;0;0
000EW;2025-02-17 07:10:00;0.5;1019.7;83;-2;0;;;;
000EW;2025-02-17 07:20:00;0.6;1019.7;83;-2;1.6;;45;;
000EW;2025-02-17 07:30:00;0.6;1019.9;82;-2.1;0.8;;23;;
000EW;2025-02-17 07:40:00;0.7;1020.1;81;-2.2;2.4;;34;;
000EW;2025-02-17 07:50:00;0.7;1020;81;-2.2;2.4;;34;;
000EW;2025-02-17 08:00:00;0.8;1020.1;81;-2.1;2.4;;11;0;0
000EW;2025-02-17 08:10:00;1;1020.2;80;-2.1;0.8;;90;;
000EW;2025-02-17 08:20:00;1;1020.3;79;-2.2;2.4;;349;;
000EW;2025-02-17 08:30:00;1.1;1020.4;79;-2.1;3.2;;0;;
000EW;2025-02-17 08:40:00;1.3;1020.4;79;-1.9;2.4;;0;;
000EW;2025-02-17 08:50:00;1.6;1020.4;78;-1.9;1.6;;0;;
000EW;2025-02-17 09:00:00;1.7;1020.4;77;-1.9;1.6;;338;0;0
000EW;2025-02-17 09:10:00;1.8;1020.3;77;-1.8;0;;;;
000EW;2025-02-17 09:20:00;2.1;1020.3;76;-1.7;0;;;;
000EW;2025-02-17 09:30:00;1.9;1020.3;76;-1.8;4.8;;45;;
000EW;2025-02-17 09:40:00;2.4;1020.3;76;-1.4;0.8;;180;;
000EW;2025-02-17 09:50:00;2.5;1020.3;75;-1.5;0;;;;
000EW;2025-02-17 10:00:00;2.6;1020.4;74;-1.6;0;;;0;0
000EW;2025-02-17 10:10:00;2.9;1020.3;74;-1.3;1.6;;0;;
000EW;2025-02-17 10:20:00;3.2;1020.4;73;-1.1;0;;;;
000EW;2025-02-17 10:30:00;3.7;1020.4;72;-0.9;0.8;;158;;
000EW;2025-02-17 10:40:00;3.8;1020.4;70;-1.2;0;;;;
000EW;2025-02-17 10:50:00;3.6;1020.5;71;-1.2;0;;;;
000EW;2025-02-17 11:00:00;3.6;1020.5;72;-1;1.6;;23;0;0
000EW;2025-02-17 11:10:00;4.1;1020.6;71;-0.7;0.8;;135;;
000EW;2025-02-17 11:20:00;4.7;1020.5;69;-0.5;1.6;;146;;
000EW;2025-02-17 11:30:00;4.7;1020.3;68;-0.7;0.8;;158;;
000EW;2025-02-17 11:40:00;4.8;1020.2;69;-0.4;0.8;;23;;
000EW;2025-02-17 11:50:00;5;1020;68;-0.4;0;;;;
000EW;2025-02-17 12:00:00;4.8;1019.9;68;-0.6;0;;;0;0
000EW;2025-02-17 12:10:00;5.3;1019.7;68;-0.1;0;;;;
000EW;2025-02-17 12:20:00;5.5;1019.6;67;-0.1;0.8;;135;;
000EW;2025-02-17 12:30:00;5.7;1019.6;66;-0.1;0;;;;
000EW;2025-02-17 12:40:00;5.9;1019.6;65;-0.2;0.8;;135;;
000EW;2025-02-17 12:50:00;6.2;1019.5;65;0.1;0;;;;
000EW;2025-02-17 13:00:00;6.5;1019.5;64;0.2;0;;;0;0
000EW;2025-02-17 13:10:00;6.5;1019.5;63;-0;0;;;;
000EW;2025-02-17 13:20:00;6.4;1019.6;63;-0.1;0;;;;
000EW;2025-02-17 13:30:00;6.7;1019.4;64;0.3;0;;;;
000EW;2025-02-17 13:40:00;7.1;1019.3;62;0.3;0;;;;
000EW;2025-02-17 13:50:00;7.1;1019.3;62;0.3;0;;;;
000EW;2025-02-17 14:00:00;6.8;1019.2;62;0;0;;;0;0
000EW;2025-02-17 14:10:00;7.1;1019.1;62;0.3;0;;;;
000EW;2025-02-17 14:20:00;7.6;1019.1;61;0.5;0;;;;
000EW;2025-02-17 14:30:00;7.4;1019.1;60;0.1;0;;;;
000EW;2025-02-17 14:40:00;7.4;1019.1;61;0.4;0;;;;
000EW;2025-02-17 14:50:00;7.5;1019.2;61;0.5;0;;;;
000EW;2025-02-17 15:00:00;7.6;1019.1;61;0.6;0;;;0;0
000EW;2025-02-17 15:10:00;7.3;1019.1;61;0.3;0;;;;
000EW;2025-02-17 15:20:00;7.1;1019.1;62;0.3;0;;;;
000EW;2025-02-17 15:30:00;7.2;1019.2;62;0.4;0;;;;
000EW;2025-02-17 15:40:00;7.1;1019.1;63;0.5;0;;;;
000EW;2025-02-17 15:50:00;6.9;1019.1;64;0.6;0.8;;0;;
000EW;2025-02-17 16:00:00;6.8;1019.1;65;0.7;0.8;;0;0;0
000EW;2025-02-17 16:10:00;6.5;1019.1;66;0.6;2.4;;0;;
000EW;2025-02-17 16:20:00;6.6;1019.1;67;0.9;1.6;;23;;
000EW;2025-02-17 16:30:00;6.6;1019.1;66;0.7;0.8;;0;;
000EW;2025-02-17 16:40:00;6.5;1019.2;67;0.8;1.6;;0;;
000EW;2025-02-17 16:50:00;6.4;1019.2;67;0.8;0;;;;
000EW;2025-02-17 17:00:00;6.4;1019.3;67;0.7;0;;;0;0
000EW;2025-02-17 17:10:00;6.3;1019.4;68;0.8;0;;;;
000EW;2025-02-17 17:20:00;6.2;1019.5;68;0.7;0;;;;
000EW;2025-02-17 17:30:00;6;1019.7;69;0.7;0;;;;
000EW;2025-02-17 17:40:00;5.9;1019.9;70;0.8;0.8;;23;;
000EW;2025-02-17 17:50:00;5.8;1019.9;70;0.7;0.8;;45;;
000EW;2025-02-17 18:00:00;5.7;1019.8;70;0.6;0;;;0;0
000EW;2025-02-17 18:10:00;5.6;1019.9;71;0.7;0;;;;
000EW;2025-02-17 18:20:00;5.4;1020;71;0.6;0;;;;
000EW;2025-02-17 18:30:00;5.3;1020.1;72;0.7;0.8;;0;;
000EW;2025-02-17 18:40:00;5.2;1020;72;0.6;1.6;;79;;
000EW;2025-02-17 18:50:00;5.1;1020;72;0.4;1.6;;360;;
000EW;2025-02-17 19:00:00;4.9;1019.9;73;0.5;1.6;;349;0;0
000EW;2025-02-17 19:10:00;4.8;1020;73;0.4;0.8;;0;;
000EW;2025-02-17 19:20:00;4.7;1020;73;0.2;0.8;;68;;
000EW;2025-02-17 19:30:00;4.6;1020.2;73;0.2;0;;;;
000EW;2025-02-17 19:40:00;4.5;1020.2;74;0.3;0;;;;
000EW;2025-02-17 19:50:00;4.4;1020.1;74;0.2;0.8;;68;;
000EW;2025-02-17 20:00:00;4.3;1020.3;75;0.2;0.8;;23;0;0
000EW;2025-02-17 20:10:00;4.2;1020.4;75;0.1;0.8;;23;;
000EW;2025-02-17 20:20:00;4.1;1020.4;75;0.1;0.8;;113;;
000EW;2025-02-17 20:30:00;4.1;1020.7;75;0;0;;;;
000EW;2025-02-17 20:40:00;3.9;1020.9;76;0.1;0;;;;
000EW;2025-02-17 20:50:00;3.8;1020.8;76;-0;0;;;;
000EW;2025-02-17 21:00:00;3.8;1020.6;76;-0.1;0;;;0;0
000EW;2025-02-17 21:10:00;3.7;1020.6;77;0.1;0;;;;
000EW;2025-02-17 21:20:00;3.7;1020.7;77;0;0;;;;
000EW;2025-02-17 21:30:00;3.6;1020.8;77;-0;0.8;;45;;
000EW;2025-02-17 21:40:00;3.6;1020.6;77;-0;1.6;;56;;
000EW;2025-02-17 21:50:00;3.6;1020.7;77;-0.1;0;;;;
000EW;2025-02-17 22:00:00;3.5;1020.6;77;-0.1;0.8;;23;0;0
000EW;2025-02-17 22:10:00;3.4;1020.6;77;-0.2;0;;;;
000EW;2025-02-17 22:20:00;3.4;1020.4;77;-0.3;0;;;;
000EW;2025-02-17 22:30:00;3.3;1020.3;77;-0.3;0.8;;315;;
000EW;2025-02-17 22:40:00;3.4;1020.4;76;-0.4;1.6;;0;;
000EW;2025-02-17 22:50:00;3.4;1020.5;77;-0.3;0;;;;
000EW;2025-02-17 23:00:00;3.3;1020.5;76;-0.5;0;;;0;0
000EW;2025-02-17 23:10:00;3.3;1020.4;76;-0.5;0;;;;
000EW;2025-02-17 23:20:00;3.3;1020.3;75;-0.7;0;;;;
000EW;2025-02-17 23:30:00;3.3;1020.2;75;-0.7;0;;;;
000EW;2025-02-17 23:40:00;3.3;1020.4;75;-0.7;0;;;;
000EW;2025-02-17 23:50:00;3.3;1020.2;75;-0.7;0;;;;
000EW;2025-02-18 00:00:00;3.2;1020;75;-0.8;0.8;;0;0;0
000EW;2025-02-18 00:10:00;3.1;1019.9;75;-0.9;0.8;;135;;
000EW;2025-02-18 00:20:00;3.1;1020.4;75;-0.9;1.6;;326;;
000EW;2025-02-18 00:30:00;3.1;1020.4;75;-0.9;0.8;;90;;
000EW;2025-02-18 00:40:00;3.1;1020.1;75;-0.9;0.8;;338;;
000EW;2025-02-18 00:50:00;3.1;1020;75;-0.9;1.6;;0;;
000EW;2025-02-18 01:00:00;3.1;1020;75;-0.9;3.2;;0;0;0
000EW;2025-02-18 01:10:00;3.2;1019.9;75;-0.8;1.6;;0;;
000EW;2025-02-18 01:20:00;3.1;1019.9;75;-0.9;2.4;;56;;
000EW;2025-02-18 01:30:00;3.1;1019.7;75;-0.9;2.4;;68;;
000EW;2025-02-18 01:40:00;3.1;1019.8;75;-0.9;3.2;;11;;
000EW;2025-02-18 01:50:00;2.9;1019.8;76;-0.9;2.4;;23;;
000EW;2025-02-18 02:00:00;2.9;1019.9;76;-0.9;4;;23;0;0
000EW;2025-02-18 02:10:00;2.8;1019.8;76;-1;3.2;;338;;
000EW;2025-02-18 02:20:00;2.7;1019.7;76;-1.1;2.4;;23;;
000EW;2025-02-18 02:30:00;2.7;1019.6;77;-1;2.4;;34;;
000EW;2025-02-18 02:40:00;2.6;1019.7;77;-1.1;1.6;;45;;
000EW;2025-02-18 02:50:00;2.5;1019.7;77;-1.1;1.6;;45;;
000EW;2025-02-18 03:00:00;2.4;1019.8;77;-1.2;0;;;0;0
000EW;2025-02-18 03:10:00;2.3;1019.7;78;-1.2;0;;;;
000EW;2025-02-18 03:20:00;2.2;1019.8;78;-1.3;0;;;;
000EW;2025-02-18 03:30:00;2.1;1019.6;79;-1.2;0;;;;
000EW;2025-02-18 03:40:00;2;1019.5;79;-1.3;0;;;;
000EW;2025-02-18 03:50:00;1.9;1019.4;79;-1.4;0.8;;23;;
000EW;2025-02-18 04:00:00;1.8;1019.4;80;-1.2;0;;;0;0
000EW;2025-02-18 04:10:00;1.8;1019.4;80;-1.3;2.4;;349;;
000EW;2025-02-18 04:20:00;1.8;1019.5;80;-1.3;0.8;;23;;
000EW;2025-02-18 04:30:00;1.7;1019.5;80;-1.4;0.8;;90;;
000EW;2025-02-18 04:40:00;1.7;1019.5;80;-1.4;0;;;;
000EW;2025-02-18 04:50:00;1.7;1019.6;80;-1.4;0;;;;
000EW;2025-02-18 05:00:00;1.6;1019.6;80;-1.5;1.6;;45;0;0
000EW;2025-02-18 05:10:00;1.5;1019.8;80;-1.6;0.8;;338;;
000EW;2025-02-18 05:20:00;1.5;1019.8;80;-1.6;0;;;;
000EW;2025-02-18 05:30:00;1.5;1019.8;80;-1.6;0;;;;
000EW;2025-02-18 05:40:00;1.4;1019.7;80;-1.6;0;;;;
000EW;2025-02-18 05:50:00;1.4;1019.7;81;-1.5;0;;;;
000EW;2025-02-18 06:00:00;1.4;1019.7;81;-1.5;0.8;;338;0;0
000EW;2025-02-18 06:10:00;1.3;1019.7;81;-1.6;0;;;;
000EW;2025-02-18 06:20:00;1.3;1019.5;81;-1.6;0;;;;
000EW;2025-02-18 06:30:00;1.2;1019.6;81;-1.7;0;;;;
000EW;2025-02-18 06:40:00;1.2;1019.6;82;-1.6;2.4;;338;;
000EW;2025-02-18 06:50:00;1.1;1019.7;82;-1.6;2.4;;0;;
000EW;2025-02-18 07:00:00;1.1;1019.7;82;-1.7;0.8;;338;0;0
000EW;2025-02-18 07:10:00;0.9;1019.9;82;-1.8;0.8;;338;;
000EW;2025-02-18 07:20:00;0.9;1020;82;-1.8;0.8;;0;;
000EW;2025-02-18 07:30:00;1;1020.1;83;-1.6;0.8;;135;;
000EW;2025-02-18 07:40:00;0.9;1020.1;82;-1.8;0;;;;
000EW;2025-02-18 07:50:00;1.1;1020.1;83;-1.5;0;;;;
000EW;2025-02-18 08:00:00;1;1020.2;82;-1.7;0;;;0;0
000EW;2025-02-18 08:10:00;1.1;1020.1;82;-1.6;2.4;;0;;
000EW;2025-02-18 08:20:00;1.2;1020.1;82;-1.5;0;;;;
000EW;2025-02-18 08:30:00;1.3;1020;81;-1.6;1.6;;11;;
000EW;2025-02-18 08:40:00;1.4;1019.9;81;-1.5;2.4;;34;;
000EW;2025-02-18 08:50:00;1.5;1019.8;81;-1.4;0.8;;0;;
000EW;2025-02-18 09:00:00;1.8;1019.8;81;-1.1;4.8;;0;0;0
000EW;2025-02-18 09:10:00;2.2;1019.8;80;-0.9;0.8;;158;;
000EW;2025-02-18 09:20:00;2.4;1019.8;79;-0.8;0.8;;135;;
000EW;2025-02-18 09:30:00;2.5;1019.8;78;-0.9;3.2;;0;;
000EW;2025-02-18 09:40:00;2.8;1019.8;77;-0.8;1.6;;169;;
000EW;2025-02-18 09:50:00;2.7;1019.8;78;-0.8;1.6;;349;;
000EW;2025-02-18 10:00:00;2.8;1019.8;77;-0.8;2.4;;34;0;0
000EW;2025-02-18 10:10:00;3.1;1019.8;77;-0.5;2.4;;0;;
000EW;2025-02-18 10:20:00;3.6;1019.8;76;-0.3;1.6;;90;;
000EW;2025-02-18 10:30:00;3.8;1019.8;75;-0.2;1.6;;45;;
000EW;2025-02-18 10:40:00;4.1;1019.9;74;-0.1;1.6;;79;;
000EW;2025-02-18 10:50:00;4.2;1019.7;73;-0.2;0;;;;
000EW;2025-02-18 11:00:00;4.5;1019.6;73;0.1;0;;;0;0
000EW;2025-02-18 11:10:00;5.1;1019.6;71;0.2;0;;;;
000EW;2025-02-18 11:20:00;5.6;1019.6;69;0.3;0;;;;
000EW;2025-02-18 11:30:00;5.8;1019.4;69;0.5;0;;;;
000EW;2025-02-18 11:40:00;5.8;1019.2;68;0.4;0.8;;158;;
000EW;2025-02-18 11:50:00;5.8;1019.2;68;0.3;0;;;;
000EW;2025-02-18 12:00:00;5.9;1019.1;68;0.5;0.8;;23;0;0
000EW;2025-02-18 12:10:00;6.1;1019;67;0.4;1.6;;338;;
000EW;2025-02-18 12:20:00;6.2;1018.9;67;0.6;0;;;;
000EW;2025-02-18 12:30:00;6.4;1018.7;67;0.7;0;;;;
000EW;2025-02-18 12:40:00;6.6;1018.6;66;0.7;0;;;;
000EW;2025-02-18 12:50:00;6.8;1018.6;65;0.7;0;;;;
000EW;2025-02-18 13:00:00;6.9;1018.5;65;0.8;0;;;0;0
000EW;2025-02-18 13:10:00;7.2;1018.4;65;1;0;;;;
000EW;2025-02-18 13:20:00;7.2;1018.2;64;0.8;0;;;;
000EW;2025-02-18 13:30:00;7.2;1018.2;64;0.9;0.8;;0;;
000EW;2025-02-18 13:40:00;7.4;1018;64;1.1;0;;;;
000EW;2025-02-18 13:50:00;7.6;1017.9;64;1.2;0.8;;0;;
000EW;2025-02-18 14:00:00;8.1;1017.9;63;1.4;0;;;0;0
000EW;2025-02-18 14:10:00;8.2;1017.7;63;1.5;0;;;;
000EW;2025-02-18 14:20:00;8.1;1017.7;62;1.2;0;;;;
000EW;2025-02-18 14:30:00;7.9;1017.8;63;1.3;1.6;;56;;
000EW;2025-02-18 14:40:00;7.9;1017.6;63;1.3;0;;;;
000EW;2025-02-18 14:50:00;8;1017.7;62;1.2;0;;;;
000EW;2025-02-18 15:00:00;8.1;1017.7;61;1;0;;;0;0
000EW;2025-02-18 15:10:00;8.2;1017.6;62;1.3;0;;;;
000EW;2025-02-18 15:20:00;8.2;1017.7;62;1.3;0;;;;
000EW;2025-02-18 15:30:00;8;1017.7;63;1.4;0;;;;
000EW;2025-02-18 15:40:00;7.9;1017.7;63;1.3;1.6;;0;;
000EW;2025-02-18 15:50:00;7.9;1017.6;62;1.1;0.8;;0;;
000EW;2025-02-18 16:00:00;7.9;1017.7;61;0.9;0;;;0;0
000EW;2025-02-18 16:10:00;8;1017.7;61;0.9;0;;;;
000EW;2025-02-18 16:20:00;7.8;1017.7;60;0.6;0.8;;338;;
000EW;2025-02-18 16:30:00;7.7;1017.6;60;0.4;0;;;;
000EW;2025-02-18 16:40:00;7.6;1017.6;60;0.3;0.8;;45;;
000EW;2025-02-18 16:50:00;7.5;1017.7;60;0.2;0;;;;
000EW;2025-02-18 17:00:00;7.4;1017.7;61;0.4;0;;;0;0
000EW;2025-02-18 17:10:00;7.3;1017.8;61;0.3;0;;;;
000EW;2025-02-18 17:20:00;7.2;1017.7;63;0.6;0;;;;
000EW;2025-02-18 17:30:00;7;1017.8;64;0.7;0;;;;
000EW;2025-02-18 17:40:00;6.8;1017.7;64;0.4;2.4;;281;;
000EW;2025-02-18 17:50:00;6.6;1017.8;65;0.5;0;;;;
000EW;2025-02-18 18:00:00;6.4;1017.8;65;0.3;0;;;0;0
000EW;2025-02-18 18:10:00;6.3;1017.9;66;0.4;0;;;;
000EW;2025-02-18 18:20:00;6.2;1017.9;66;0.3;0;;;;
000EW;2025-02-18 18:30:00;6;1017.9;66;0.1;0;;;;
000EW;2025-02-18 18:40:00;5.9;1017.8;67;0.3;0;;;;
000EW;2025-02-18 18:50:00;5.8;1017.7;67;0.2;0;;;;
000EW;2025-02-18 19:00:00;5.7;1017.7;67;0.1;0;;;0;0
000EW;2025-02-18 19:10:00;5.7;1017.6;67;0;0;;;;
000EW;2025-02-18 19:20:00;5.6;1017.6;67;-0.1;0;;;;
000EW;2025-02-18 19:30:00;5.5;1017.7;67;-0.1;0.8;;0;;
000EW;2025-02-18 19:40:00;5.4;1017.8;67;-0.2;0;;;;
000EW;2025-02-18 19:50:00;5.4;1017.8;67;-0.2;0;;;;
000EW;2025-02-18 20:00:00;5.3;1017.7;67;-0.3;0;;;0;0
000EW;2025-02-18 20:10:00;5.3;1017.6;67;-0.3;0;;;;
000EW;2025-02-18 20:20:00;5.2;1017.5;67;-0.5;0;;;;
000EW;2025-02-18 20:30:00;5.2;1017.6;67;-0.5;0;;;;
000EW;2025-02-18 20:40:00;5.1;1017.5;67;-0.5;0;;;;
000EW;2025-02-18 20:50:00;5.1;1017.5;67;-0.6;0;;;;
000EW;2025-02-18 21:00:00;5.1;1017.4;67;-0.6;0;;;0;0
000EW;2025-02-18 21:10:00;5;1017.2;67;-0.6;0;;;;
000EW;2025-02-18 21:20:00;5;1017.2;66;-0.8;0;;;;
000EW;2025-02-18 21:30:00;4.9;1017.1;66;-0.9;0;;;;
000EW;2025-02-18 21:40:00;4.9;1017.1;66;-0.9;0.8;;158;;
000EW;2025-02-18 21:50:00;4.9;1017.1;66;-0.9;0;;;;
000EW;2025-02-18 22:00:00;4.8;1016.9;66;-1;0;;;0;0
000EW;2025-02-18 22:10:00;4.8;1016.9;66;-1;1.6;;135;;
000EW;2025-02-18 22:20:00;4.7;1016.9;66;-1.1;0;;;;
000EW;2025-02-18 22:30:00;4.7;1016.9;66;-1.1;0;;;;
000EW;2025-02-18 22:40:00;4.7;1016.9;66;-1.1;0;;;;
000EW;2025-02-18 22:50:00;4.6;1016.8;66;-1.2;0;;;;
000EW;2025-02-18 23:00:00;4.5;1016.9;67;-1.1;0;;;0;0
000EW;2025-02-18 23:10:00;4.4;1017;67;-1.1;0;;;;
000EW;2025-02-18 23:20:00;4.3;1017;67;-1.2;0.8;;158;;
000EW;2025-02-18 23:30:00;4.3;1017.2;67;-1.3;0;;;;
000EW;2025-02-18 23:40:00;4.2;1017.2;67;-1.4;0;;;;
000EW;2025-02-18 23:50:00;4.1;1017.2;68;-1.3;0.8;;45;;
000EW;2025-02-19 00:00:00;4;1017.1;68;-1.4;0;;;0;0
000EW;2025-02-19 00:10:00;3.9;1017.2;68;-1.4;0;;;;
000EW;2025-02-19 00:20:00;3.8;1017.2;69;-1.3;0;;;;
000EW;2025-02-19 00:30:00;3.7;1017.2;69;-1.4;0;;;;
000EW;2025-02-19 00:40:00;3.7;1017.4;70;-1.3;0;;;;
000EW;2025-02-19 00:50:00;3.6;1017.4;70;-1.4;0;;;;
000EW;2025-02-19 01:00:00;3.5;1017.2;70;-1.5;0;;;0;0
000EW;2025-02-19 01:10:00;3.4;1017.2;71;-1.3;0;;;;
000EW;2025-02-19 01:20:00;3.4;1017.2;71;-1.4;0;;;;
000EW;2025-02-19 01:30:00;3.4;1017.3;71;-1.4;0;;;;
000EW;2025-02-19 01:40:00;3.3;1017.2;71;-1.4;0;;;;
000EW;2025-02-19 01:50:00;3.3;1017.1;72;-1.3;0;;;;
000EW;2025-02-19 02:00:00;3.2;1017;72;-1.3;0;;;0;0
000EW;2025-02-19 02:10:00;3.2;1017;72;-1.4;0;;;;
000EW;2025-02-19 02:20:00;3.1;1016.9;73;-1.3;0;;;;
000EW;2025-02-19 02:30:00;3.1;1016.9;73;-1.3;0;;;;
000EW;2025-02-19 02:40:00;3;1016.9;73;-1.4;0.8;;0;;
000EW;2025-02-19 02:50:00;2.9;1016.8;73;-1.4;0;;;;
000EW;2025-02-19 03:00:00;2.9;1016.8;74;-1.3;0;;;0;0
000EW;2025-02-19 03:10:00;2.8;1017.1;74;-1.3;0;;;;
000EW;2025-02-19 03:20:00;2.8;1017;74;-1.3;0;;;;
000EW;2025-02-19 03:30:00;2.8;1017;74;-1.4;0;;;;
000EW;2025-02-19 03:40:00;2.7;1017.1;75;-1.3;0;;;;
000EW;2025-02-19 03:50:00;2.6;1017;75;-1.4;0;;;;
000EW;2025-02-19 04:00:00;2.6;1017;75;-1.4;0;;;0;0
000EW;2025-02-19 04:10:00;2.6;1016.9;75;-1.4;0;;;;
000EW;2025-02-19 04:20:00;2.5;1016.8;76;-1.3;0;;;;
000EW;2025-02-19 04:30:00;2.5;1016.8;76;-1.3;0;;;;
000EW;2025-02-19 04:40:00;2.4;1016.9;76;-1.4;0;;;;
000EW;2025-02-19 04:50:00;2.4;1016.9;76;-1.4;0;;;;
000EW;2025-02-19 05:00:00;2.3;1016.8;76;-1.5;0;;;0;0
000EW;2025-02-19 05:10:00;2.3;1016.9;76;-1.5;0;;;;
000EW;2025-02-19 05:20:00;2.2;1016.8;76;-1.6;0;;;;
000EW;2025-02-19 05:30:00;2.1;1016.8;77;-1.5;0.8;;135;;
000EW;2025-02-19 05:40:00;2.1;1016.8;77;-1.5;0;;;;
000EW;2025-02-19 05:50:00;2;1016.8;77;-1.6;0.8;;158;;
000EW;2025-02-19 06:00:00;1.9;1016.8;77;-1.7;0;;;0;0
000EW;2025-02-19 06:10:00;1.9;1016.9;78;-1.5;0;;;;
000EW;2025-02-19 06:20:00;1.8;1016.9;78;-1.6;0;;;;
000EW;2025-02-19 06:30:00;1.8;1017.2;78;-1.6;0;;;;
000EW;2025-02-19 06:40:00;1.8;1017.2;78;-1.6;0;;;;
000EW;2025-02-19 06:50:00;1.8;1017.2;79;-1.5;0;;;;
000EW;2025-02-19 07:00:00;1.8;1017.3;79;-1.5;0;;;0;0
000EW;2025-02-19 07:10:00;1.8;1017.3;79;-1.4;0;;;;
000EW;2025-02-19 07:20:00;1.8;1017.6;79;-1.4;0;;;;
000EW;2025-02-19 07:30:00;2;1017.6;79;-1.3;0;;;;
000EW;2025-02-19 07:40:00;1.9;1017.6;79;-1.3;0;;;;
000EW;2025-02-19 07:50:00;2.1;1017.7;79;-1.2;0;;;;
000EW;2025-02-19 08:00:00;2.2;1017.7;79;-1.1;0.8;;158;0;0
000EW;2025-02-19 08:10:00;2.3;1017.7;78;-1.2;0;;;;
000EW;2025-02-19 08:20:00;2.6;1017.8;78;-0.9;0;;;;
000EW;2025-02-19 08:30:00;2.7;1017.9;77;-1;0;;;;
000EW;2025-02-19 08:40:00;2.8;1017.9;77;-0.8;0;;;;
000EW;2025-02-19 08:50:00;2.8;1017.8;77;-0.8;0;;;;
000EW;2025-02-19 09:00:00;3.1;1017.8;77;-0.5;0;;;0;0
000EW;2025-02-19 09:10:00;3.4;1018;76;-0.4;0;;;;
000EW;2025-02-19 09:20:00;3.7;1018;75;-0.3;0;;;;
000EW;2025-02-19 09:30:00;3.8;1018.1;75;-0.2;0;;;;
000EW;2025-02-19 09:40:00;4.1;1018;75;0;0;;;;
000EW;2025-02-19 09:50:00;4.2;1018.1;75;0.1;0;;;;
000EW;2025-02-19 10:00:00;4.4;1018.3;75;0.4;0;;;0;0
000EW;2025-02-19 10:10:00;4.6;1018.3;74;0.4;0;;;;
000EW;2025-02-19 10:20:00;4.8;1018.3;74;0.6;0;;;;
000EW;2025-02-19 10:30:00;5.2;1018.4;73;0.7;0;;;;
000EW;2025-02-19 10:40:00;5.6;1018.4;72;1;0;;;;
000EW;2025-02-19 10:50:00;5.9;1018.3;72;1.3;0;;;;
000EW;2025-02-19 11:00:00;6.3;1018.2;71;1.5;0;;;0;0
000EW;2025-02-19 11:10:00;6.4;1018.1;71;1.6;0;;;;
000EW;2025-02-19 11:20:00;6.7;1018.2;70;1.6;0;;;;
000EW;2025-02-19 11:30:00;7.1;1018.1;70;2;0;;;;
000EW;2025-02-19 11:40:00;7.4;1018;69;2.1;1.6;;214;;
000EW;2025-02-19 11:50:00;7.7;1018;69;2.3;0;;;;
000EW;2025-02-19 12:00:00;8;1018;68;2.5;0;;;0;0
000EW;2025-02-19 12:10:00;8.2;1017.8;68;2.6;0;;;;
000EW;2025-02-19 12:20:00;8.3;1017.9;68;2.8;0.8;;203;;
000EW;2025-02-19 12:30:00;8.3;1017.7;68;2.7;0;;;;
000EW;2025-02-19 12:40:00;8.3;1017.8;69;3;0;;;;
000EW;2025-02-19 12:50:00;8.7;1017.6;69;3.3;0;;;;
000EW;2025-02-19 13:00:00;8.8;1017.6;69;3.4;0;;;0;0
000EW;2025-02-19 13:10:00;9;1017.7;69;3.6;0;;;;
000EW;2025-02-19 13:20:00;9.2;1017.7;69;3.8;0;;;;
000EW;2025-02-19 13:30:00;9.5;1017.7;69;4.1;0;;;;
000EW;2025-02-19 13:40:00;9.7;1017.7;68;4;0;;;;
000EW;2025-02-19 13:50:00;9.7;1017.6;69;4.3;0;;;;
000EW;2025-02-19 14:00:00;9.7;1017.6;69;4.3;0;;;0;0
000EW;2025-02-19 14:10:00;9.8;1017.5;69;4.4;0;;;;
000EW;2025-02-19 14:20:00;9.9;1017.5;69;4.5;0;;;;
000EW;2025-02-19 14:30:00;10;1017.5;69;4.6;0.8;;135;;
000EW;2025-02-19 14:40:00;10.1;1017.6;69;4.6;0;;;;
000EW;2025-02-19 14:50:00;10.1;1017.6;69;4.7;0;;;;
000EW;2025-02-19 15:00:00;10.3;1017.7;70;5;0;;;0;0
000EW;2025-02-19 15:10:00;10.2;1017.7;70;5;0;;;;
000EW;2025-02-19 15:20:00;10.3;1017.7;71;5.3;0;;;;
000EW;2025-02-19 15:30:00;10.3;1017.6;71;5.3;0;;;;
000EW;2025-02-19 15:40:00;10.4;1017.6;71;5.4;0;;;;
000EW;2025-02-19 15:50:00;10.5;1017.5;71;5.5;0.8;;158;;
000EW;2025-02-19 16:00:00;10.6;1017.4;71;5.6;0;;;0;0
000EW;2025-02-19 16:10:00;10.7;1017.5;71;5.6;0;;;;
000EW;2025-02-19 16:20:00;10.7;1017.5;71;5.7;0;;;;
000EW;2025-02-19 16:30:00;10.8;1017.5;71;5.8;0;;;;
000EW;2025-02-19 16:40:00;10.9;1017.7;71;5.9;0;;;;
000EW;2025-02-19 16:50:00;11;1017.9;71;5.9;0;;;;
000EW;2025-02-19 17:00:00;11.1;1017.9;72;6.2;0;;;0;0
000EW;2025-02-19 17:10:00;11.1;1018;72;6.2;0;;;;
000EW;2025-02-19 17:20:00;11;1018.1;73;6.3;0;;;;
000EW;2025-02-19 17:30:00;10.9;1018.5;73;6.3;0;;;;
000EW;2025-02-19 17:40:00;10.9;1018.5;73;6.3;0;;;;
000EW;2025-02-19 17:50:00;10.9;1018.7;73;6.3;0;;;;
000EW;2025-02-19 18:00:00;10.9;1018.7;74;6.5;0;;;0;0
000EW;2025-02-19 18:10:00;10.9;1018.7;74;6.5;0;;;;
000EW;2025-02-19 18:20:00;10.8;1018.6;74;6.4;0;;;;
000EW;2025-02-19 18:30:00;10.8;1018.7;75;6.6;0;;;;
000EW;2025-02-19 18:40:00;10.8;1018.8;75;6.5;0;;;;
000EW;2025-02-19 18:50:00;10.7;1018.7;75;6.5;0;;;;
000EW;2025-02-19 19:00:00;10.6;1018.7;76;6.6;0.8;;158;0;0
000EW;2025-02-19 19:10:00;10.5;1018.9;76;6.4;0;;;;
000EW;2025-02-19 19:20:00;10.4;1019;76;6.3;0;;;;
000EW;2025-02-19 19:30:00;10.3;1019;77;6.5;0;;;;
000EW;2025-02-19 19:40:00;10.3;1019;77;6.5;0;;;;
000EW;2025-02-19 19:50:00;10.3;1019.2;77;6.5;0;;;;
000EW;2025-02-19 20:00:00;10.3;1019.2;77;6.5;0;;;0;0
000EW;2025-02-19 20:10:00;10.3;1019.3;77;6.5;0;;;;
000EW;2025-02-19 20:20:00;10.3;1019.3;77;6.4;0;;;;
000EW;2025-02-19 20:30:00;10.2;1019.3;78;6.5;0;;;;
000EW;2025-02-19 20:40:00;10.2;1019.3;78;6.5;0;;;;
000EW;2025-02-19 20:50:00;10.2;1019.3;78;6.5;0;;;;
000EW;2025-02-19 21:00:00;10.2;1019.3;79;6.7;0;;;0;0
000EW;2025-02-19 21:10:00;10.2;1019.4;79;6.7;0;;;;
000EW;2025-02-19 21:20:00;10.1;1019.4;79;6.6;0;;;;
000EW;2025-02-19 21:30:00;10.1;1019.4;79;6.6;0;;;;
000EW;2025-02-19 21:40:00;10.2;1019.5;80;6.9;0;;;;
000EW;2025-02-19 21:50:00;10.2;1019.5;80;6.9;0;;;;
000EW;2025-02-19 22:00:00;10.2;1019.4;80;6.9;0;;;0;0
000EW;2025-02-19 22:10:00;10.1;1019.5;80;6.8;0;;;;
000EW;2025-02-19 22:20:00;10.1;1019.6;81;6.9;0;;;;
000EW;2025-02-19 22:30:00;10;1019.6;81;6.9;0;;;;
000EW;2025-02-19 22:40:00;9.9;1019.6;82;7;0;;;;
000EW;2025-02-19 22:50:00;9.8;1019.8;82;6.9;0;;;;
000EW;2025-02-19 23:00:00;9.6;1019.8;83;6.9;0;;;0;0
000EW;2025-02-19 23:10:00;9.5;1019.9;84;6.9;0;;;;
000EW;2025-02-19 23:20:00;9.4;1020;85;7;0;;;;
000EW;2025-02-19 23:30:00;9.4;1020.1;85;7;0;;;;
000EW;2025-02-19 23:40:00;9.3;1020.1;85;6.9;0;;;;
000EW;2025-02-19 23:50:00;9.1;1020;85;6.7;0;;;;
000EW;2025-02-20 00:00:00;8.9;1020.1;86;6.7;0;;;0;0
000EW;2025-02-20 00:10:00;9;1020.1;87;7;0;;;;
000EW;2025-02-20 00:20:00;9;1020.1;87;7;0;;;;
000EW;2025-02-20 00:30:00;9;1020.2;87;7;0;;;;
000EW;2025-02-20 00:40:00;9.1;1020.3;88;7.2;0;;;;
000EW;2025-02-20 00:50:00;9.1;1020.4;88;7.2;0;;;;
000EW;2025-02-20 01:00:00;9.1;1020.4;88;7.2;0;;;0;0
000EW;2025-02-20 01:10:00;8.9;1020.5;88;7.1;0;;;;
000EW;2025-02-20 01:20:00;8.8;1020.4;88;7;0;;;;
000EW;2025-02-20 01:30:00;8.7;1020.6;89;7;0;;;;
000EW;2025-02-20 01:40:00;8.6;1020.6;89;6.9;0;;;;
000EW;2025-02-20 01:50:00;8.6;1020.7;89;6.9;0;;;;
000EW;2025-02-20 02:00:00;8.6;1020.6;90;7;0;;;0;0
000EW;2025-02-20 02:10:00;8.7;1020.6;90;7.1;0;;;;
000EW;2025-02-20 02:20:00;8.8;1020.6;91;7.4;0;;;;
000EW;2025-02-20 02:30:00;8.9;1020.5;90;7.4;0;;;;
000EW;2025-02-20 02:40:00;8.9;1020.6;90;7.3;0;;;;
000EW;2025-02-20 02:50:00;8.8;1020.4;90;7.2;0;;;;
000EW;2025-02-20 03:00:00;8.7;1020.4;90;7.2;0;;;0;0
000EW;2025-02-20 03:10:00;8.7;1020.2;90;7.1;0;;;;
000EW;2025-02-20 03:20:00;8.7;1020.3;91;7.3;0;;;;
000EW;2025-02-20 03:30:00;8.7;1020.3;91;7.3;0;;;;
000EW;2025-02-20 03:40:00;8.7;1020.1;91;7.3;0;;;;
000EW;2025-02-20 03:50:00;8.7;1020.2;91;7.3;0;;;;
000EW;2025-02-20 04:00:00;8.7;1020.2;91;7.3;0;;;0;0
000EW;2025-02-20 04:10:00;8.6;1020.3;91;7.2;0;;;;
000EW;2025-02-20 04:20:00;8.4;1020.3;91;7;0;;;;
000EW;2025-02-20 04:30:00;8.3;1020.3;91;6.9;0;;;;
000EW;2025-02-20 04:40:00;8.2;1020.4;91;6.8;0.8;;158;;
000EW;2025-02-20 04:50:00;8.1;1020.5;92;6.9;0;;;;
000EW;2025-02-20 05:00:00;8.1;1020.6;92;6.9;0;;;0;0
000EW;2025-02-20 05:10:00;8.1;1020.7;92;6.9;0;;;;
000EW;2025-02-20 05:20:00;8.2;1020.9;92;6.9;0;;;;
000EW;2025-02-20 05:30:00;8.2;1021;92;6.9;0;;;;
000EW;2025-02-20 05:40:00;8.1;1021.1;92;6.9;0;;;;
000EW;2025-02-20 05:50:00;8;1021.1;92;6.8;0;;;;
000EW;2025-02-20 06:00:00;7.9;1021.3;92;6.7;0;;;0;0
000EW;2025-02-20 06:10:00;7.8;1021.3;92;6.6;0;;;;
000EW;2025-02-20 06:20:00;7.8;1021.3;92;6.6;0;;;;
000EW;2025-02-20 06:30:00;7.8;1021.3;92;6.6;0;;;;
000EW;2025-02-20 06:40:00;7.8;1021.4;92;6.6;0;;;;
000EW;2025-02-20 06:50:00;7.8;1021.3;92;6.6;0;;;;
000EW;2025-02-20 07:00:00;7.8;1021.4;93;6.8;0;;;0;0
000EW;2025-02-20 07:10:00;7.9;1021.5;93;6.8;0;;;;
000EW;2025-02-20 07:20:00;7.9;1021.8;93;6.9;0;;;;
000EW;2025-02-20 07:30:00;7.9;1021.8;93;6.9;0;;;;
000EW;2025-02-20 07:40:00;8.1;1022;93;7;0;;;;
000EW;2025-02-20 07:50:00;8.1;1022.1;93;7;0;;;;
000EW;2025-02-20 08:00:00;8.2;1022.1;93;7.1;0.8;;135;0;0
000EW;2025-02-20 08:10:00;8.3;1022.1;93;7.2;0;;;;
000EW;2025-02-20 08:20:00;8.3;1022;93;7.3;0;;;;
000EW;2025-02-20 08:30:00;8.4;1022;93;7.4;0;;;;
000EW;2025-02-20 08:40:00;8.5;1021.7;93;7.4;0;;;;
000EW;2025-02-20 08:50:00;8.6;1021.9;93;7.5;0.8;;135;;
000EW;2025-02-20 09:00:00;8.7;1022.1;92;7.4;0;;;0;0
000EW;2025-02-20 09:10:00;8.8;1022;92;7.6;0;;;;
000EW;2025-02-20 09:20:00;8.9;1022.1;92;7.7;0;;;;
000EW;2025-02-20 09:30:00;9.2;1022.1;92;7.9;0;;;;
000EW;2025-02-20 09:40:00;9.3;1022.1;91;7.9;0;;;;
000EW;2025-02-20 09:50:00;9.5;1022.2;91;8.1;0;;;;
000EW;2025-02-20 10:00:00;9.7;1022.2;90;8.2;0;;;0;0
000EW;2025-02-20 10:10:00;9.9;1022.4;90;8.3;0;;;;
000EW;2025-02-20 10:20:00;10;1022.5;89;8.3;0;;;;
000EW;2025-02-20 10:30:00;10.1;1022.4;89;8.4;0;;;;
000EW;2025-02-20 10:40:00;10.3;1022.5;89;8.5;0;;;;
000EW;2025-02-20 10:50:00;10.4;1022.6;89;8.7;0;;;;
000EW;2025-02-20 11:00:00;10.7;1022.6;88;8.8;0;;;0;0
000EW;2025-02-20 11:10:00;10.9;1022.7;88;9;0;;;;
000EW;2025-02-20 11:20:00;11.1;1022.5;87;9;0;;;;
000EW;2025-02-20 11:30:00;11.4;1022.4;87;9.3;0;;;;
000EW;2025-02-20 11:40:00;11.6;1022.2;86;9.3;0;;;;
000EW;2025-02-20 11:50:00;11.9;1022.3;86;9.7;0;;;;
000EW;2025-02-20 12:00:00;12.2;1022.2;85;9.8;0;;;0;0
000EW;2025-02-20 12:10:00;12.3;1022.2;85;9.8;0;;;;
000EW;2025-02-20 12:20:00;12.5;1022;85;10;0;;;;
000EW;2025-02-20 12:30:00;12.7;1022;84;10.1;0;;;;
000EW;2025-02-20 12:40:00;13.1;1021.9;84;10.4;0;;;;
000EW;2025-02-20 12:50:00;13.2;1021.9;83;10.4;1.6;;236;;
000EW;2025-02-20 13:00:00;13.3;1021.8;83;10.5;0.8;;135;0;0
000EW;2025-02-20 13:10:00;13.3;1021.7;82;10.3;0;;;;
000EW;2025-02-20 13:20:00;13.4;1021.6;82;10.4;0;;;;
000EW;2025-02-20 13:30:00;13.6;1021.6;82;10.6;0;;;;
000EW;2025-02-20 13:40:00;13.7;1021.6;82;10.7;0.8;;135;;
000EW;2025-02-20 13:50:00;13.8;1021.5;82;10.8;0;;;;
000EW;2025-02-20 14:00:00;13.9;1021.4;82;10.9;0;;;0;0
000EW;2025-02-20 14:10:00;13.9;1021.3;83;11.1;0;;;;
000EW;2025-02-20 14:20:00;14.1;1021.3;84;11.4;0;;;;
000EW;2025-02-20 14:30:00;14.1;1021.4;83;11.2;0;;;;
000EW;2025-02-20 14:40:00;14;1021.3;84;11.3;0;;;;
000EW;2025-02-20 14:50:00;13.9;1021.4;85;11.5;0;;;;
000EW;2025-02-20 15:00:00;13.9;1021.6;85;11.5;0;;;0.2;0.2
000EW;2025-02-20 15:10:00;13.9;1021.6;85;11.5;0;;;;
000EW;2025-02-20 15:20:00;13.9;1021.7;85;11.5;0;;;;
000EW;2025-02-20 15:30:00;13.9;1021.7;86;11.6;0;;;;
000EW;2025-02-20 15:40:00;14;1021.8;86;11.7;0;;;;
000EW;2025-02-20 15:50:00;14;1021.8;86;11.7;0;;;;
000EW;2025-02-20 16:00:00;13.9;1021.8;86;11.6;0;;;0;0.4
000EW;2025-02-20 16:10:00;13.8;1021.8;87;11.7;0;;;;
000EW;2025-02-20 16:20:00;13.7;1021.8;88;11.8;0;;;;
000EW;2025-02-20 16:30:00;13.7;1021.8;88;11.7;0;;;;
000EW;2025-02-20 16:40:00;13.6;1021.7;88;11.6;0;;;;
000EW;2025-02-20 16:50:00;13.6;1021.7;89;11.8;0;;;;
000EW;2025-02-20 17:00:00;13.5;1021.7;89;11.7;0;;;0;0.4
000EW;2025-02-20 17:10:00;13.4;1021.7;89;11.7;0;;;;
000EW;2025-02-20 17:20:00;13.4;1021.7;89;11.7;0;;;;
000EW;2025-02-20 17:30:00;13.4;1021.7;89;11.7;0;;;;
000EW;2025-02-20 17:40:00;13.4;1021.7;89;11.7;0;;;;
000EW;2025-02-20 17:50:00;13.4;1021.8;89;11.6;0;;;;
000EW;2025-02-20 18:00:00;13.4;1021.8;89;11.6;0;;;0.8;0
000EW;2025-02-20 18:10:00;13.4;1021.8;89;11.6;0;;;;
000EW;2025-02-20 18:20:00;13.3;1021.8;88;11.4;0;;;;
000EW;2025-02-20 18:30:00;13.3;1021.8;88;11.3;0;;;;
000EW;2025-02-20 18:40:00;13.3;1021.8;88;11.3;0;;;;
000EW;2025-02-20 18:50:00;13.3;1021.9;88;11.3;0;;;;
000EW;2025-02-20 19:00:00;13.2;1021.8;88;11.3;0;;;0;0
000EW;2025-02-20 19:10:00;13.2;1021.8;88;11.3;0;;;;
000EW;2025-02-20 19:20:00;13.2;1021.8;87;11;0;;;;
000EW;2025-02-20 19:30:00;13.1;1021.7;87;11;0;;;;
000EW;2025-02-20 19:40:00;13.1;1021.7;87;10.9;0;;;;
000EW;2025-02-20 19:50:00;13.1;1021.6;87;10.9;0;;;;
000EW;2025-02-20 20:00:00;13;1021.7;86;10.7;0;;;0;0
000EW;2025-02-20 20:10:00;12.9;1021.6;86;10.7;0;;;;
000EW;2025-02-20 20:20:00;12.9;1021.7;86;10.6;0;;;;
000EW;2025-02-20 20:30:00;12.8;1021.6;86;10.5;0;;;;
000EW;2025-02-20 20:40:00;12.8;1021.5;86;10.5;0;;;;
000EW;2025-02-20 20:50:00;12.7;1021.6;86;10.4;0;;;;
000EW;2025-02-20 21:00:00;12.7;1021.7;86;10.4;0;;;0;0
000EW;2025-02-20 21:10:00;12.7;1021.7;86;10.4;0;;;;
000EW;2025-02-20 21:20:00;12.6;1021.7;86;10.3;0;;;;
000EW;2025-02-20 21:30:00;12.6;1021.7;86;10.3;0;;;;
000EW;2025-02-20 21:40:00;12.6;1021.7;86;10.3;0;;;;
000EW;2025-02-20 21:50:00;12.6;1021.8;86;10.3;0;;;;
000EW;2025-02-20 22:00:00;12.7;1021.8;86;10.4;0;;;0;0
000EW;2025-02-20 22:10:00;12.7;1021.8;86;10.4;0;;;;
000EW;2025-02-20 22:20:00;12.7;1021.9;85;10.3;0;;;;
000EW;2025-02-20 22:30:00;12.8;1021.9;85;10.3;0;;;;
000EW;2025-02-20 22:40:00;12.8;1021.9;85;10.3;0;;;;
000EW;2025-02-20 22:50:00;12.8;1021.9;86;10.5;0;;;;
000EW;2025-02-20 23:00:00;12.7;1021.9;85;10.3;0;;;0;0
000EW;2025-02-20 23:10:00;12.7;1022;85;10.3;0;;;;
000EW;2025-02-20 23:20:00;12.7;1021.9;85;10.3;0;;;;
000EW;2025-02-20 23:30:00;12.7;1021.8;85;10.2;0;;;;
000EW;2025-02-20 23:40:00;12.6;1022;86;10.3;0;;;;
000EW;2025-02-20 23:50:00;12.6;1021.9;86;10.3;0;;;;
000EW;2025-02-21 00:00:00;12.6;1021.9;86;10.3;0;;;0;0
000EW;2025-02-21 00:10:00;12.5;1021.8;86;10.2;0;;;;
000EW;2025-02-21 00:20:00;12.4;1021.8;86;10.2;0;;;;
000EW;2025-02-21 00:30:00;12.4;1021.8;86;10.2;0;;;;
000EW;2025-02-21 00:40:00;12.5;1021.7;86;10.2;0;;;;
000EW;2025-02-21 00:50:00;12.4;1021.6;86;10.2;0;;;;
000EW;2025-02-21 01:00:00;12.4;1021.5;86;10.1;0;;;0;0
000EW;2025-02-21 01:10:00;12.4;1021.3;86;10.1;0;;;;
000EW;2025-02-21 01:20:00;12.3;1021.3;86;10.1;0;;;;
000EW;2025-02-21 01:30:00;12.3;1021.1;86;10.1;0;;;;
000EW;2025-02-21 01:40:00;12.3;1021;86;10.1;0;;;;
000EW;2025-02-21 01:50:00;12.3;1020.8;86;10.1;0;;;;
000EW;2025-02-21 02:00:00;12.3;1020.7;86;10.1;0;;;0;0
000EW;2025-02-21 02:10:00;12.3;1020.6;86;10.1;0;;;;
000EW;2025-02-21 02:20:00;12.3;1020.5;86;10;0;;;;
000EW;2025-02-21 02:30:00;12.3;1020.4;86;10;0;;;;
000EW;2025-02-21 02:40:00;12.2;1020.2;86;9.9;0;;;;
000EW;2025-02-21 02:50:00;12.2;1020.1;86;9.9;0;;;;
000EW;2025-02-21 03:00:00;12.2;1020;86;9.9;0;;;0;0
000EW;2025-02-21 03:10:00;12.1;1020;86;9.8;0;;;;
000EW;2025-02-21 03:20:00;12.1;1019.8;86;9.8;0;;;;
000EW;2025-02-21 03:30:00;12.1;1019.9;86;9.8;0;;;;
000EW;2025-02-21 03:40:00;12.1;1019.8;86;9.8;0;;;;
000EW;2025-02-21 03:50:00;12;1019.9;86;9.7;0;;;;
000EW;2025-02-21 04:00:00;12;1019.9;86;9.7;0;;;0;0
000EW;2025-02-21 04:10:00;12.1;1019.8;86;9.8;0;;;;
000EW;2025-02-21 04:20:00;12.1;1019.7;86;9.8;0;;;;
000EW;2025-02-21 04:30:00;12.1;1019.7;86;9.8;0;;;;
000EW;2025-02-21 04:40:00;12.1;1019.7;86;9.8;0;;;;
000EW;2025-02-21 04:50:00;12.1;1019.5;86;9.8;0;;;;
000EW;2025-02-21 05:00:00;12.1;1019.5;85;9.7;0;;;0;0
000EW;2025-02-21 05:10:00;11.9;1019.4;85;9.5;0;;;;
000EW;2025-02-21 05:20:00;11.7;1019.2;86;9.5;0;;;;
000EW;2025-02-21 05:30:00;11.6;1019.2;86;9.3;0;;;;
000EW;2025-02-21 05:40:00;11.4;1019;87;9.4;0;;;;
000EW;2025-02-21 05:50:00;11.3;1018.9;87;9.2;0;;;;
000EW;2025-02-21 06:00:00;11.3;1018.8;87;9.2;0;;;0;0
000EW;2025-02-21 06:10:00;11.3;1018.8;87;9.2;0;;;;
000EW;2025-02-21 06:20:00;11.2;1018.7;87;9.1;0;;;;
000EW;2025-02-21 06:30:00;11.2;1018.7;88;9.3;0;;;;
000EW;2025-02-21 06:40:00;11.1;1018.7;87;9;0;;;;
000EW;2025-02-21 06:50:00;11;1018.6;88;9.1;0;;;;
000EW;2025-02-21 07:00:00;11.1;1018.6;88;9.1;0;;;0;0
000EW;2025-02-21 07:10:00;11.1;1018.5;88;9.1;0;;;;
000EW;2025-02-21 07:20:00;11.1;1018.5;87;9;0;;;;
000EW;2025-02-21 07:30:00;11.2;1018.4;87;9.1;0;;;;
000EW;2025-02-21 07:40:00;11.3;1018.3;87;9.2;0;;;;
000EW;2025-02-21 07:50:00;11.4;1018.3;86;9.2;0;;;;
000EW;2025-02-21 08:00:00;11.7;1018.1;85;9.3;0;;;0;0
000EW;2025-02-21 08:10:00;11.9;1018.3;84;9.3;0;;;;
000EW;2025-02-21 08:20:00;12.2;1018.1;83;9.4;0;;;;
000EW;2025-02-21 08:30:00;12.4;1017.9;81;9.3;0;;;;
000EW;2025-02-21 08:40:00;12.7;1017.9;80;9.3;0;;;;
000EW;2025-02-21 08:50:00;12.8;1017.8;79;9.3;0;;;;
000EW;2025-02-21 09:00:00;12.9;1017.8;79;9.4;0;;;0;0
000EW;2025-02-21 09:10:00;13.1;1017.7;78;9.3;0;;;;
000EW;2025-02-21 09:20:00;13.2;1017.7;78;9.5;0;;;;
000EW;2025-02-21 09:30:00;13.4;1017.6;77;9.5;0;;;;
000EW;2025-02-21 09:40:00;13.6;1017.6;76;9.4;0;;;;
000EW;2025-02-21 09:50:00;13.7;1017.6;76;9.5;0;;;;
000EW;2025-02-21 10:00:00;13.9;1017.5;75;9.6;0;;;0;0
000EW;2025-02-21 10:10:00;14.2;1017.4;75;9.8;0;;;;
000EW;2025-02-21 10:20:00;14.4;1017.2;74;9.9;0;;;;
000EW;2025-02-21 10:30:00;14.7;1017.2;73;9.9;0;;;;
000EW;2025-02-21 10:40:00;15.1;1017.1;72;10.1;0;;;;
000EW;2025-02-21 10:50:00;15.5;1017;70;10;0;;;;
000EW;2025-02-21 11:00:00;15.6;1016.9;69;9.9;0;;;0;0
000EW;2025-02-21 11:10:00;15.6;1016.7;70;10.1;0;;;;
000EW;2025-02-21 11:20:00;15.6;1016.6;70;10.2;0.8;;113;;
000EW;2025-02-21 11:30:00;15.7;1016.4;70;10.2;0;;;;
000EW;2025-02-21 11:40:00;15.7;1016.2;70;10.3;0;;;;
000EW;2025-02-21 11:50:00;15.9;1016.1;70;10.4;0;;;;
000EW;2025-02-21 12:00:00;16.1;1015.9;69;10.4;0;;;0;0
000EW;2025-02-21 12:10:00;16.2;1015.8;68;10.3;0;;;;
000EW;2025-02-21 12:20:00;16.2;1015.7;67;10;0;;;;
000EW;2025-02-21 12:30:00;16.2;1015.5;67;10;0;;;;
000EW;2025-02-21 12:40:00;16.2;1015.2;67;10.1;0;;;;
000EW;2025-02-21 12:50:00;16.3;1015.2;66;10;0;;;;
000EW;2025-02-21 13:00:00;16.4;1015;66;10;0;;;0;0
000EW;2025-02-21 13:10:00;16.3;1015;66;10;0;;;;
000EW;2025-02-21 13:20:00;16.4;1014.8;66;10;0;;;;
000EW;2025-02-21 13:30:00;16.4;1014.8;66;10.1;0;;;;
000EW;2025-02-21 13:40:00;16.4;1014.6;66;10.1;0;;;;
000EW;2025-02-21 13:50:00;16.5;1014.5;65;9.9;0.8;;158;;
000EW;2025-02-21 14:00:00;16.5;1014.3;65;9.9;0;;;0;0
000EW;2025-02-21 14:10:00;16.6;1014.1;65;9.9;0;;;;
000EW;2025-02-21 14:20:00;16.6;1014.1;65;10;0;;;;
000EW;2025-02-21 14:30:00;16.6;1014.1;64;9.8;0;;;;
000EW;2025-02-21 14:40:00;16.6;1014;64;9.8;0;;;;
000EW;2025-02-21 14:50:00;16.7;1013.9;64;9.8;0;;;;
000EW;2025-02-21 15:00:00;16.7;1013.7;64;9.8;0;;;0;0
000EW;2025-02-21 15:10:00;16.6;1013.6;64;9.8;0;;;;
000EW;2025-02-21 15:20:00;16.6;1013.4;64;9.7;0;;;;
000EW;2025-02-21 15:30:00;16.6;1013.3;64;9.8;0;;;;
000EW;2025-02-21 15:40:00;16.6;1013.3;63;9.5;0;;;;
000EW;2025-02-21 15:50:00;16.6;1013.2;63;9.5;0;;;;
000EW;2025-02-21 16:00:00;16.6;1013.1;63;9.5;0;;;0;0
000EW;2025-02-21 16:10:00;16.5;1013;63;9.4;0;;;;
000EW;2025-02-21 16:20:00;16.4;1013;63;9.4;0;;;;
000EW;2025-02-21 16:30:00;16.4;1013;63;9.3;0;;;;
000EW;2025-02-21 16:40:00;16.3;1013;63;9.3;0;;;;
000EW;2025-02-21 16:50:00;16.3;1012.9;63;9.2;0;;;;
000EW;2025-02-21 17:00:00;16.2;1013;63;9.1;0;;;0;0
000EW;2025-02-21 17:10:00;16.1;1013;63;9;0;;;;
000EW;2025-02-21 17:20:00;16;1013.1;63;9;0;;;;
000EW;2025-02-21 17:30:00;15.9;1013;64;9.1;0;;;;
000EW;2025-02-21 17:40:00;15.8;1013.1;64;9;0;;;;
000EW;2025-02-21 17:50:00;15.7;1013.1;65;9.2;0;;;;
000EW;2025-02-21 18:00:00;15.6;1013.2;65;9.1;0;;;0;0
000EW;2025-02-21 18:10:00;15.6;1013.2;65;9;0;;;;
000EW;2025-02-21 18:20:00;15.4;1013.2;66;9.1;0;;;;
000EW;2025-02-21 18:30:00;15.4;1013.2;66;9.1;0;;;;
000EW;2025-02-21 18:40:00;15.4;1013.2;67;9.3;0;;;;
000EW;2025-02-21 18:50:00;15.3;1013.1;67;9.2;0;;;;
000EW;2025-02-21 19:00:00;15.3;1013.1;67;9.2;0;;;0;0
000EW;2025-02-21 19:10:00;15.3;1013.1;67;9.2;0;;;;
000EW;2025-02-21 19:20:00;15.3;1013;67;9.2;0;;;;
000EW;2025-02-21 19:30:00;15.2;1013;67;9.1;0;;;;
000EW;2025-02-21 19:40:00;15.2;1012.9;68;9.3;0;;;;
000EW;2025-02-21 19:50:00;15.1;1013;68;9.2;0;;;;
000EW;2025-02-21 20:00:00;15.1;1013;68;9.2;0;;;0;0
000EW;2025-02-21 20:10:00;15;1012.9;68;9.1;0;;;;
000EW;2025-02-21 20:20:00;14.9;1012.9;68;9.1;0;;;;
000EW;2025-02-21 20:30:00;14.9;1013;69;9.3;0;;;;
000EW;2025-02-21 20:40:00;14.8;1012.9;69;9.2;0;;;;
000EW;2025-02-21 20:50:00;14.8;1012.9;69;9.1;0;;;;
000EW;2025-02-21 21:00:00;14.7;1012.8;70;9.3;0;;;0;0
000EW;2025-02-21 21:10:00;14.7;1012.7;70;9.3;0;;;;
000EW;2025-02-21 21:20:00;14.6;1012.7;70;9.2;0;;;;
000EW;2025-02-21 21:30:00;14.6;1012.6;70;9.1;0;;;;
000EW;2025-02-21 21:40:00;14.5;1012.6;70;9.1;0;;;;
000EW;2025-02-21 21:50:00;14.4;1012.4;70;9;0;;;;
000EW;2025-02-21 22:00:00;14.4;1012.3;70;9;0;;;0;0
000EW;2025-02-21 22:10:00;14.3;1012.3;70;8.9;0;;;;
000EW;2025-02-21 22:20:00;14.3;1012.1;70;8.9;0;;;;
000EW;2025-02-21 22:30:00;14.3;1012.3;70;8.9;0;;;;
000EW;2025-02-21 22:40:00;14.2;1012.4;70;8.8;0;;;;
000EW;2025-02-21 22:50:00;14.2;1012.5;71;9;0;;;;
000EW;2025-02-21 23:00:00;14.1;1012.5;72;9.1;0;;;0;0
000EW;2025-02-21 23:10:00;13.9;1012.5;72;9;0;;;;
000EW;2025-02-21 23:20:00;13.8;1012.4;73;9.1;0;;;;
000EW;2025-02-21 23:30:00;13.7;1012.4;73;8.9;0;;;;
000EW;2025-02-21 23:40:00;13.6;1012.4;74;9.1;0;;;;
000EW;2025-02-21 23:50:00;13.5;1012.5;74;9;0;;;;
000EW;2025-02-22 00:00:00;13.4;1012.3;74;8.9;0;;;0;0
000EW;2025-02-22 00:10:00;13.4;1012.2;74;8.8;0;;;;
000EW;2025-02-22 00:20:00;13.3;1012.1;73;8.6;0;;;;
000EW;2025-02-22 00:30:00;13.3;1012.1;73;8.6;0;;;;
000EW;2025-02-22 00:40:00;13.3;1012;73;8.6;0;;;;
000EW;2025-02-22 00:50:00;13.3;1011.9;72;8.4;0;;;;
000EW;2025-02-22 01:00:00;13.3;1011.9;71;8.1;0;;;0;0
000EW;2025-02-22 01:10:00;13.3;1011.8;71;8.1;0;;;;
000EW;2025-02-22 01:20:00;13.2;1011.9;70;7.9;0;;;;
000EW;2025-02-22 01:30:00;13.2;1011.8;70;7.9;0;;;;
000EW;2025-02-22 01:40:00;13.2;1011.6;70;7.9;0;;;;
000EW;2025-02-22 01:50:00;13.2;1011.5;69;7.6;0;;;;
000EW;2025-02-22 02:00:00;13.2;1011.5;69;7.6;0;;;0;0
000EW;2025-02-22 02:10:00;13.2;1011.3;69;7.6;0;;;;
000EW;2025-02-22 02:20:00;13.1;1011.2;69;7.6;0;;;;
000EW;2025-02-22 02:30:00;13.1;1011.2;69;7.6;0;;;;
000EW;2025-02-22 02:40:00;13.1;1011.1;70;7.7;0;;;;
000EW;2025-02-22 02:50:00;13;1011.1;70;7.7;0;;;;
000EW;2025-02-22 03:00:00;12.9;1011;71;7.8;0;;;0;0
000EW;2025-02-22 03:10:00;12.8;1011;71;7.7;0;;;;
000EW;2025-02-22 03:20:00;12.7;1010.9;72;7.8;0;;;;
000EW;2025-02-22 03:30:00;12.6;1010.9;73;7.9;0;;;;
000EW;2025-02-22 03:40:00;12.4;1010.9;74;7.9;0;;;;
000EW;2025-02-22 03:50:00;12.3;1010.9;75;8;0;;;;
000EW;2025-02-22 04:00:00;12.3;1011;75;8;0;;;0;0
000EW;2025-02-22 04:10:00;12.2;1011;76;8.1;0;;;;
000EW;2025-02-22 04:20:00;12.2;1011.1;76;8.1;0;;;;
000EW;2025-02-22 04:30:00;12.1;1011;76;8;0;;;;
000EW;2025-02-22 04:40:00;12.1;1011.1;77;8.1;0;;;;
000EW;2025-02-22 04:50:00;12;1011.4;77;8.1;0;;;;
000EW;2025-02-22 05:00:00;11.9;1011.4;78;8.2;0;;;0;0.2
000EW;2025-02-22 05:10:00;11.8;1011.3;79;8.3;0;;;;
000EW;2025-02-22 05:20:00;11.7;1011.3;80;8.4;0;;;;
000EW;2025-02-22 05:30:00;11.6;1011.5;81;8.5;0;;;;
000EW;2025-02-22 05:40:00;11.6;1011.5;81;8.4;0;;;;
000EW;2025-02-22 05:50:00;11.4;1011.8;82;8.5;0;;;;
000EW;2025-02-22 06:00:00;11.3;1011.9;83;8.5;0;;;0.8;0.6
000EW;2025-02-22 06:10:00;11.2;1011.9;85;8.7;0;;;;
000EW;2025-02-22 06:20:00;11;1011.7;86;8.7;0;;;;
000EW;2025-02-22 06:30:00;10.8;1011.9;87;8.8;0;;;;
000EW;2025-02-22 06:40:00;10.8;1012;88;8.9;0;;;;
000EW;2025-02-22 06:50:00;10.7;1012;88;8.8;0;;;;
000EW;2025-02-22 07:00:00;10.7;1011.9;88;8.8;0;;;0;0.8
000EW;2025-02-22 07:10:00;10.7;1012;89;8.9;0;;;;
000EW;2025-02-22 07:20:00;10.7;1012;89;8.9;0;;;;
000EW;2025-02-22 07:30:00;10.7;1012.2;89;8.9;0;;;;
000EW;2025-02-22 07:40:00;10.7;1012.3;89;8.9;0;;;;
000EW;2025-02-22 07:50:00;10.7;1012.3;90;9.1;0;;;;
000EW;2025-02-22 08:00:00;10.7;1012.5;90;9.1;0.8;;135;0;0
000EW;2025-02-22 08:10:00;10.7;1012.5;90;9.1;0;;;;
000EW;2025-02-22 08:20:00;10.7;1012.7;90;9.1;0;;;;
000EW;2025-02-22 08:30:00;10.8;1012.7;91;9.4;0;;;;
000EW;2025-02-22 08:40:00;10.8;1012.8;91;9.4;0;;;;
000EW;2025-02-22 08:50:00;10.8;1012.8;91;9.4;0;;;;
000EW;2025-02-22 09:00:00;10.9;1012.9;91;9.5;0;;;0.8;0
000EW;2025-02-22 09:10:00;11;1012.9;91;9.6;0;;;;
000EW;2025-02-22 09:20:00;11.1;1013.2;91;9.6;0;;;;
000EW;2025-02-22 09:30:00;11.1;1013.3;91;9.6;0;;;;
000EW;2025-02-22 09:40:00;11.2;1013.4;91;9.8;0;;;;
000EW;2025-02-22 09:50:00;11.2;1013.5;91;9.8;0;;;;
000EW;2025-02-22 10:00:00;11.2;1013.7;91;9.8;0;;;0;0
000EW;2025-02-22 10:10:00;11.3;1014;90;9.7;0;;;;
000EW;2025-02-22 10:20:00;11.3;1014.1;91;9.9;0;;;;
000EW;2025-02-22 10:30:00;11.5;1014.1;90;9.9;0;;;;
000EW;2025-02-22 10:40:00;11.7;1014.3;88;9.8;0;;;;
000EW;2025-02-22 10:50:00;12;1014.6;86;9.7;0;;;;
000EW;2025-02-22 11:00:00;12.2;1014.7;85;9.7;0;;;0;0
000EW;2025-02-22 11:10:00;12.2;1014.8;84;9.6;0;;;;
000EW;2025-02-22 11:20:00;12.2;1014.9;85;9.7;0;;;;
000EW;2025-02-22 11:30:00;11.9;1015.1;86;9.7;0;;;;
000EW;2025-02-22 11:40:00;11.7;1015.3;86;9.4;0;;;;
000EW;2025-02-22 11:50:00;11.7;1015.3;86;9.4;0.8;;270;;
000EW;2025-02-22 12:00:00;12.1;1015.3;86;9.8;0;;;0.2;0.2
000EW;2025-02-22 12:10:00;12.2;1015.4;84;9.6;0;;;;
000EW;2025-02-22 12:20:00;12.3;1015.5;82;9.3;0;;;;
000EW;2025-02-22 12:30:00;12.5;1015.7;79;9;0;;;;
000EW;2025-02-22 12:40:00;12.9;1016;76;8.8;0;;;;
000EW;2025-02-22 12:50:00;13.2;1016.2;74;8.7;1.6;;225;;
000EW;2025-02-22 13:00:00;13.7;1016.4;71;8.5;0;;;0;0
000EW;2025-02-22 13:10:00;13.4;1016.6;69;7.9;0.8;;248;;
000EW;2025-02-22 13:20:00;13.3;1016.9;70;8;1.6;;248;;
000EW;2025-02-22 13:30:00;13.6;1017;70;8.2;0;;;;
000EW;2025-02-22 13:40:00;13.7;1017.3;68;7.9;0.8;;68;;
000EW;2025-02-22 13:50:00;13.8;1017.4;67;7.8;0.8;;203;;
000EW;2025-02-22 14:00:00;13.9;1017.6;67;7.9;0;;;0;0
000EW;2025-02-22 14:10:00;13.8;1017.7;67;7.8;0;;;;
000EW;2025-02-22 14:20:00;14.2;1017.8;66;8;0;;;;
000EW;2025-02-22 14:30:00;14.4;1017.9;66;8.2;0;;;;
000EW;2025-02-22 14:40:00;14.4;1018;67;8.4;0;;;;
000EW;2025-02-22 14:50:00;14.5;1018;66;8.2;0;;;;
000EW;2025-02-22 15:00:00;14.1;1018.1;67;8;0;;;0;0
000EW;2025-02-22 15:10:00;14.1;1018.2;68;8.3;0;;;;
000EW;2025-02-22 15:20:00;14.2;1018.2;67;8.1;0;;;;
000EW;2025-02-22 15:30:00;14.2;1018.4;67;8.2;0;;;;
000EW;2025-02-22 15:40:00;14.3;1018.6;67;8.3;0;;;;
000EW;2025-02-22 15:50:00;14.4;1018.8;66;8.2;0;;;;
000EW;2025-02-22 16:00:00;14.3;1019;67;8.2;0;;;0;0
000EW;2025-02-22 16:10:00;14.4;1019.1;65;7.9;0;;;;
000EW;2025-02-22 16:20:00;14.3;1019.3;66;8;0;;;;
000EW;2025-02-22 16:30:00;14.3;1019.5;65;7.8;0;;;;
000EW;2025-02-22 16:40:00;14.2;1019.7;65;7.7;0;;;;
000EW;2025-02-22 16:50:00;14.1;1019.8;65;7.6;0;;;;
000EW;2025-02-22 17:00:00;14;1020.2;65;7.5;0;;;0;0
000EW;2025-02-22 17:10:00;13.9;1020.5;66;7.6;0;;;;
000EW;2025-02-22 17:20:00;13.8;1020.7;67;7.8;0;;;;
000EW;2025-02-22 17:30:00;13.8;1020.9;68;8;0;;;;
000EW;2025-02-22 17:40:00;13.7;1021.1;68;7.9;0;;;;
000EW;2025-02-22 17:50:00;13.6;1021.2;68;7.8;0;;;;
000EW;2025-02-22 18:00:00;13.6;1021.4;69;8;0;;;0;0
000EW;2025-02-22 18:10:00;13.4;1021.5;70;8.1;0;;;;
000EW;2025-02-22 18:20:00;13.3;1021.6;70;8;0;;;;
000EW;2025-02-22 18:30:00;13.2;1021.7;71;8;0;;;;
000EW;2025-02-22 18:40:00;13.1;1021.9;72;8.2;0;;;;
000EW;2025-02-22 18:50:00;13;1022.1;72;8.1;0;;;;
000EW;2025-02-22 19:00:00;12.8;1022.4;72;7.9;0;;;0;0
000EW;2025-02-22 19:10:00;12.7;1022.6;72;7.8;0;;;;
000EW;2025-02-22 19:20:00;12.6;1022.7;73;7.9;0;;;;
000EW;2025-02-22 19:30:00;12.5;1022.8;74;8;0;;;;
000EW;2025-02-22 19:40:00;12.4;1022.9;74;7.9;0;;;;
000EW;2025-02-22 19:50:00;12.2;1023.1;73;7.5;0;;;;
000EW;2025-02-22 20:00:00;12.1;1023.2;74;7.6;0;;;0;0
000EW;2025-02-22 20:10:00;12.1;1023.4;74;7.6;0;;;;
000EW;2025-02-22 20:20:00;11.9;1023.6;74;7.4;0;;;;
000EW;2025-02-22 20:30:00;11.8;1023.7;75;7.5;0;;;;
000EW;2025-02-22 20:40:00;11.7;1023.9;75;7.4;0;;;;
000EW;2025-02-22 20:50:00;11.5;1024;76;7.4;0;;;;
000EW;2025-02-22 21:00:00;11.6;1024;77;7.7;0;;;0;0
000EW;2025-02-22 21:10:00;11.4;1024.2;77;7.6;0;;;;
000EW;2025-02-22 21:20:00;11.2;1024.3;77;7.3;0;;;;
000EW;2025-02-22 21:30:00;10.9;1024.5;78;7.3;0;;;;
000EW;2025-02-22 21:40:00;10.9;1024.7;79;7.4;0;;;;
000EW;2025-02-22 21:50:00;10.8;1024.8;80;7.5;0;;;;
000EW;2025-02-22 22:00:00;10.6;1024.9;81;7.4;0;;;0;0
000EW;2025-02-22 22:10:00;10.4;1025.1;81;7.3;0;;;;
000EW;2025-02-22 22:20:00;10.3;1025;82;7.3;0;;;;
000EW;2025-02-22 22:30:00;10.2;1025.1;83;7.4;0;;;;
000EW;2025-02-22 22:40:00;10.1;1025.1;83;7.3;0;;;;
000EW;2025-02-22 22:50:00;10;1025.3;84;7.4;0;;;;
000EW;2025-02-22 23:00:00;9.9;1025.4;84;7.4;0;;;0;0
000EW;2025-02-22 23:10:00;9.8;1025.5;84;7.3;0;;;;
000EW;2025-02-22 23:20:00;9.7;1025.6;85;7.3;0;;;;
000EW;2025-02-22 23:30:00;9.6;1025.7;85;7.2;0;;;;
000EW;2025-02-22 23:40:00;9.4;1025.7;85;7;0;;;;
000EW;2025-02-22 23:50:00;9.3;1025.8;86;7.1;0;;;;
000EW;2025-02-23 00:00:00;9.2;1025.8;86;7;0;;;0;0
000EW;2025-02-23 00:10:00;9.1;1025.7;86;6.9;0;;;;
000EW;2025-02-23 00:20:00;9.1;1025.6;87;7;0;;;;
000EW;2025-02-23 00:30:00;8.9;1025.8;87;6.8;0;;;;
000EW;2025-02-23 00:40:00;8.8;1025.9;87;6.8;0;;;;
000EW;2025-02-23 00:50:00;8.8;1026;88;6.9;0;;;;
000EW;2025-02-23 01:00:00;8.7;1026;88;6.8;0;;;0;0
000EW;2025-02-23 01:10:00;8.7;1026.2;88;6.8;0;;;;
000EW;2025-02-23 01:20:00;8.6;1026.3;88;6.7;0;;;;
000EW;2025-02-23 01:30:00;8.6;1026.4;88;6.7;0;;;;
000EW;2025-02-23 01:40:00;8.5;1026.5;89;6.8;0;;;;
000EW;2025-02-23 01:50:00;8.4;1026.7;89;6.7;0;;;;
000EW;2025-02-23 02:00:00;8.3;1026.7;89;6.6;0;;;0;0
000EW;2025-02-23 02:10:00;8.2;1026.7;89;6.5;0;;;;
000EW;2025-02-23 02:20:00;8.1;1026.4;89;6.4;0;;;;
000EW;2025-02-23 02:30:00;7.9;1026.6;89;6.2;0;;;;
000EW;2025-02-23 02:40:00;7.8;1026.5;90;6.3;0;;;;
000EW;2025-02-23 02:50:00;7.7;1026.4;90;6.2;0;;;;
000EW;2025-02-23 03:00:00;7.6;1026.5;90;6.1;0;;;0;0
000EW;2025-02-23 03:10:00;7.5;1026.6;90;6;0;;;;
000EW;2025-02-23 03:20:00;7.4;1026.4;90;5.9;0;;;;
000EW;2025-02-23 03:30:00;7.3;1026.5;90;5.8;0;;;;
000EW;2025-02-23 03:40:00;7.2;1026.4;90;5.6;0;;;;
000EW;2025-02-23 03:50:00;7.1;1026.5;91;5.7;0;;;;
000EW;2025-02-23 04:00:00;7;1026.6;91;5.6;0;;;0;0
000EW;2025-02-23 04:10:00;6.9;1026.8;91;5.6;0;;;;
000EW;2025-02-23 04:20:00;6.8;1026.9;91;5.5;0;;;;
000EW;2025-02-23 04:30:00;6.9;1026.9;91;5.5;0;;;;
000EW;2025-02-23 04:40:00;6.9;1026.9;91;5.5;0;;;;
000EW;2025-02-23 04:50:00;6.8;1026.9;91;5.5;0;;;;
000EW;2025-02-23 05:00:00;6.7;1026.9;91;5.4;0;;;0;0
000EW;2025-02-23 05:10:00;6.6;1026.8;91;5.2;0;;;;
000EW;2025-02-23 05:20:00;6.4;1026.9;91;5.1;0;;;;
000EW;2025-02-23 05:30:00;6.3;1027;91;5;0;;;;
000EW;2025-02-23 05:40:00;6.3;1027.1;92;5.1;0;;;;
000EW;2025-02-23 05:50:00;6.3;1027.1;92;5.1;0;;;;
000EW;2025-02-23 06:00:00;6.3;1027;92;5.1;0;;;0;0
000EW;2025-02-23 06:10:00;6.1;1027;92;4.9;0;;;;
000EW;2025-02-23 06:20:00;6;1027.1;92;4.8;0;;;;
000EW;2025-02-23 06:30:00;6;1027.2;92;4.8;0;;;;
000EW;2025-02-23 06:40:00;6;1027.4;92;4.8;0;;;;
000EW;2025-02-23 06:50:00;6;1027.7;92;4.8;0;;;;
000EW;2025-02-23 07:00:00;6.1;1027.8;92;4.9;0;;;0;0
000EW;2025-02-23 07:10:00;6.1;1027.9;92;4.9;0;;;;
000EW;2025-02-23 07:20:00;6.2;1027.9;92;5;0;;;;
000EW;2025-02-23 07:30:00;6.3;1028;92;5.1;0;;;;
000EW;2025-02-23 07:40:00;6.4;1028.1;92;5.2;0;;;;
000EW;2025-02-23 07:50:00;6.6;1028.2;92;5.3;0;;;;
000EW;2025-02-23 08:00:00;6.7;1028.3;91;5.4;0;;;0;0
000EW;2025-02-23 08:10:00;6.8;1028.4;91;5.5;0;;;;
000EW;2025-02-23 08:20:00;6.9;1028.4;91;5.6;0;;;;
000EW;2025-02-23 08:30:00;7.2;1028.6;91;5.8;0;;;;
000EW;2025-02-23 08:40:00;7.4;1028.7;91;6.1;0;;;;
000EW;2025-02-23 08:50:00;7.7;1028.8;90;6.2;0;;;;
000EW;2025-02-23 09:00:00;8.1;1028.9;89;6.4;0;;;0;0
000EW;2025-02-23 09:10:00;8.4;1028.8;89;6.7;0;;;;
000EW;2025-02-23 09:20:00;8.8;1028.8;88;7;0;;;;
000EW;2025-02-23 09:30:00;9.2;1028.9;87;7.1;0;;;;
000EW;2025-02-23 09:40:00;9.5;1028.9;85;7.1;0;;;;
000EW;2025-02-23 09:50:00;10.1;1028.7;85;7.6;0;;;;
000EW;2025-02-23 10:00:00;10.5;1028.8;84;7.9;0;;;0;0
000EW;2025-02-23 10:10:00;10.9;1028.7;83;8.2;0;;;;
000EW;2025-02-23 10:20:00;11.6;1028.8;81;8.4;0;;;;
000EW;2025-02-23 10:30:00;11.9;1028.6;80;8.5;0;;;;
000EW;2025-02-23 10:40:00;12.2;1028.6;79;8.6;0;;;;
000EW;2025-02-23 10:50:00;12.3;1028.6;79;8.8;0;;;;
000EW;2025-02-23 11:00:00;12.4;1028.7;78;8.7;0;;;0;0
000EW;2025-02-23 11:10:00;12.8;1028.6;77;8.8;0;;;;
000EW;2025-02-23 11:20:00;12.9;1028.5;76;8.8;0;;;;
000EW;2025-02-23 11:30:00;13.1;1028.4;74;8.5;0;;;;
000EW;2025-02-23 11:40:00;13.2;1028.3;74;8.7;0;;;;
000EW;2025-02-23 11:50:00;13.4;1028.2;72;8.5;0;;;;
000EW;2025-02-23 12:00:00;13.6;1028.2;71;8.4;0;;;0;0
000EW;2025-02-23 12:10:00;13.8;1028.1;70;8.4;0;;;;
000EW;2025-02-23 12:20:00;14.1;1028;69;8.5;0;;;;
000EW;2025-02-23 12:30:00;14.1;1027.9;69;8.5;0;;;;
000EW;2025-02-23 12:40:00;14.1;1027.8;69;8.5;0;;;;
000EW;2025-02-23 12:50:00;14.2;1027.7;69;8.6;0;;;;
000EW;2025-02-23 13:00:00;14.5;1027.5;67;8.4;0;;;0;0
000EW;2025-02-23 13:10:00;14.5;1027.4;66;8.2;0;;;;
000EW;2025-02-23 13:20:00;14.6;1027.3;66;8.3;0;;;;
000EW;2025-02-23 13:30:00;14.6;1027.3;65;8.1;0;;;;
000EW;2025-02-23 13:40:00;14.8;1026.9;65;8.3;0;;;;
000EW;2025-02-23 13:50:00;14.9;1026.8;63;7.9;0;;;;
000EW;2025-02-23 14:00:00;14.7;1026.6;64;7.9;0;;;0;0
000EW;2025-02-23 14:10:00;14.8;1026.4;63;7.8;0;;;;
000EW;2025-02-23 14:20:00;14.8;1026.3;61;7.4;0.8;;225;;
000EW;2025-02-23 14:30:00;14.8;1026.2;61;7.4;0;;;;
000EW;2025-02-23 14:40:00;14.8;1025.9;62;7.6;1.6;;203;;
000EW;2025-02-23 14:50:00;14.9;1025.9;60;7.2;0;;;;
000EW;2025-02-23 15:00:00;14.7;1025.8;60;7;0;;;0;0
000EW;2025-02-23 15:10:00;14.6;1025.9;62;7.4;0.8;;293;;
000EW;2025-02-23 15:20:00;14.3;1025.8;64;7.6;0;;;;
000EW;2025-02-23 15:30:00;14.2;1025.8;65;7.7;0;;;;
000EW;2025-02-23 15:40:00;14.1;1025.8;67;8;0;;;;
000EW;2025-02-23 15:50:00;13.8;1025.7;69;8.2;0;;;;
000EW;2025-02-23 16:00:00;13.8;1025.8;70;8.4;0.8;;180;0;0
000EW;2025-02-23 16:10:00;13.7;1025.6;71;8.5;0;;;;
000EW;2025-02-23 16:20:00;13.7;1025.5;72;8.7;0;;;;
000EW;2025-02-23 16:30:00;13.7;1025.3;72;8.7;0;;;;
000EW;2025-02-23 16:40:00;13.7;1025.5;72;8.7;0;;;;
000EW;2025-02-23 16:50:00;13.7;1025.6;72;8.8;0;;;;
000EW;2025-02-23 17:00:00;13.7;1025.8;72;8.8;0;;;0;0
000EW;2025-02-23 17:10:00;13.7;1025.8;73;9;0;;;;
000EW;2025-02-23 17:20:00;13.7;1025.8;73;8.9;0;;;;
000EW;2025-02-23 17:30:00;13.6;1025.7;73;8.8;0;;;;
000EW;2025-02-23 17:40:00;13.5;1025.9;74;9;0;;;;
000EW;2025-02-23 17:50:00;13.4;1026;74;8.9;0;;;;
000EW;2025-02-23 18:00:00;13.4;1026.1;74;8.8;0;;;0;0
000EW;2025-02-23 18:10:00;13.4;1026.1;74;8.9;0;;;;
000EW;2025-02-23 18:20:00;13.4;1026.1;73;8.6;0;;;;
000EW;2025-02-23 18:30:00;13.3;1025.9;73;8.5;0;;;;
000EW;2025-02-23 18:40:00;13.2;1025.9;74;8.7;0;;;;
000EW;2025-02-23 18:50:00;13.2;1026;74;8.6;0;;;;
000EW;2025-02-23 19:00:00;13.2;1026.1;73;8.4;0;;;0;0
000EW;2025-02-23 19:10:00;13.1;1026.1;73;8.4;0;;;;
000EW;2025-02-23 19:20:00;13.1;1026;73;8.3;0;;;;
000EW;2025-02-23 19:30:00;13;1025.9;73;8.3;0;;;;
000EW;2025-02-23 19:40:00;12.9;1025.7;73;8.2;0;;;;
000EW;2025-02-23 19:50:00;12.8;1025.6;73;8.1;0;;;;
000EW;2025-02-23 20:00:00;12.8;1025.5;73;8.1;0;;;0;0
000EW;2025-02-23 20:10:00;12.7;1025.4;73;8;0;;;;
000EW;2025-02-23 20:20:00;12.7;1025.4;74;8.2;0;;;;
000EW;2025-02-23 20:30:00;12.6;1025.5;74;8;0;;;;
000EW;2025-02-23 20:40:00;12.5;1025.6;75;8.2;0;;;;
000EW;2025-02-23 20:50:00;12.4;1025.5;75;8.1;0;;;;
000EW;2025-02-23 21:00:00;12.4;1025.3;75;8.1;0;;;0;0
000EW;2025-02-23 21:10:00;12.3;1025.3;75;8;0;;;;
000EW;2025-02-23 21:20:00;12.2;1025.2;76;8.1;0;;;;
000EW;2025-02-23 21:30:00;12.1;1024.9;76;8;0;;;;
000EW;2025-02-23 21:40:00;12;1024.8;76;7.9;0;;;;
000EW;2025-02-23 21:50:00;11.8;1024.5;77;7.9;0;;;;
000EW;2025-02-23 22:00:00;11.7;1024.5;77;7.8;0;;;0;0
000EW;2025-02-23 22:10:00;11.7;1024.6;77;7.8;0;;;;
000EW;2025-02-23 22:20:00;11.7;1024.6;77;7.8;0;;;;
000EW;2025-02-23 22:30:00;11.7;1024.6;77;7.8;0;;;;
000EW;2025-02-23 22:40:00;11.7;1024.7;77;7.8;0;;;;
000EW;2025-02-23 22:50:00;11.8;1024.9;77;7.9;0;;;;
000EW;2025-02-23 23:00:00;11.9;1024.6;77;8;0;;;0;0
000EW;2025-02-23 23:10:00;11.9;1024.5;76;7.8;0;;;;
000EW;2025-02-23 23:20:00;12;1024.4;76;7.9;0;;;;
000EW;2025-02-23 23:30:00;11.9;1024.3;76;7.8;0;;;;
000EW;2025-02-23 23:40:00;11.9;1024.2;76;7.8;0;;;;
000EW;2025-02-23 23:50:00;11.9;1024;76;7.8;0;;;;
000EW;2025-02-24 00:00:00;11.9;1023.7;76;7.8;0;;;0;0
000EW;2025-02-24 00:10:00;11.8;1023.3;76;7.7;0;;;;
000EW;2025-02-24 00:20:00;11.8;1023.3;76;7.7;0;;;;
000EW;2025-02-24 00:30:00;11.7;1023.1;77;7.8;0;;;;
000EW;2025-02-24 00:40:00;11.7;1023.3;77;7.8;0;;;;
000EW;2025-02-24 00:50:00;11.7;1023.2;77;7.8;0;;;;
000EW;2025-02-24 01:00:00;11.6;1023;77;7.7;0.8;;225;0;0
000EW;2025-02-24 01:10:00;11.6;1022.9;77;7.7;0.8;;180;;
000EW;2025-02-24 01:20:00;11.6;1022.7;77;7.7;0;;;;
000EW;2025-02-24 01:30:00;11.6;1022.7;77;7.7;0;;;;
000EW;2025-02-24 01:40:00;11.6;1022.6;77;7.7;0;;;;
000EW;2025-02-24 01:50:00;11.6;1022.6;77;7.7;0;;;;
000EW;2025-02-24 02:00:00;11.6;1022.4;77;7.7;0;;;0;0
000EW;2025-02-24 02:10:00;11.5;1022.1;77;7.6;0;;;;
000EW;2025-02-24 02:20:00;11.5;1022.2;78;7.8;0;;;;
000EW;2025-02-24 02:30:00;11.4;1022.3;78;7.7;0;;;;
000EW;2025-02-24 02:40:00;11.4;1022.1;78;7.7;0;;;;
000EW;2025-02-24 02:50:00;11.4;1021.9;78;7.7;0;;;;
000EW;2025-02-24 03:00:00;11.3;1021.7;78;7.6;0;;;0;0
000EW;2025-02-24 03:10:00;11.2;1021.7;79;7.7;0;;;;
000EW;2025-02-24 03:20:00;11.2;1021.5;79;7.7;0;;;;
000EW;2025-02-24 03:30:00;11.1;1021.4;79;7.6;0;;;;
000EW;2025-02-24 03:40:00;11.1;1021.4;80;7.7;0;;;;
000EW;2025-02-24 03:50:00;11;1021;80;7.7;0;;;;
000EW;2025-02-24 04:00:00;11;1021;80;7.7;0;;;0;0
000EW;2025-02-24 04:10:00;10.9;1020.9;80;7.6;0;;;;
000EW;2025-02-24 04:20:00;10.9;1020.8;80;7.6;0;;;;
000EW;2025-02-24 04:30:00;10.9;1020.7;81;7.8;0;;;;
000EW;2025-02-24 04:40:00;10.9;1020.7;81;7.8;0;;;;
000EW;2025-02-24 04:50:00;10.9;1020.6;81;7.8;0;;;;
000EW;2025-02-24 05:00:00;10.8;1020.4;81;7.7;0;;;0;0
000EW;2025-02-24 05:10:00;10.9;1020.5;81;7.8;0;;;;
000EW;2025-02-24 05:20:00;10.9;1020.3;80;7.6;0;;;;
000EW;2025-02-24 05:30:00;10.8;1020.3;80;7.5;0;;;;
000EW;2025-02-24 05:40:00;10.8;1020.3;80;7.5;0;;;;
000EW;2025-02-24 05:50:00;10.8;1020;80;7.5;0;;;;
000EW;2025-02-24 06:00:00;10.8;1020;80;7.5;0.8;;135;0;0
000EW;2025-02-24 06:10:00;10.9;1019.8;79;7.4;0;;;;
000EW;2025-02-24 06:20:00;10.9;1019.9;79;7.4;0;;;;
000EW;2025-02-24 06:30:00;10.9;1019.9;79;7.4;0;;;;
000EW;2025-02-24 06:40:00;10.9;1019.8;78;7.3;0;;;;
000EW;2025-02-24 06:50:00;10.9;1019.8;78;7.3;0;;;;
000EW;2025-02-24 07:00:00;10.9;1019.8;78;7.3;0;;;0;0
000EW;2025-02-24 07:10:00;10.9;1019.8;78;7.3;0;;;;
000EW;2025-02-24 07:20:00;10.9;1019.8;78;7.3;0;;;;
000EW;2025-02-24 07:30:00;10.9;1019.7;77;7.1;0;;;;
000EW;2025-02-24 07:40:00;11;1019.7;77;7.1;0;;;;
000EW;2025-02-24 07:50:00;11;1019.5;77;7.1;0;;;;
000EW;2025-02-24 08:00:00;11.1;1019.3;77;7.2;0;;;0;0
000EW;2025-02-24 08:10:00;11.1;1019.3;78;7.4;0;;;;
000EW;2025-02-24 08:20:00;11.2;1019.1;78;7.5;0.8;;225;;
000EW;2025-02-24 08:30:00;11.3;1018.8;78;7.6;1.6;;191;;
000EW;2025-02-24 08:40:00;11.3;1018.6;78;7.6;0.8;;248;;
000EW;2025-02-24 08:50:00;11.4;1018.7;79;7.9;1.6;;191;;
000EW;2025-02-24 09:00:00;11.5;1018.3;79;8;0.8;;203;0;0
000EW;2025-02-24 09:10:00;11.7;1018.2;79;8.1;0.8;;248;;
000EW;2025-02-24 09:20:00;11.8;1018.6;78;8.1;0;;;;
000EW;2025-02-24 09:30:00;11.9;1018.6;78;8.2;1.6;;225;;
000EW;2025-02-24 09:40:00;12.2;1018.3;77;8.3;0;;;;
000EW;2025-02-24 09:50:00;12.3;1018.3;76;8.2;0;;;;
000EW;2025-02-24 10:00:00;12.5;1018.3;75;8.2;0;;;0;0
000EW;2025-02-24 10:10:00;12.7;1018.2;74;8.2;0;;;;
000EW;2025-02-24 10:20:00;12.8;1018.3;74;8.3;0;;;;
000EW;2025-02-24 10:30:00;12.9;1018.2;73;8.2;0;;;;
000EW;2025-02-24 10:40:00;13.1;1018.1;72;8.1;0;;;;
000EW;2025-02-24 10:50:00;13.2;1018.1;72;8.2;0;;;;
000EW;2025-02-24 11:00:00;13.4;1018;70;8;0;;;0;0
000EW;2025-02-24 11:10:00;13.6;1018;69;8;0;;;;
000EW;2025-02-24 11:20:00;13.7;1018;69;8.1;0;;;;
000EW;2025-02-24 11:30:00;13.8;1017.9;67;7.8;0;;;;
000EW;2025-02-24 11:40:00;13.9;1017.8;67;7.9;0;;;;
000EW;2025-02-24 11:50:00;14;1017.9;66;7.7;0.8;;225;;
000EW;2025-02-24 12:00:00;14;1017.7;66;7.7;0;;;0;0
000EW;2025-02-24 12:10:00;14.1;1017.6;66;7.8;0;;;;
000EW;2025-02-24 12:20:00;14.1;1017.6;66;7.8;0;;;;
000EW;2025-02-24 12:30:00;14.1;1017.5;67;8;0;;;;
000EW;2025-02-24 12:40:00;14.1;1017.5;68;8.2;0;;;;
000EW;2025-02-24 12:50:00;14;1017.4;68;8.2;0;;;;
000EW;2025-02-24 13:00:00;13.9;1017.4;69;8.3;0;;;0;0
000EW;2025-02-24 13:10:00;13.8;1017.5;71;8.7;0.8;;225;;
000EW;2025-02-24 13:20:00;13.6;1017.5;73;8.9;0;;;;
000EW;2025-02-24 13:30:00;13.3;1017.6;75;8.9;0.8;;248;;
000EW;2025-02-24 13:40:00;12.9;1017.6;78;9.2;0;;;;
000EW;2025-02-24 13:50:00;12.7;1017.5;80;9.4;0.8;;270;;
000EW;2025-02-24 14:00:00;12.6;1017.5;82;9.6;1.6;;248;0;0.8
000EW;2025-02-24 14:10:00;12.4;1017.3;83;9.6;0;;;;
000EW;2025-02-24 14:20:00;12.4;1017.3;84;9.8;0;;;;
000EW;2025-02-24 14:30:00;12.3;1017.3;83;9.5;0;;;;
000EW;2025-02-24 14:40:00;12.4;1017.4;83;9.6;0.8;;270;;
000EW;2025-02-24 14:50:00;12.4;1017.4;83;9.6;0;;;;
000EW;2025-02-24 15:00:00;12.5;1017.4;84;9.9;0;;;1.2;0.4
000EW;2025-02-24 15:10:00;12.5;1017.4;84;9.9;0;;;;
000EW;2025-02-24 15:20:00;12.5;1017.3;84;9.9;0;;;;
000EW;2025-02-24 15:30:00;12.6;1017.2;84;9.9;0;;;;
000EW;2025-02-24 15:40:00;12.6;1017.5;84;10;0;;;;
000EW;2025-02-24 15:50:00;12.7;1017.7;84;10.1;0;;;;
000EW;2025-02-24 16:00:00;12.7;1017.6;83;9.9;0;;;0;0
000EW;2025-02-24 16:10:00;12.8;1017.7;83;10;0;;;;
000EW;2025-02-24 16:20:00;12.8;1017.6;83;10;0.8;;180;;
000EW;2025-02-24 16:30:00;12.8;1017.6;83;10;0;;;;
000EW;2025-02-24 16:40:00;12.9;1017.7;83;10.1;0;;;;
000EW;2025-02-24 16:50:00;13;1017.5;82;10;0;;;;
000EW;2025-02-24 17:00:00;12.9;1017.4;83;10.1;0;;;0;0
000EW;2025-02-24 17:10:00;12.8;1017.5;83;10;0;;;;
000EW;2025-02-24 17:20:00;12.6;1017.5;83;9.8;0;;;;
000EW;2025-02-24 17:30:00;12.5;1017.7;84;9.9;0;;;;
000EW;2025-02-24 17:40:00;12.4;1017.7;84;9.8;0;;;;
000EW;2025-02-24 17:50:00;12.3;1017.8;85;9.8;0;;;;
000EW;2025-02-24 18:00:00;12.2;1017.9;85;9.8;0;;;0;0
000EW;2025-02-24 18:10:00;12.2;1017.9;85;9.7;0;;;;
000EW;2025-02-24 18:20:00;12.1;1018;86;9.8;0;;;;
000EW;2025-02-24 18:30:00;12;1018.1;86;9.7;0;;;;
000EW;2025-02-24 18:40:00;11.9;1018.1;87;9.8;0;;;;
000EW;2025-02-24 18:50:00;11.8;1018;87;9.7;0;;;;
000EW;2025-02-24 19:00:00;11.7;1017.9;88;9.7;0;;;0;0
000EW;2025-02-24 19:10:00;11.6;1017.9;88;9.6;0;;;;
000EW;2025-02-24 19:20:00;11.4;1017.7;88;9.5;0;;;;
000EW;2025-02-24 19:30:00;11.3;1017.9;89;9.5;0;;;;
000EW;2025-02-24 19:40:00;11.2;1017.7;89;9.4;0;;;;
000EW;2025-02-24 19:50:00;11.1;1017.7;89;9.3;0;;;;
000EW;2025-02-24 20:00:00;10.9;1017.7;90;9.3;0;;;0;0
000EW;2025-02-24 20:10:00;10.8;1017.7;90;9.2;0;;;;
000EW;2025-02-24 20:20:00;10.7;1017.7;90;9.1;0;;;;
000EW;2025-02-24 20:30:00;10.6;1017.6;91;9.2;0;;;;
000EW;2025-02-24 20:40:00;10.5;1017.6;91;9.1;0;;;;
000EW;2025-02-24 20:50:00;10.4;1017.7;91;9;0;;;;
000EW;2025-02-24 21:00:00;10.3;1017.5;91;8.9;0;;;0;0
000EW;2025-02-24 21:10:00;10.1;1017.6;91;8.7;0;;;;
000EW;2025-02-24 21:20:00;10.1;1017.7;91;8.7;0;;;;
000EW;2025-02-24 21:30:00;10.1;1017.6;91;8.7;0;;;;
000EW;2025-02-24 21:40:00;10.1;1017.6;92;8.8;0;;;;
000EW;2025-02-24 21:50:00;10.1;1017.5;92;8.8;0;;;;
000EW;2025-02-24 22:00:00;10;1017.5;92;8.8;0;;;0;0
000EW;2025-02-24 22:10:00;10.1;1017.4;92;8.8;0;;;;
000EW;2025-02-24 22:20:00;10.1;1017.5;92;8.9;0;;;;
000EW;2025-02-24 22:30:00;10.2;1017.4;92;9;0;;;;
000EW;2025-02-24 22:40:00;10.2;1017.3;92;9;0;;;;
000EW;2025-02-24 22:50:00;10.2;1017.3;92;9;0;;;;
000EW;2025-02-24 23:00:00;10.3;1017.2;92;9;0;;;0;0
000EW;2025-02-24 23:10:00;10.3;1017.1;92;9.1;0;;;;
000EW;2025-02-24 23:20:00;10.3;1017.1;92;9.1;0;;;;
000EW;2025-02-24 23:30:00;10.4;1016.9;91;9;0;;;;
000EW;2025-02-24 23:40:00;10.4;1016.7;92;9.1;0;;;;
000EW;2025-02-24 23:50:00;10.4;1016.6;92;9.2;0;;;;
000EW;2025-02-25 00:00:00;10.4;1016.5;92;9.2;0;;;0;0
000EW;2025-02-25 00:10:00;10.5;1016.3;91;9.1;0;;;;
000EW;2025-02-25 00:20:00;10.5;1016.2;91;9.1;0;;;;
000EW;2025-02-25 00:30:00;10.5;1016;91;9.1;0;;;;
000EW;2025-02-25 00:40:00;10.5;1015.8;91;9.1;0;;;;
000EW;2025-02-25 00:50:00;10.5;1015.8;91;9.1;0;;;;
000EW;2025-02-25 01:00:00;10.4;1015.8;91;9;0;;;0;0
000EW;2025-02-25 01:10:00;10.4;1015.6;91;9;0;;;;
000EW;2025-02-25 01:20:00;10.5;1015.7;91;9.1;0;;;;
000EW;2025-02-25 01:30:00;10.6;1015.8;90;9;0;;;;
000EW;2025-02-25 01:40:00;10.6;1015.6;90;9;0;;;;
000EW;2025-02-25 01:50:00;10.6;1015.4;90;9;0;;;;
000EW;2025-02-25 02:00:00;10.6;1015.5;90;9;0;;;0;0
000EW;2025-02-25 02:10:00;10.6;1015.4;90;9;0;;;;
000EW;2025-02-25 02:20:00;10.6;1015;90;9;0;;;;
000EW;2025-02-25 02:30:00;10.6;1014.8;90;9;0;;;;
000EW;2025-02-25 02:40:00;10.6;1014.7;90;9;0;;;;
000EW;2025-02-25 02:50:00;10.6;1014.5;90;9;0;;;;
000EW;2025-02-25 03:00:00;10.5;1014.2;90;8.9;0;;;0;0
000EW;2025-02-25 03:10:00;10.4;1014.1;90;8.9;0;;;;
000EW;2025-02-25 03:20:00;10.4;1013.9;90;8.9;0;;;;
000EW;2025-02-25 03:30:00;10.4;1013.9;90;8.9;0;;;;
000EW;2025-02-25 03:40:00;10.4;1013.9;90;8.8;0;;;;
000EW;2025-02-25 03:50:00;10.4;1014;90;8.8;0;;;;
000EW;2025-02-25 04:00:00;10.4;1014;90;8.8;0;;;0;0
000EW;2025-02-25 04:10:00;10.4;1013.9;90;8.8;0;;;;
000EW;2025-02-25 04:20:00;10.4;1013.6;90;8.8;0;;;;
000EW;2025-02-25 04:30:00;10.4;1013.4;90;8.8;0;;;;
000EW;2025-02-25 04:40:00;10.3;1013.4;90;8.8;0;;;;
000EW;2025-02-25 04:50:00;10.3;1013.1;90;8.7;0;;;;
000EW;2025-02-25 05:00:00;10.2;1013;90;8.7;0;;;0;0
000EW;2025-02-25 05:10:00;10.2;1012.8;90;8.7;0;;;;
000EW;2025-02-25 05:20:00;10.2;1012.6;90;8.6;0;;;;
000EW;2025-02-25 05:30:00;10.1;1012.4;90;8.5;0;;;;
000EW;2025-02-25 05:40:00;10.1;1012.1;91;8.7;0;;;;
000EW;2025-02-25 05:50:00;10;1011.7;91;8.6;0;;;;
000EW;2025-02-25 06:00:00;9.9;1011.3;91;8.5;0;;;0;0
000EW;2025-02-25 06:10:00;9.9;1011;91;8.5;0;;;;
000EW;2025-02-25 06:20:00;9.9;1011.1;91;8.5;0;;;;
000EW;2025-02-25 06:30:00;9.9;1011.2;91;8.5;0;;;;
000EW;2025-02-25 06:40:00;9.9;1011.1;92;8.6;0;;;;
000EW;2025-02-25 06:50:00;9.9;1011;92;8.6;0;;;;
000EW;2025-02-25 07:00:00;9.8;1011.1;92;8.6;0;;;0;0
000EW;2025-02-25 07:10:00;9.8;1011;92;8.5;0;;;;
000EW;2025-02-25 07:20:00;9.7;1010.8;92;8.5;0;;;;
000EW;2025-02-25 07:30:00;9.8;1010.7;92;8.5;0;;;;
000EW;2025-02-25 07:40:00;9.8;1010.5;92;8.6;0;;;;
000EW;2025-02-25 07:50:00;9.9;1010.4;92;8.6;0;;;;
000EW;2025-02-25 08:00:00;9.9;1010.3;92;8.7;0;;;0;0
000EW;2025-02-25 08:10:00;9.9;1010.1;92;8.7;0;;;;
000EW;2025-02-25 08:20:00;9.9;1010;92;8.7;0;;;;
000EW;2025-02-25 08:30:00;10;1009.9;92;8.8;0;;;;
000EW;2025-02-25 08:40:00;10.1;1009.9;91;8.7;0;;;;
000EW;2025-02-25 08:50:00;10.1;1009.8;91;8.7;0;;;;
000EW;2025-02-25 09:00:00;10;1009.8;91;8.6;0;;;0;0
000EW;2025-02-25 09:10:00;9.9;1009.8;91;8.5;0;;;;
000EW;2025-02-25 09:20:00;9.8;1009.7;91;8.4;0;;;;
000EW;2025-02-25 09:30:00;9.8;1009.5;92;8.5;0;;;;
000EW;2025-02-25 09:40:00;9.7;1009.3;92;8.5;0;;;;
000EW;2025-02-25 09:50:00;9.7;1009.1;92;8.5;0;;;;
000EW;2025-02-25 10:00:00;9.7;1009;92;8.4;0;;;0;2
000EW;2025-02-25 10:10:00;9.7;1008.8;92;8.5;0;;;;
000EW;2025-02-25 10:20:00;9.7;1008.7;92;8.4;0;;;;
000EW;2025-02-25 10:30:00;9.7;1008.5;92;8.5;0;;;;
000EW;2025-02-25 10:40:00;9.7;1008.4;92;8.5;0.8;;0;;
000EW;2025-02-25 10:50:00;9.7;1008.2;92;8.4;0;;;;
000EW;2025-02-25 11:00:00;9.7;1008.1;92;8.4;0;;;0;3
000EW;2025-02-25 11:10:00;9.7;1008.1;93;8.6;0.8;;0;;
000EW;2025-02-25 11:20:00;9.7;1008;93;8.6;0;;;;
000EW;2025-02-25 11:30:00;9.8;1007.9;93;8.7;0;;;;
000EW;2025-02-25 11:40:00;9.8;1007.9;92;8.6;0;;;;
000EW;2025-02-25 11:50:00;9.9;1007.9;93;8.8;1.6;;0;;
000EW;2025-02-25 12:00:00;9.9;1007.9;93;8.8;0;;;10.8;5.8
000EW;2025-02-25 12:10:00;9.9;1007.9;93;8.9;0;;;;
000EW;2025-02-25 12:20:00;9.8;1008;92;8.6;0;;;;
000EW;2025-02-25 12:30:00;9.7;1007.8;92;8.4;0;;;;
000EW;2025-02-25 12:40:00;9.7;1007.8;92;8.5;0;;;;
000EW;2025-02-25 12:50:00;9.8;1008;92;8.5;0;;;;
000EW;2025-02-25 13:00:00;9.4;1007.9;92;8.2;0;;;0;6.4
000EW;2025-02-25 13:10:00;9.8;1007.9;92;8.5;0;;;;
000EW;2025-02-25 13:20:00;9.9;1007.9;92;8.6;1.6;;23;;
000EW;2025-02-25 13:30:00;9.9;1007.9;92;8.6;1.6;;45;;
000EW;2025-02-25 13:40:00;9.8;1008.1;91;8.4;1.6;;45;;
000EW;2025-02-25 13:50:00;9.8;1008.1;91;8.4;0;;;;
000EW;2025-02-25 14:00:00;9.9;1008.3;90;8.3;0.8;;45;0;1.4
000EW;2025-02-25 14:10:00;9.9;1008.5;90;8.3;0;;;;
000EW;2025-02-25 14:20:00;9.9;1008.7;90;8.3;1.6;;45;;
000EW;2025-02-25 14:30:00;9.9;1008.7;90;8.3;4;;45;;
000EW;2025-02-25 14:40:00;9.9;1008.9;90;8.3;0;;;;
000EW;2025-02-25 14:50:00;9.9;1009;90;8.4;0;;;;
000EW;2025-02-25 15:00:00;9.9;1009.2;91;8.5;0.8;;45;10.2;2.4
000EW;2025-02-25 15:10:00;9.7;1009.4;90;8.2;3.2;;45;;
000EW;2025-02-25 15:20:00;9.6;1009.6;89;7.8;2.4;;45;;
000EW;2025-02-25 15:30:00;9.5;1009.7;88;7.6;0.8;;68;;
000EW;2025-02-25 15:40:00;9.6;1009.9;88;7.7;3.2;;45;;
000EW;2025-02-25 15:50:00;9.3;1010.1;88;7.4;0.8;;68;;
000EW;2025-02-25 16:00:00;9.1;1010.4;87;7.1;5.6;;56;0;1
000EW;2025-02-25 16:10:00;8.9;1010.5;87;6.8;3.2;;45;;
000EW;2025-02-25 16:20:00;8.7;1010.8;87;6.7;4;;45;;
000EW;2025-02-25 16:30:00;8.5;1011;88;6.6;3.2;;56;;
000EW;2025-02-25 16:40:00;8.3;1011.2;88;6.4;4;;45;;
000EW;2025-02-25 16:50:00;8.2;1011.5;88;6.3;4;;146;;
000EW;2025-02-25 17:00:00;7.9;1011.8;88;6.1;3.2;;326;0;0.4
000EW;2025-02-25 17:10:00;7.8;1012.1;88;6;2.4;;349;;
000EW;2025-02-25 17:20:00;7.7;1012.5;87;5.7;2.4;;124;;
000EW;2025-02-25 17:30:00;7.7;1012.8;87;5.6;1.6;;225;;
000EW;2025-02-25 17:40:00;7.6;1012.9;86;5.4;2.4;;45;;
000EW;2025-02-25 17:50:00;7.4;1013.3;86;5.3;4;;68;;
000EW;2025-02-25 18:00:00;7.4;1013.6;86;5.2;3.2;;68;1.8;0.4
000EW;2025-02-25 18:10:00;7.3;1013.8;85;5;1.6;;68;;
000EW;2025-02-25 18:20:00;7.4;1014.2;85;5;2.4;;156;;
000EW;2025-02-25 18:30:00;7.4;1014.5;85;5;1.6;;45;;
000EW;2025-02-25 18:40:00;7.3;1014.6;85;5;1.6;;45;;
000EW;2025-02-25 18:50:00;7.3;1014.8;84;4.8;1.6;;68;;
000EW;2025-02-25 19:00:00;7.3;1015;83;4.6;0.8;;68;0;0.2
000EW;2025-02-25 19:10:00;7.3;1015;83;4.6;0.8;;68;;
000EW;2025-02-25 19:20:00;7.5;1015.3;82;4.6;0.8;;45;;
000EW;2025-02-25 19:30:00;7.6;1015.5;82;4.7;0.8;;68;;
000EW;2025-02-25 19:40:00;7.7;1015.6;83;5;0.8;;45;;
000EW;2025-02-25 19:50:00;7.7;1015.8;84;5.1;0;;;;
000EW;2025-02-25 20:00:00;7.7;1015.9;85;5.3;0;;;0;0.2
000EW;2025-02-25 20:10:00;7.7;1016;85;5.3;0;;;;
000EW;2025-02-25 20:20:00;7.7;1016.1;86;5.5;0;;;;
000EW;2025-02-25 20:30:00;7.7;1016.3;86;5.5;0;;;;
000EW;2025-02-25 20:40:00;7.8;1016.5;86;5.6;0;;;;
000EW;2025-02-25 20:50:00;7.9;1016.5;86;5.7;0.8;;68;;
000EW;2025-02-25 21:00:00;7.9;1016.7;86;5.7;0;;;0.4;0
000EW;2025-02-25 21:10:00;8;1016.7;86;5.8;0.8;;248;;
000EW;2025-02-25 21:20:00;8.1;1016.9;86;5.9;0.8;;248;;
000EW;2025-02-25 21:30:00;8.1;1017;86;5.9;0;;;;
000EW;2025-02-25 21:40:00;8.1;1017.1;86;5.9;0;;;;
000EW;2025-02-25 21:50:00;8.1;1017.2;86;5.9;0;;;;
000EW;2025-02-25 22:00:00;8.1;1017.3;86;5.9;0;;;0;0
000EW;2025-02-25 22:10:00;8.1;1017.4;85;5.7;0;;;;
000EW;2025-02-25 22:20:00;8.1;1017.6;85;5.7;0;;;;
000EW;2025-02-25 22:30:00;8.1;1017.7;85;5.7;0;;;;
000EW;2025-02-25 22:40:00;8.1;1017.8;84;5.6;0;;;;
000EW;2025-02-25 22:50:00;8.1;1017.9;84;5.6;0;;;;
000EW;2025-02-25 23:00:00;8.1;1018.1;84;5.6;0;;;0;0
000EW;2025-02-25 23:10:00;8.1;1018.1;84;5.6;0;;;;
000EW;2025-02-25 23:20:00;8.1;1018.2;84;5.6;0;;;;
000EW;2025-02-25 23:30:00;8.1;1018.3;84;5.5;0;;;;
000EW;2025-02-25 23:40:00;8;1018.5;84;5.5;0;;;;
000EW;2025-02-25 23:50:00;7.9;1018.6;85;5.5;0;;;;
000EW;2025-02-26 00:00:00;7.7;1018.7;85;5.4;0;;;0;0
000EW;2025-02-26 00:10:00;7.6;1018.7;86;5.4;0;;;;
000EW;2025-02-26 00:20:00;7.6;1018.8;86;5.4;0;;;;
000EW;2025-02-26 00:30:00;7.4;1018.9;87;5.4;0;;;;
000EW;2025-02-26 00:40:00;7.4;1019;87;5.4;0;;;;
000EW;2025-02-26 00:50:00;7.4;1019.1;87;5.4;0;;;;
000EW;2025-02-26 01:00:00;7.3;1019.2;87;5.3;0;;;0;0
000EW;2025-02-26 01:10:00;7.3;1019.2;87;5.3;0;;;;
000EW;2025-02-26 01:20:00;7.2;1019.3;87;5.2;0;;;;
000EW;2025-02-26 01:30:00;7.2;1019.3;87;5.1;0.8;;248;;
000EW;2025-02-26 01:40:00;7.1;1019.4;87;5.1;0;;;;
000EW;2025-02-26 01:50:00;7.1;1019.4;88;5.2;0;;;;
000EW;2025-02-26 02:00:00;7.1;1019.4;88;5.2;0;;;0;0
000EW;2025-02-26 02:10:00;7;1019.4;88;5.1;0;;;;
000EW;2025-02-26 02:20:00;7;1019.5;88;5.1;0;;;;
000EW;2025-02-26 02:30:00;6.9;1019.6;88;5.1;0;;;;
000EW;2025-02-26 02:40:00;6.9;1019.5;88;5;0;;;;
000EW;2025-02-26 02:50:00;6.8;1019.5;88;5;0;;;;
000EW;2025-02-26 03:00:00;6.8;1019.6;88;4.9;0;;;0;0
000EW;2025-02-26 03:10:00;6.7;1019.6;88;4.9;0;;;;
000EW;2025-02-26 03:20:00;6.7;1019.7;88;4.8;0;;;;
000EW;2025-02-26 03:30:00;6.6;1019.7;88;4.8;0;;;;
000EW;2025-02-26 03:40:00;6.6;1019.8;89;4.9;0;;;;
000EW;2025-02-26 03:50:00;6.5;1019.9;89;4.8;1.6;;270;;
000EW;2025-02-26 04:00:00;6.4;1019.8;89;4.8;0;;;0;0
000EW;2025-02-26 04:10:00;6.4;1019.9;89;4.8;0;;;;
000EW;2025-02-26 04:20:00;6.4;1019.9;89;4.7;0;;;;
000EW;2025-02-26 04:30:00;6.4;1019.9;89;4.7;0;;;;
000EW;2025-02-26 04:40:00;6.3;1020;89;4.7;0;;;;
000EW;2025-02-26 04:50:00;6.3;1020.2;89;4.6;0;;;;
000EW;2025-02-26 05:00:00;6.3;1020.1;89;4.6;0;;;0;0
000EW;2025-02-26 05:10:00;6.2;1020.2;89;4.5;0;;;;
000EW;2025-02-26 05:20:00;6.2;1020.1;89;4.5;0;;;;
000EW;2025-02-26 05:30:00;6.2;1020.2;89;4.5;0;;;;
000EW;2025-02-26 05:40:00;6.2;1020.3;88;4.4;0;;;;
000EW;2025-02-26 05:50:00;6.2;1020.2;88;4.3;0;;;;
000EW;2025-02-26 06:00:00;6.1;1020.3;88;4.3;0;;;0;0
000EW;2025-02-26 06:10:00;6.1;1020.3;88;4.3;0;;;;
000EW;2025-02-26 06:20:00;6.1;1020.4;88;4.2;0;;;;
000EW;2025-02-26 06:30:00;6;1020.4;88;4.2;0;;;;
000EW;2025-02-26 06:40:00;6;1020.4;88;4.2;0;;;;
000EW;2025-02-26 06:50:00;6;1020.6;88;4.2;0;;;;
000EW;2025-02-26 07:00:00;6.1;1020.8;88;4.2;0;;;0;0
000EW;2025-02-26 07:10:00;6.1;1020.8;88;4.2;0;;;;
000EW;2025-02-26 07:20:00;6.1;1021;88;4.3;0;;;;
000EW;2025-02-26 07:30:00;6.2;1021.1;88;4.3;0;;;;
000EW;2025-02-26 07:40:00;6.3;1021.1;88;4.4;0;;;;
000EW;2025-02-26 07:50:00;6.3;1021;87;4.3;0;;;;
000EW;2025-02-26 08:00:00;6.4;1021;87;4.4;0;;;0;0
000EW;2025-02-26 08:10:00;6.5;1021;87;4.5;0;;;;
000EW;2025-02-26 08:20:00;6.6;1020.9;87;4.6;0;;;;
000EW;2025-02-26 08:30:00;6.5;1020.9;87;4.5;0;;;;
000EW;2025-02-26 08:40:00;6.4;1021;86;4.2;0;;;;
000EW;2025-02-26 08:50:00;6.4;1021;87;4.4;0;;;;
000EW;2025-02-26 09:00:00;6.3;1021;87;4.3;0;;;0;0
000EW;2025-02-26 09:10:00;6.1;1021.1;87;4.1;0;;;;
000EW;2025-02-26 09:20:00;6.1;1020.9;88;4.3;0;;;;
000EW;2025-02-26 09:30:00;6.5;1020.9;89;4.8;0;;;;
000EW;2025-02-26 09:40:00;6.3;1020.8;88;4.5;0;;;;
000EW;2025-02-26 09:50:00;6.6;1020.8;88;4.7;0;;;;
000EW;2025-02-26 10:00:00;6.8;1020.8;88;5;0;;;0;0
000EW;2025-02-26 10:10:00;7.4;1020.7;87;5.4;0;;;;
000EW;2025-02-26 10:20:00;7.4;1020.7;86;5.3;0;;;;
000EW;2025-02-26 10:30:00;7.5;1020.6;86;5.3;0;;;;
000EW;2025-02-26 10:40:00;7.9;1020.5;86;5.7;0;;;;
000EW;2025-02-26 10:50:00;8.2;1020.4;84;5.7;0;;;;
000EW;2025-02-26 11:00:00;8.6;1020.4;83;5.9;0;;;0;0
000EW;2025-02-26 11:10:00;9.1;1020.4;81;6;0;;;;
000EW;2025-02-26 11:20:00;9.4;1020.2;79;5.9;0;;;;
000EW;2025-02-26 11:30:00;9.3;1020.1;79;5.9;0;;;;
000EW;2025-02-26 11:40:00;9.7;1020;76;5.6;0;;;;
000EW;2025-02-26 11:50:00;10;1019.7;75;5.8;0;;;;
000EW;2025-02-26 12:00:00;10.1;1019.6;72;5.3;0;;;0;0
000EW;2025-02-26 12:10:00;10.1;1019.5;72;5.2;0;;;;
000EW;2025-02-26 12:20:00;10.1;1019.3;73;5.5;0;;;;
000EW;2025-02-26 12:30:00;10.1;1019.2;74;5.6;0;;;;
000EW;2025-02-26 12:40:00;10.1;1019.1;73;5.5;0;;;;
000EW;2025-02-26 12:50:00;10.3;1018.9;73;5.7;0.8;;158;;
000EW;2025-02-26 13:00:00;10.4;1018.6;72;5.6;0;;;0;0
000EW;2025-02-26 13:10:00;10.6;1018.4;71;5.5;0;;;;
000EW;2025-02-26 13:20:00;10.7;1018.3;71;5.6;0;;;;
000EW;2025-02-26 13:30:00;10.6;1018.2;70;5.4;0.8;;248;;
000EW;2025-02-26 13:40:00;10.6;1018;71;5.6;0;;;;
000EW;2025-02-26 13:50:00;10.8;1017.7;69;5.3;0;;;;
000EW;2025-02-26 14:00:00;10.9;1017.4;69;5.4;0;;;0;0
000EW;2025-02-26 14:10:00;10.9;1017.5;69;5.5;0;;;;
000EW;2025-02-26 14:20:00;10.9;1017.2;69;5.4;0;;;;
000EW;2025-02-26 14:30:00;10.8;1016.8;70;5.6;0;;;;
000EW;2025-02-26 14:40:00;10.8;1016.6;70;5.6;0.8;;203;;
000EW;2025-02-26 14:50:00;10.8;1016.6;71;5.7;0.8;;203;;
000EW;2025-02-26 15:00:00;10.8;1016.4;71;5.7;1.6;;203;0;0
000EW;2025-02-26 15:10:00;10.8;1016.3;72;5.9;0;;;;
000EW;2025-02-26 15:20:00;10.7;1016.1;72;5.9;0;;;;
000EW;2025-02-26 15:30:00;10.7;1016;73;6.1;0.8;;203;;
000EW;2025-02-26 15:40:00;10.7;1015.8;74;6.2;0;;;;
000EW;2025-02-26 15:50:00;10.3;1015.8;78;6.7;0.8;;248;;
000EW;2025-02-26 16:00:00;10.1;1015.6;80;6.8;0.8;;180;0;0.2
000EW;2025-02-26 16:10:00;9.8;1015.4;82;6.9;0;;;;
000EW;2025-02-26 16:20:00;9.6;1015.3;83;6.8;0;;;;
000EW;2025-02-26 16:30:00;9.5;1015.3;83;6.8;0;;;;
000EW;2025-02-26 16:40:00;9.4;1015.3;84;6.9;0;;;;
000EW;2025-02-26 16:50:00;9.4;1015.4;84;6.8;0.8;;203;;
000EW;2025-02-26 17:00:00;9.3;1015.4;85;6.9;0;;;0;1
000EW;2025-02-26 17:10:00;9.2;1015.4;86;6.9;0;;;;
000EW;2025-02-26 17:20:00;9;1015.3;87;7;0;;;;
000EW;2025-02-26 17:30:00;8.9;1015.2;88;7;0;;;;
000EW;2025-02-26 17:40:00;8.8;1015;89;7.1;0;;;;
000EW;2025-02-26 17:50:00;8.8;1014.8;89;7.1;0;;;;
000EW;2025-02-26 18:00:00;8.8;1014.6;89;7.1;0;;;2.6;1.4
000EW;2025-02-26 18:10:00;8.9;1014.7;90;7.3;0;;;;
000EW;2025-02-26 18:20:00;9.1;1014.8;90;7.5;0;;;;
000EW;2025-02-26 18:30:00;9.2;1014.8;89;7.5;0;;;;
000EW;2025-02-26 18:40:00;9.3;1014.8;88;7.4;0;;;;
000EW;2025-02-26 18:50:00;9.4;1014.9;88;7.5;0;;;;
000EW;2025-02-26 19:00:00;9.4;1014.9;88;7.6;0;;;0;0
000EW;2025-02-26 19:10:00;9.4;1015;87;7.3;0;;;;
000EW;2025-02-26 19:20:00;9.4;1015;87;7.3;0;;;;
000EW;2025-02-26 19:30:00;9.4;1015;86;7.2;0;;;;
000EW;2025-02-26 19:40:00;9.4;1014.9;85;7;0;;;;
000EW;2025-02-26 19:50:00;9.4;1015.1;85;7;0;;;;
000EW;2025-02-26 20:00:00;9.4;1015.2;85;7;0;;;0;0
000EW;2025-02-26 20:10:00;9.4;1015.2;86;7.2;0;;;;
000EW;2025-02-26 20:20:00;9.3;1015.2;86;7.1;0;;;;
000EW;2025-02-26 20:30:00;9.3;1015.2;86;7.1;0;;;;
000EW;2025-02-26 20:40:00;9.2;1015.3;86;6.9;0;;;;
000EW;2025-02-26 20:50:00;9.1;1015.4;84;6.6;0;;;;
000EW;2025-02-26 21:00:00;9.2;1015.5;83;6.5;0;;;0;0
000EW;2025-02-26 21:10:00;9.2;1015.6;82;6.3;0;;;;
000EW;2025-02-26 21:20:00;9.1;1015.7;82;6.2;0;;;;
000EW;2025-02-26 21:30:00;9;1015.9;81;5.9;0;;;;
000EW;2025-02-26 21:40:00;8.9;1016;82;6;0;;;;
000EW;2025-02-26 21:50:00;8.8;1016.1;82;5.9;0;;;;
000EW;2025-02-26 22:00:00;8.7;1016.1;82;5.8;0;;;0;0
000EW;2025-02-26 22:10:00;8.7;1016.1;83;6;0;;;;
000EW;2025-02-26 22:20:00;8.7;1016.3;83;5.9;0;;;;
000EW;2025-02-26 22:30:00;8.5;1016.3;83;5.8;0;;;;
000EW;2025-02-26 22:40:00;8.3;1016.4;82;5.4;0;;;;
000EW;2025-02-26 22:50:00;8.3;1016.4;82;5.4;0;;;;
000EW;2025-02-26 23:00:00;8.2;1016.5;83;5.5;0;;;0;0
000EW;2025-02-26 23:10:00;8.1;1016.3;83;5.4;0.8;;248;;
000EW;2025-02-26 23:20:00;8.1;1016.3;83;5.3;0;;;;
000EW;2025-02-26 23:30:00;8;1016.4;84;5.5;0;;;;
000EW;2025-02-26 23:40:00;7.9;1016.5;84;5.4;0;;;;
000EW;2025-02-26 23:50:00;7.8;1016.5;83;5.1;0;;;;
000EW;2025-02-27 00:00:00;7.7;1016.5;83;5;0;;;0;0
000EW;2025-02-27 00:10:00;7.7;1016.5;83;5;0;;;;
000EW;2025-02-27 00:20:00;7.6;1016.6;83;4.9;0;;;;
000EW;2025-02-27 00:30:00;7.5;1016.6;83;4.8;0;;;;
000EW;2025-02-27 00:40:00;7.4;1016.6;83;4.7;0;;;;
000EW;2025-02-27 00:50:00;7.3;1016.6;84;4.8;0;;;;
000EW;2025-02-27 01:00:00;7.3;1016.5;84;4.8;0;;;0;0
000EW;2025-02-27 01:10:00;7.2;1016.7;84;4.7;0;;;;
000EW;2025-02-27 01:20:00;7.2;1016.7;84;4.6;0;;;;
000EW;2025-02-27 01:30:00;7.2;1016.6;84;4.7;0;;;;
000EW;2025-02-27 01:40:00;7.2;1016.6;83;4.5;0;;;;
000EW;2025-02-27 01:50:00;7.1;1016.6;83;4.4;0;;;;
000EW;2025-02-27 02:00:00;7.1;1016.5;83;4.4;0;;;0;0
000EW;2025-02-27 02:10:00;7.1;1016.6;83;4.4;0;;;;
000EW;2025-02-27 02:20:00;7;1016.5;83;4.3;0;;;;
000EW;2025-02-27 02:30:00;7;1016.5;83;4.3;0;;;;
000EW;2025-02-27 02:40:00;6.9;1016.5;82;4.1;0;;;;
000EW;2025-02-27 02:50:00;7;1016.4;82;4.1;0;;;;
000EW;2025-02-27 03:00:00;7;1016.4;82;4.1;0;;;0;0
000EW;2025-02-27 03:10:00;6.9;1016.5;82;4.1;0;;;;
000EW;2025-02-27 03:20:00;6.8;1016.4;83;4.1;0;;;;
000EW;2025-02-27 03:30:00;6.8;1016.5;83;4.1;0;;;;
000EW;2025-02-27 03:40:00;6.7;1016.6;83;4;0;;;;
000EW;2025-02-27 03:50:00;6.7;1016.8;83;4;0;;;;
000EW;2025-02-27 04:00:00;6.6;1016.9;84;4.1;0;;;0;0
000EW;2025-02-27 04:10:00;6.6;1016.9;84;4;0;;;;
000EW;2025-02-27 04:20:00;6.5;1017;84;4;0;;;;
000EW;2025-02-27 04:30:00;6.4;1017.1;84;3.9;0;;;;
000EW;2025-02-27 04:40:00;6.3;1017.1;84;3.8;0;;;;
000EW;2025-02-27 04:50:00;6.3;1017.2;85;3.9;0;;;;
000EW;2025-02-27 05:00:00;6.2;1017.3;85;3.9;0;;;0;0
000EW;2025-02-27 05:10:00;6.2;1017.4;85;3.8;0;;;;
000EW;2025-02-27 05:20:00;6.1;1017.5;85;3.7;0;;;;
000EW;2025-02-27 05:30:00;6.1;1017.6;85;3.7;0;;;;
000EW;2025-02-27 05:40:00;6;1017.5;85;3.7;0;;;;
000EW;2025-02-27 05:50:00;5.9;1017.6;85;3.6;0;;;;
000EW;2025-02-27 06:00:00;5.9;1017.7;86;3.7;0;;;0;0
000EW;2025-02-27 06:10:00;5.9;1017.6;86;3.7;0;;;;
000EW;2025-02-27 06:20:00;5.8;1017.7;86;3.7;0;;;;
000EW;2025-02-27 06:30:00;5.8;1017.7;86;3.7;0;;;;
000EW;2025-02-27 06:40:00;5.8;1017.8;86;3.7;0;;;;
000EW;2025-02-27 06:50:00;5.8;1018;86;3.6;0;;;;
000EW;2025-02-27 07:00:00;5.8;1018.1;86;3.7;0;;;0;0
000EW;2025-02-27 07:10:00;5.9;1018.2;85;3.6;0;;;;
000EW;2025-02-27 07:20:00;6.1;1018.3;84;3.6;0.8;;270;;
000EW;2025-02-27 07:30:00;6.2;1018.4;83;3.6;0;;;;
000EW;2025-02-27 07:40:00;6.3;1018.4;83;3.6;0;;;;
000EW;2025-02-27 07:50:00;6.4;1018.3;82;3.6;0;;;;
000EW;2025-02-27 08:00:00;6.6;1018.4;82;3.8;0;;;0;0
000EW;2025-02-27 08:10:00;6.8;1018.6;81;3.8;0;;;;
000EW;2025-02-27 08:20:00;7;1018.7;81;4;0;;;;
000EW;2025-02-27 08:30:00;7.1;1018.8;80;3.9;0;;;;
000EW;2025-02-27 08:40:00;7.2;1018.9;78;3.6;0;;;;
000EW;2025-02-27 08:50:00;7.3;1018.9;77;3.6;0;;;;
000EW;2025-02-27 09:00:00;7.6;1018.9;77;3.8;0;;;0;0
000EW;2025-02-27 09:10:00;7.7;1018.9;77;3.9;0;;;;
000EW;2025-02-27 09:20:00;7.9;1019;76;4;0;;;;
000EW;2025-02-27 09:30:00;8.3;1019;75;4.2;0;;;;
000EW;2025-02-27 09:40:00;8.3;1019;73;3.8;0;;;;
000EW;2025-02-27 09:50:00;8.3;1019.1;73;3.8;0;;;;
000EW;2025-02-27 10:00:00;8.3;1019.3;74;4;0.8;;248;0;0
000EW;2025-02-27 10:10:00;8.4;1019.3;73;3.8;0;;;;
000EW;2025-02-27 10:20:00;8.2;1019.4;74;3.8;0;;;;
000EW;2025-02-27 10:30:00;8.2;1019.3;76;4.2;0.8;;23;;
000EW;2025-02-27 10:40:00;8.4;1019.4;75;4.2;0.8;;203;;
000EW;2025-02-27 10:50:00;8.4;1019.6;74;4;0;;;;
000EW;2025-02-27 11:00:00;8.4;1019.5;74;4.1;0;;;0;0
000EW;2025-02-27 11:10:00;8.7;1019.6;74;4.3;0;;;;
000EW;2025-02-27 11:20:00;8.9;1019.6;72;4.2;0;;;;
000EW;2025-02-27 11:30:00;9.1;1019.5;72;4.3;0;;;;
000EW;2025-02-27 11:40:00;8.9;1019.6;71;3.9;0;;;;
000EW;2025-02-27 11:50:00;8.8;1019.7;72;4.1;0;;;;
000EW;2025-02-27 12:00:00;8.9;1019.7;71;3.9;0;;;0;0
000EW;2025-02-27 12:10:00;8.9;1019.6;71;4;0;;;;
000EW;2025-02-27 12:20:00;8.9;1019.6;73;4.3;0;;;;
000EW;2025-02-27 12:30:00;8.8;1019.7;72;4.1;0;;;;
000EW;2025-02-27 12:40:00;8.8;1019.6;72;4.1;0.8;;270;;
000EW;2025-02-27 12:50:00;9;1019.5;71;4;0;;;;
000EW;2025-02-27 13:00:00;9.4;1019.5;69;4;0;;;0;0
000EW;2025-02-27 13:10:00;9.3;1019.5;68;3.7;0;;;;
000EW;2025-02-27 13:20:00;9.3;1019.6;68;3.7;0;;;;
000EW;2025-02-27 13:30:00;9.4;1019.5;67;3.6;0;;;;
000EW;2025-02-27 13:40:00;9.4;1019.6;68;3.8;0;;;;
000EW;2025-02-27 13:50:00;9.2;1019.7;69;3.8;0;;;;
000EW;2025-02-27 14:00:00;9;1019.8;69;3.6;0;;;0;0
000EW;2025-02-27 14:10:00;9.1;1019.9;66;3;0;;;;
000EW;2025-02-27 14:20:00;9.4;1019.8;62;2.5;0;;;;
000EW;2025-02-27 14:30:00;9.4;1020;61;2.3;0;;;;
000EW;2025-02-27 14:40:00;9.6;1020;62;2.6;0;;;;
000EW;2025-02-27 14:50:00;9.6;1020.1;63;2.9;0;;;;
000EW;2025-02-27 15:00:00;9.4;1020.1;64;3;0.8;;225;0;0
000EW;2025-02-27 15:10:00;9.4;1020.3;64;2.9;0;;;;
000EW;2025-02-27 15:20:00;9.3;1020.3;64;2.9;0.8;;180;;
000EW;2025-02-27 15:30:00;9.3;1020.3;63;2.7;0;;;;
000EW;2025-02-27 15:40:00;9.3;1020.4;64;2.9;0;;;;
000EW;2025-02-27 15:50:00;9.3;1020.5;64;2.8;0;;;;
000EW;2025-02-27 16:00:00;9.3;1020.6;65;3;0;;;0;0
000EW;2025-02-27 16:10:00;9.3;1020.7;65;3;0;;;;
000EW;2025-02-27 16:20:00;9.2;1020.9;65;2.9;0;;;;
000EW;2025-02-27 16:30:00;9;1021;66;3;0.8;;113;;
000EW;2025-02-27 16:40:00;8.8;1021;65;2.6;0.8;;45;;
000EW;2025-02-27 16:50:00;8.7;1021.1;66;2.7;0;;;;
000EW;2025-02-27 17:00:00;8.7;1021.2;67;2.9;0;;;0;0
000EW;2025-02-27 17:10:00;8.6;1021.3;68;3;0;;;;
000EW;2025-02-27 17:20:00;8.6;1021.4;68;3;0;;;;
000EW;2025-02-27 17:30:00;8.6;1021.6;69;3.2;0;;;;
000EW;2025-02-27 17:40:00;8.6;1021.7;69;3.2;0;;;;
000EW;2025-02-27 17:50:00;8.6;1021.8;69;3.2;0;;;;
000EW;2025-02-27 18:00:00;8.6;1021.9;69;3.2;0;;;0;0
000EW;2025-02-27 18:10:00;8.6;1022.1;69;3.2;0;;;;
000EW;2025-02-27 18:20:00;8.6;1022.3;69;3.2;0;;;;
000EW;2025-02-27 18:30:00;8.6;1022.4;69;3.2;0;;;;
000EW;2025-02-27 18:40:00;8.6;1022.6;69;3.2;0.8;;23;;
000EW;2025-02-27 18:50:00;8.4;1022.8;69;3.1;0;;;;
000EW;2025-02-27 19:00:00;8.3;1022.9;69;3;0;;;0;0
000EW;2025-02-27 19:10:00;8.2;1023;70;3.1;0;;;;
000EW;2025-02-27 19:20:00;8.1;1023.3;70;3;0;;;;
000EW;2025-02-27 19:30:00;8.1;1023.3;71;3.2;0;;;;
000EW;2025-02-27 19:40:00;8.1;1023.5;71;3.1;0;;;;
000EW;2025-02-27 19:50:00;8;1023.5;71;3.1;0;;;;
000EW;2025-02-27 20:00:00;7.9;1023.6;72;3.2;0;;;0;0
000EW;2025-02-27 20:10:00;7.8;1023.7;72;3.1;0;;;;
000EW;2025-02-27 20:20:00;7.8;1023.8;72;3.1;0;;;;
000EW;2025-02-27 20:30:00;7.8;1024;73;3.3;0;;;;
000EW;2025-02-27 20:40:00;7.8;1024;73;3.2;0;;;;
000EW;2025-02-27 20:50:00;7.8;1024.1;73;3.2;0;;;;
000EW;2025-02-27 21:00:00;7.8;1024.2;73;3.2;0;;;0;0
000EW;2025-02-27 21:10:00;7.8;1024.3;73;3.2;0;;;;
000EW;2025-02-27 21:20:00;7.8;1024.4;73;3.2;0;;;;
000EW;2025-02-27 21:30:00;7.8;1024.3;73;3.2;0;;;;
000EW;2025-02-27 21:40:00;7.7;1024.5;73;3.2;0;;;;
000EW;2025-02-27 21:50:00;7.8;1024.6;73;3.2;0;;;;
000EW;2025-02-27 22:00:00;7.8;1024.6;73;3.2;0;;;0;0
000EW;2025-02-27 22:10:00;7.7;1024.6;73;3.2;0;;;;
000EW;2025-02-27 22:20:00;7.7;1024.7;73;3.2;0;;;;
000EW;2025-02-27 22:30:00;7.8;1024.7;73;3.2;0;;;;
000EW;2025-02-27 22:40:00;7.8;1024.6;72;3;0;;;;
000EW;2025-02-27 22:50:00;7.8;1024.7;73;3.2;0;;;;
000EW;2025-02-27 23:00:00;7.8;1024.8;73;3.2;0;;;0;0
000EW;2025-02-27 23:10:00;7.7;1024.8;73;3.2;0;;;;
000EW;2025-02-27 23:20:00;7.6;1024.9;74;3.3;0;;;;
000EW;2025-02-27 23:30:00;7.4;1024.9;75;3.3;0;;;;
000EW;2025-02-27 23:40:00;7.3;1024.9;75;3.1;0;;;;
000EW;2025-02-27 23:50:00;7.2;1024.9;76;3.3;0;;;;
000EW;2025-02-28 00:00:00;7.2;1024.9;76;3.2;0;;;0;0
000EW;2025-02-28 00:10:00;7.1;1024.9;76;3.2;0;;;;
000EW;2025-02-28 00:20:00;7.1;1025;77;3.4;0;;;;
000EW;2025-02-28 00:30:00;7.1;1025;77;3.3;0;;;;
000EW;2025-02-28 00:40:00;7.1;1024.9;77;3.4;0;;;;
000EW;2025-02-28 00:50:00;7.1;1025;77;3.4;0;;;;
000EW;2025-02-28 01:00:00;7.1;1024.9;77;3.3;0;;;0;0
000EW;2025-02-28 01:10:00;7.1;1025;77;3.3;0;;;;
000EW;2025-02-28 01:20:00;7.1;1025.1;77;3.3;0;;;;
000EW;2025-02-28 01:30:00;6.9;1025.1;78;3.4;0;;;;
000EW;2025-02-28 01:40:00;6.9;1025.1;78;3.4;0;;;;
000EW;2025-02-28 01:50:00;6.9;1025;79;3.5;0;;;;
000EW;2025-02-28 02:00:00;6.8;1025.1;79;3.4;0;;;0;0
000EW;2025-02-28 02:10:00;6.9;1025;79;3.5;0;;;;
000EW;2025-02-28 02:20:00;6.8;1025;79;3.4;0;;;;
000EW;2025-02-28 02:30:00;6.8;1025;79;3.4;0;;;;
000EW;2025-02-28 02:40:00;6.7;1025;79;3.3;0;;;;
000EW;2025-02-28 02:50:00;6.6;1024.9;79;3.2;0;;;;
000EW;2025-02-28 03:00:00;6.5;1024.8;79;3.1;0;;;0;0
000EW;2025-02-28 03:10:00;6.4;1024.9;79;3.1;0;;;;
000EW;2025-02-28 03:20:00;6.4;1025;79;3;0;;;;
000EW;2025-02-28 03:30:00;6.3;1024.9;79;3;0;;;;
000EW;2025-02-28 03:40:00;6.3;1024.9;80;3.1;0;;;;
000EW;2025-02-28 03:50:00;6.3;1024.9;79;3;0;;;;
000EW;2025-02-28 04:00:00;6.3;1025;79;3;0;;;0;0
000EW;2025-02-28 04:10:00;6.2;1024.9;80;3;0;;;;
000EW;2025-02-28 04:20:00;6.2;1024.9;80;3;0;;;;
000EW;2025-02-28 04:30:00;6.2;1024.9;80;3;0;;;;
000EW;2025-02-28 04:40:00;6.1;1024.9;80;2.9;0;;;;
000EW;2025-02-28 04:50:00;6.1;1024.9;80;2.9;0;;;;
000EW;2025-02-28 05:00:00;6.1;1024.9;80;2.9;0;;;0;0
000EW;2025-02-28 05:10:00;6.2;1025;80;3;0;;;;
000EW;2025-02-28 05:20:00;6.2;1025;80;3;0;;;;
000EW;2025-02-28 05:30:00;6.2;1025.1;80;3;0;;;;
000EW;2025-02-28 05:40:00;6.3;1025.1;80;3.1;0;;;;
000EW;2025-02-28 05:50:00;6.3;1025;80;3.1;0.8;;45;;
000EW;2025-02-28 06:00:00;6.3;1025.1;80;3.1;0;;;0;0
000EW;2025-02-28 06:10:00;6.3;1025.3;80;3.1;0;;;;
000EW;2025-02-28 06:20:00;6.3;1025.2;80;3.1;0;;;;
000EW;2025-02-28 06:30:00;6.3;1025.4;80;3.1;0;;;;
000EW;2025-02-28 06:40:00;6.3;1025.5;80;3.1;0;;;;
000EW;2025-02-28 06:50:00;6.3;1025.7;80;3.1;0;;;;
000EW;2025-02-28 07:00:00;6.3;1025.7;80;3.1;0;;;0;0
000EW;2025-02-28 07:10:00;6.2;1025.8;80;3;0;;;;
000EW;2025-02-28 07:20:00;6.2;1025.9;81;3.2;0;;;;
000EW;2025-02-28 07:30:00;6.3;1025.9;81;3.3;0;;;;
000EW;2025-02-28 07:40:00;6.3;1026;80;3.1;0;;;;
000EW;2025-02-28 07:50:00;6.4;1026.1;81;3.4;0;;;;
000EW;2025-02-28 08:00:00;6.3;1026.3;81;3.3;0;;;0;0
000EW;2025-02-28 08:10:00;6.3;1026.3;81;3.3;0;;;;
000EW;2025-02-28 08:20:00;6.4;1026.3;81;3.4;0;;;;
000EW;2025-02-28 08:30:00;6.7;1026.3;81;3.6;0;;;;
000EW;2025-02-28 08:40:00;6.7;1026.4;80;3.5;0;;;;
000EW;2025-02-28 08:50:00;6.8;1026.6;79;3.4;0;;;;
000EW;2025-02-28 09:00:00;7.1;1026.8;79;3.7;0;;;0;0
000EW;2025-02-28 09:10:00;7.2;1026.7;78;3.6;0;;;;
000EW;2025-02-28 09:20:00;7.3;1026.8;78;3.7;0;;;;
000EW;2025-02-28 09:30:00;7.4;1026.8;78;3.9;0;;;;
000EW;2025-02-28 09:40:00;7.7;1026.8;76;3.7;0;;;;
000EW;2025-02-28 09:50:00;7.8;1026.8;76;3.9;0;;;;
000EW;2025-02-28 10:00:00;7.9;1026.9;76;3.9;0;;;0;0
000EW;2025-02-28 10:10:00;7.9;1027;75;3.8;0;;;;
000EW;2025-02-28 10:20:00;7.9;1026.9;76;3.9;0;;;;
000EW;2025-02-28 10:30:00;8.1;1027;75;3.9;0;;;;
000EW;2025-02-28 10:40:00;8.2;1026.9;72;3.5;0;;;;
000EW;2025-02-28 10:50:00;8.4;1026.9;71;3.4;0;;;;
000EW;2025-02-28 11:00:00;8.5;1026.8;70;3.3;2.4;;360;0;0
000EW;2025-02-28 11:10:00;8.5;1027;69;3.1;0.8;;338;;
000EW;2025-02-28 11:20:00;8.5;1026.9;68;2.9;0;;;;
000EW;2025-02-28 11:30:00;8.6;1026.8;68;3;0;;;;
000EW;2025-02-28 11:40:00;8.7;1026.8;68;3.1;0.8;;45;;
000EW;2025-02-28 11:50:00;8.6;1026.7;69;3.2;0;;;;
000EW;2025-02-28 12:00:00;8.6;1026.7;70;3.4;0;;;0;0
000EW;2025-02-28 12:10:00;8.6;1026.5;68;3;0;;;;
000EW;2025-02-28 12:20:00;8.6;1026.4;67;2.8;0;;;;
000EW;2025-02-28 12:30:00;8.6;1026.4;67;2.8;0;;;;
000EW;2025-02-28 12:40:00;8.6;1026.4;68;3;0;;;;
000EW;2025-02-28 12:50:00;8.7;1026.4;68;3.1;0;;;;
000EW;2025-02-28 13:00:00;8.7;1026.2;69;3.4;0;;;0;0
000EW;2025-02-28 13:10:00;8.7;1026.2;67;2.9;0.8;;23;;
000EW;2025-02-28 13:20:00;8.8;1026.2;67;3;0;;;;
000EW;2025-02-28 13:30:00;9;1026.1;67;3.2;0.8;;0;;
000EW;2025-02-28 13:40:00;8.9;1026;67;3.1;0;;;;
000EW;2025-02-28 13:50:00;9.1;1025.9;67;3.3;0;;;;
000EW;2025-02-28 14:00:00;9.1;1025.8;67;3.3;0;;;0;0
000EW;2025-02-28 14:10:00;9.2;1025.8;68;3.6;0;;;;
000EW;2025-02-28 14:20:00;9.2;1025.8;67;3.4;0;;;;
000EW;2025-02-28 14:30:00;9.1;1025.7;67;3.3;0;;;;
000EW;2025-02-28 14:40:00;9.3;1025.6;68;3.7;0;;;;
000EW;2025-02-28 14:50:00;9.2;1025.6;68;3.6;0;;;;
000EW;2025-02-28 15:00:00;8.7;1025.8;72;4;0;;;0;0
000EW;2025-02-28 15:10:00;8.3;1025.7;75;4.2;0;;;;
000EW;2025-02-28 15:20:00;8.3;1025.7;75;4.1;0;;;;
000EW;2025-02-28 15:30:00;8.3;1025.7;75;4.1;1.6;;34;;
000EW;2025-02-28 15:40:00;8.2;1025.8;75;4.1;0;;;;
000EW;2025-02-28 15:50:00;8.2;1025.7;74;3.8;0;;;;
000EW;2025-02-28 16:00:00;8.1;1025.8;75;3.9;0;;;0;0.6
000EW;2025-02-28 16:10:00;7.9;1025.8;76;4;0;;;;
000EW;2025-02-28 16:20:00;7.9;1025.8;76;3.9;0;;;;
000EW;2025-02-28 16:30:00;8.1;1025.8;76;4.1;0;;;;
000EW;2025-02-28 16:40:00;8.1;1025.9;75;3.9;0;;;;
000EW;2025-02-28 16:50:00;8.2;1026;75;4;0;;;;
000EW;2025-02-28 17:00:00;8.2;1026;75;4;0;;;0;0
000EW;2025-02-28 17:10:00;8.2;1026;77;4.4;1.6;;23;;
000EW;2025-02-28 17:20:00;7.9;1025.9;76;3.9;0;;;;
000EW;2025-02-28 17:30:00;7.7;1025.9;75;3.6;0;;;;
000EW;2025-02-28 17:40:00;7.7;1026;75;3.6;0;;;;
000EW;2025-02-28 17:50:00;7.8;1026.1;74;3.5;0;;;;
000EW;2025-02-28 18:00:00;7.9;1026.2;74;3.6;0;;;0.8;0.2
000EW;2025-02-28 18:10:00;7.9;1026.3;75;3.7;0;;;;
000EW;2025-02-28 18:20:00;7.9;1026.3;75;3.8;0;;;;
000EW;2025-02-28 18:30:00;7.9;1026.4;76;4;0;;;;
000EW;2025-02-28 18:40:00;7.9;1026.4;76;4;0;;;;
000EW;2025-02-28 18:50:00;7.9;1026.4;76;4;0;;;;
000EW;2025-02-28 19:00:00;7.8;1026.4;76;3.9;2.4;;23;0;0
000EW;2025-02-28 19:10:00;7.8;1026.5;77;4;0;;;;
000EW;2025-02-28 19:20:00;7.6;1026.5;76;3.7;0;;;;
000EW;2025-02-28 19:30:00;7.6;1026.6;77;3.8;0;;;;
000EW;2025-02-28 19:40:00;7.4;1026.7;77;3.7;0;;;;
000EW;2025-02-28 19:50:00;7.4;1026.6;77;3.6;0;;;;
000EW;2025-02-28 20:00:00;7.2;1026.7;77;3.5;0;;;0;0
000EW;2025-02-28 20:10:00;7.1;1026.6;78;3.5;0;;;;
000EW;2025-02-28 20:20:00;6.9;1026.6;79;3.6;0.8;;338;;
000EW;2025-02-28 20:30:00;6.9;1026.6;79;3.5;0;;;;
000EW;2025-02-28 20:40:00;6.8;1026.7;80;3.6;0;;;;
000EW;2025-02-28 20:50:00;6.8;1026.8;80;3.6;0;;;;
000EW;2025-02-28 21:00:00;6.8;1026.9;80;3.6;0;;;0;0
000EW;2025-02-28 21:10:00;6.7;1027;80;3.5;0;;;;
000EW;2025-02-28 21:20:00;6.6;1027.1;81;3.6;0;;;;
000EW;2025-02-28 21:30:00;6.6;1027.2;81;3.5;0;;;;
000EW;2025-02-28 21:40:00;6.5;1027.2;81;3.5;0;;;;
000EW;2025-02-28 21:50:00;6.4;1027.2;81;3.4;0.8;;0;;
000EW;2025-02-28 22:00:00;6.3;1027.2;82;3.5;0;;;0;0
000EW;2025-02-28 22:10:00;6.2;1027.2;82;3.4;0;;;;
000EW;2025-02-28 22:20:00;6.1;1027.2;83;3.4;0;;;;
000EW;2025-02-28 22:30:00;6;1027.4;83;3.3;0;;;;
000EW;2025-02-28 22:40:00;5.9;1027.3;83;3.3;0;;;;
000EW;2025-02-28 22:50:00;5.8;1027.4;83;3.2;0;;;;
000EW;2025-02-28 23:00:00;5.8;1027.4;84;3.3;0;;;0;0
000EW;2025-02-28 23:10:00;5.7;1027.5;84;3.2;0;;;;
000EW;2025-02-28 23:20:00;5.6;1027.5;84;3.1;0;;;;
000EW;2025-02-28 23:30:00;5.6;1027.5;85;3.2;0;;;;
000EW;2025-02-28 23:40:00;5.4;1027.5;85;3.1;0;;;;
000EW;2025-02-28 23:50:00;5.3;1027.5;85;3;0;;;;
000EW;2025-03-01 00:00:00;5.2;1027.5;85;2.9;0;;;0;0
000EW;2025-03-01 00:10:00;5.1;1027.5;86;2.9;0;;;;
000EW;2025-03-01 00:20:00;5;1027.5;86;2.9;1.6;;0;;
000EW;2025-03-01 00:30:00;4.9;1027.6;86;2.8;0;;;;
000EW;2025-03-01 00:40:00;4.9;1027.6;87;2.9;0;;;;
000EW;2025-03-01 00:50:00;4.8;1027.6;87;2.8;0;;;;
000EW;2025-03-01 01:00:00;4.7;1027.6;87;2.7;0;;;0;0
000EW;2025-03-01 01:10:00;4.7;1027.7;87;2.7;0;;;;
000EW;2025-03-01 01:20:00;4.6;1027.7;87;2.6;0;;;;
000EW;2025-03-01 01:30:00;4.5;1027.7;87;2.5;0;;;;
000EW;2025-03-01 01:40:00;4.4;1027.8;87;2.5;0;;;;
000EW;2025-03-01 01:50:00;4.3;1027.7;87;2.3;0;;;;
000EW;2025-03-01 02:00:00;4.2;1027.8;87;2.3;0;;;0;0
000EW;2025-03-01 02:10:00;4.2;1027.7;87;2.2;0;;;;
000EW;2025-03-01 02:20:00;4.1;1027.6;88;2.2;0.8;;0;;
000EW;2025-03-01 02:30:00;4;1027.6;88;2.2;1.6;;0;;
000EW;2025-03-01 02:40:00;3.9;1027.6;88;2.1;4.8;;0;;
000EW;2025-03-01 02:50:00;3.8;1027.7;88;2;2.4;;0;;
000EW;2025-03-01 03:00:00;3.8;1027.7;88;2;0.8;;0;0;0
000EW;2025-03-01 03:10:00;3.8;1027.7;88;2;0;;;;
000EW;2025-03-01 03:20:00;3.7;1027.7;88;1.9;0.8;;338;;
000EW;2025-03-01 03:30:00;3.7;1027.8;88;1.9;0;;;;
000EW;2025-03-01 03:40:00;3.6;1027.7;88;1.8;2.4;;11;;
000EW;2025-03-01 03:50:00;3.6;1027.7;88;1.8;0;;;;
000EW;2025-03-01 04:00:00;3.5;1027.7;88;1.7;0;;;0;0
000EW;2025-03-01 04:10:00;3.4;1027.8;88;1.6;0;;;;
000EW;2025-03-01 04:20:00;3.4;1027.9;88;1.6;1.6;;23;;
000EW;2025-03-01 04:30:00;3.3;1027.9;88;1.5;3.2;;11;;
000EW;2025-03-01 04:40:00;3.3;1027.9;88;1.5;4;;11;;
000EW;2025-03-01 04:50:00;3.2;1028;88;1.4;3.2;;0;;
000EW;2025-03-01 05:00:00;3.1;1028.1;88;1.3;4;;23;0;0
000EW;2025-03-01 05:10:00;3.1;1028;88;1.3;3.2;;11;;
000EW;2025-03-01 05:20:00;3;1028.1;89;1.4;3.2;;0;;
000EW;2025-03-01 05:30:00;2.9;1028.2;89;1.3;2.4;;0;;
000EW;2025-03-01 05:40:00;2.9;1028.4;89;1.3;4;;11;;
000EW;2025-03-01 05:50:00;2.8;1028.4;89;1.1;3.2;;23;;
000EW;2025-03-01 06:00:00;2.7;1028.6;89;1.1;2.4;;0;0;0
000EW;2025-03-01 06:10:00;2.7;1028.7;89;1.1;2.4;;0;;
000EW;2025-03-01 06:20:00;2.7;1028.8;89;1.1;1.6;;0;;
000EW;2025-03-01 06:30:00;2.7;1028.9;89;1.1;1.6;;23;;
000EW;2025-03-01 06:40:00;2.7;1029;89;1;0.8;;0;;
000EW;2025-03-01 06:50:00;2.6;1029.1;89;1;0.8;;0;;
000EW;2025-03-01 07:00:00;2.7;1029.2;89;1;0;;;0;0
000EW;2025-03-01 07:10:00;2.7;1029.3;89;1;0.8;;0;;
000EW;2025-03-01 07:20:00;2.8;1029.3;89;1.1;0.8;;0;;
000EW;2025-03-01 07:30:00;2.9;1029.6;89;1.3;0;;;;
000EW;2025-03-01 07:40:00;3.1;1029.7;88;1.3;0;;;;
000EW;2025-03-01 07:50:00;3.2;1029.8;88;1.4;0.8;;0;;
000EW;2025-03-01 08:00:00;3.4;1029.9;87;1.5;0.8;;0;0;0
000EW;2025-03-01 08:10:00;3.7;1029.9;87;1.8;0;;;;
000EW;2025-03-01 08:20:00;4;1030.1;86;1.9;0;;;;
000EW;2025-03-01 08:30:00;4.3;1030.1;85;2;0;;;;
000EW;2025-03-01 08:40:00;4.4;1030.2;84;2;0;;;;
000EW;2025-03-01 08:50:00;4.6;1030.3;83;2;0;;;;
000EW;2025-03-01 09:00:00;4.9;1030.3;82;2.1;0;;;0;0
000EW;2025-03-01 09:10:00;5.1;1030.4;81;2.1;0.8;;23;;
000EW;2025-03-01 09:20:00;5.2;1030.3;81;2.2;5.6;;0;;
000EW;2025-03-01 09:30:00;5.5;1030.4;80;2.3;3.2;;23;;
000EW;2025-03-01 09:40:00;5.7;1030.4;79;2.3;0.8;;0;;
000EW;2025-03-01 09:50:00;5.8;1030.5;78;2.2;3.2;;23;;
000EW;2025-03-01 10:00:00;5.9;1030.5;78;2.4;2.4;;0;0;0
000EW;2025-03-01 10:10:00;5.8;1030.5;77;2.1;2.4;;23;;
000EW;2025-03-01 10:20:00;6;1030.5;77;2.3;4.8;;0;;
000EW;2025-03-01 10:30:00;6.3;1030.6;75;2.2;0;;;;
000EW;2025-03-01 10:40:00;6.4;1030.6;75;2.3;1.6;;23;;
000EW;2025-03-01 10:50:00;6.6;1030.6;75;2.5;3.2;;0;;
000EW;2025-03-01 11:00:00;7.1;1030.7;74;2.7;2.4;;0;0;0
000EW;2025-03-01 11:10:00;7;1030.8;72;2.3;0.8;;0;;
000EW;2025-03-01 11:20:00;6.9;1030.8;73;2.4;1.6;;23;;
000EW;2025-03-01 11:30:00;6.8;1031;73;2.3;3.2;;0;;
000EW;2025-03-01 11:40:00;6.8;1031.1;73;2.3;3.2;;0;;
000EW;2025-03-01 11:50:00;6.8;1030.9;74;2.5;0.8;;23;;
000EW;2025-03-01 12:00:00;6.9;1030.9;73;2.4;0;;;0;0
000EW;2025-03-01 12:10:00;7.1;1030.8;72;2.4;0;;;;
000EW;2025-03-01 12:20:00;6.9;1030.7;72;2.2;0.8;;338;;
000EW;2025-03-01 12:30:00;6.9;1030.6;74;2.6;1.6;;0;;
000EW;2025-03-01 12:40:00;6.8;1030.5;75;2.7;0;;;;
000EW;2025-03-01 12:50:00;6.6;1030.5;75;2.5;3.2;;0;;
000EW;2025-03-01 13:00:00;6.6;1030.5;75;2.4;1.6;;0;0;0
000EW;2025-03-01 13:10:00;6.7;1030.3;75;2.6;1.6;;34;;
000EW;2025-03-01 13:20:00;6.8;1030.4;74;2.5;0.8;;45;;
000EW;2025-03-01 13:30:00;7.1;1030.3;74;2.8;4;;0;;
000EW;2025-03-01 13:40:00;7.2;1030.2;73;2.7;2.4;;11;;
000EW;2025-03-01 13:50:00;6.9;1030.3;74;2.6;1.6;;349;;
000EW;2025-03-01 14:00:00;7.3;1030.3;72;2.6;0;;;0;0
000EW;2025-03-01 14:10:00;6.9;1030.3;74;2.6;0.8;;0;;
000EW;2025-03-01 14:20:00;7.1;1030.3;72;2.4;1.6;;349;;
000EW;2025-03-01 14:30:00;7;1030.3;73;2.5;3.2;;0;;
000EW;2025-03-01 14:40:00;6.9;1030.4;72;2.2;0.8;;0;;
000EW;2025-03-01 14:50:00;6.9;1030.6;70;1.9;2.4;;0;;
000EW;2025-03-01 15:00:00;6.7;1030.8;71;1.8;4;;23;0;0
000EW;2025-03-01 15:10:00;6.6;1030.7;72;1.9;2.4;;0;;
000EW;2025-03-01 15:20:00;6.5;1030.7;71;1.6;4.8;;0;;
000EW;2025-03-01 15:30:00;6.5;1030.6;72;1.8;2.4;;0;;
000EW;2025-03-01 15:40:00;6.6;1030.5;71;1.7;4;;0;;
000EW;2025-03-01 15:50:00;6.7;1030.5;72;2;1.6;;0;;
000EW;2025-03-01 16:00:00;6.5;1030.5;72;1.8;5.6;;0;0;0
000EW;2025-03-01 16:10:00;6.6;1030.4;72;1.9;4.8;;349;;
000EW;2025-03-01 16:20:00;6.8;1030.4;72;2.1;3.2;;23;;
000EW;2025-03-01 16:30:00;6.7;1030.5;72;2;0.8;;68;;
000EW;2025-03-01 16:40:00;6.8;1030.3;73;2.3;2.4;;48;;
000EW;2025-03-01 16:50:00;6.7;1030.5;73;2.2;0.8;;338;;
000EW;2025-03-01 17:00:00;6.7;1030.5;73;2.2;1.6;;23;0;0
000EW;2025-03-01 17:10:00;6.6;1030.6;73;2.1;0;;;;
000EW;2025-03-01 17:20:00;6.5;1030.7;73;2;3.2;;0;;
000EW;2025-03-01 17:30:00;6.4;1030.7;74;2.1;1.6;;0;;
000EW;2025-03-01 17:40:00;6.3;1030.8;74;2;0.8;;0;;
000EW;2025-03-01 17:50:00;6;1030.9;74;1.7;2.4;;0;;
000EW;2025-03-01 18:00:00;5.8;1031;74;1.5;0.8;;0;0;0
000EW;2025-03-01 18:10:00;5.6;1031.2;75;1.5;0.8;;0;;
000EW;2025-03-01 18:20:00;5.4;1031.3;76;1.5;5.6;;0;;
000EW;2025-03-01 18:30:00;5.3;1031.5;77;1.6;0;;;;
000EW;2025-03-01 18:40:00;5.2;1031.6;78;1.7;2.4;;23;;
000EW;2025-03-01 18:50:00;5.2;1031.7;78;1.6;0.8;;45;;
000EW;2025-03-01 19:00:00;5.1;1031.7;78;1.6;1.6;;0;0;0
000EW;2025-03-01 19:10:00;5.1;1031.8;79;1.7;2.4;;23;;
000EW;2025-03-01 19:20:00;5.1;1031.7;79;1.7;4;;0;;
000EW;2025-03-01 19:30:00;4.9;1031.8;79;1.6;2.4;;0;;
000EW;2025-03-01 19:40:00;4.9;1031.9;79;1.6;4;;0;;
000EW;2025-03-01 19:50:00;4.9;1031.8;80;1.7;4;;0;;
000EW;2025-03-01 20:00:00;4.8;1031.8;80;1.7;0.8;;68;0;0
000EW;2025-03-01 20:10:00;4.8;1031.8;80;1.6;1.6;;0;;
000EW;2025-03-01 20:20:00;4.8;1031.8;80;1.6;0.8;;0;;
000EW;2025-03-01 20:30:00;4.7;1031.8;81;1.7;1.6;;0;;
000EW;2025-03-01 20:40:00;4.6;1031.9;81;1.6;0.8;;0;;
000EW;2025-03-01 20:50:00;4.5;1032;81;1.5;0;;;;
000EW;2025-03-01 21:00:00;4.4;1032;81;1.5;1.6;;349;0;0
000EW;2025-03-01 21:10:00;4.4;1032.1;82;1.6;0.8;;0;;
000EW;2025-03-01 21:20:00;4.3;1032.3;82;1.5;1.6;;0;;
000EW;2025-03-01 21:30:00;4.3;1032.3;82;1.5;0.8;;0;;
000EW;2025-03-01 21:40:00;4.2;1032.3;82;1.4;0.8;;0;;
000EW;2025-03-01 21:50:00;4.1;1032.4;82;1.3;1.6;;0;;
000EW;2025-03-01 22:00:00;4.1;1032.4;83;1.5;0.8;;0;0;0
000EW;2025-03-01 22:10:00;4.1;1032.5;83;1.4;0;;;;
000EW;2025-03-01 22:20:00;4;1032.5;83;1.4;0.8;;0;;
000EW;2025-03-01 22:30:00;3.9;1032.5;83;1.3;0.8;;0;;
000EW;2025-03-01 22:40:00;3.9;1032.4;83;1.3;1.6;;0;;
000EW;2025-03-01 22:50:00;3.8;1032.3;83;1.2;1.6;;349;;
000EW;2025-03-01 23:00:00;3.8;1032.3;83;1.2;0.8;;23;0;0
000EW;2025-03-01 23:10:00;3.8;1032.3;83;1.2;1.6;;34;;
000EW;2025-03-01 23:20:00;3.7;1032.3;83;1.1;1.6;;23;;
000EW;2025-03-01 23:30:00;3.7;1032.3;83;1.1;0.8;;0;;
000EW;2025-03-01 23:40:00;3.7;1032.3;83;1.1;0;;;;
000EW;2025-03-01 23:50:00;3.6;1032.2;83;0.9;0;;;;
000EW;2025-03-02 00:00:00;3.6;1032.1;83;0.9;0.8;;45;0;0
000EW;2025-03-02 00:10:00;3.6;1032.2;83;0.9;0;;;;
000EW;2025-03-02 00:20:00;3.4;1032.3;83;0.8;0;;;;
000EW;2025-03-02 00:30:00;3.3;1032.3;83;0.7;2.4;;34;;
000EW;2025-03-02 00:40:00;3.3;1032.3;83;0.7;0.8;;338;;
000EW;2025-03-02 00:50:00;3.3;1032.2;83;0.7;0.8;;0;;
000EW;2025-03-02 01:00:00;3.3;1032.3;83;0.7;0;;;0;0
000EW;2025-03-02 01:10:00;3.2;1032.2;84;0.7;0.8;;0;;
000EW;2025-03-02 01:20:00;3.1;1032.2;84;0.7;0.8;;0;;
000EW;2025-03-02 01:30:00;3.1;1032.2;84;0.7;2.4;;0;;
000EW;2025-03-02 01:40:00;3.1;1032;84;0.6;1.6;;0;;
000EW;2025-03-02 01:50:00;3.1;1031.9;84;0.6;2.4;;0;;
000EW;2025-03-02 02:00:00;3;1031.8;84;0.6;0.8;;45;0;0
000EW;2025-03-02 02:10:00;3;1031.8;84;0.6;0;;;;
000EW;2025-03-02 02:20:00;3;1031.8;84;0.6;0.8;;0;;
000EW;2025-03-02 02:30:00;2.9;1031.8;84;0.5;0;;;;
000EW;2025-03-02 02:40:00;2.9;1031.7;84;0.5;0.8;;0;;
000EW;2025-03-02 02:50:00;2.8;1031.7;84;0.4;2.4;;0;;
000EW;2025-03-02 03:00:00;2.8;1031.6;84;0.3;0.8;;0;0;0
000EW;2025-03-02 03:10:00;2.8;1031.6;84;0.3;0;;;;
000EW;2025-03-02 03:20:00;2.8;1031.6;84;0.3;0;;;;
000EW;2025-03-02 03:30:00;2.8;1031.6;84;0.4;0;;;;
000EW;2025-03-02 03:40:00;2.8;1031.4;84;0.3;3.2;;0;;
000EW;2025-03-02 03:50:00;2.7;1031.5;84;0.3;0.8;;0;;
000EW;2025-03-02 04:00:00;2.6;1031.6;84;0.2;1.6;;0;0;0
000EW;2025-03-02 04:10:00;2.6;1031.6;85;0.3;1.6;;0;;
000EW;2025-03-02 04:20:00;2.5;1031.5;85;0.2;0.8;;0;;
000EW;2025-03-02 04:30:00;2.5;1031.6;85;0.2;1.6;;0;;
000EW;2025-03-02 04:40:00;2.4;1031.6;85;0.2;3.2;;0;;
000EW;2025-03-02 04:50:00;2.3;1031.6;85;0.1;0.8;;0;;
000EW;2025-03-02 05:00:00;2.3;1031.7;85;0;1.6;;0;0;0
000EW;2025-03-02 05:10:00;2.3;1032;85;0.1;0.8;;0;;
000EW;2025-03-02 05:20:00;2.2;1032.1;85;-0.1;3.2;;0;;
000EW;2025-03-02 05:30:00;2;1032.2;86;-0.1;4;;34;;
000EW;2025-03-02 05:40:00;1.9;1032.3;86;-0.1;7.2;;0;;
000EW;2025-03-02 05:50:00;2;1032.4;87;0.1;7.2;;0;;
000EW;2025-03-02 06:00:00;2.1;1032.4;87;0.2;4;;0;0;0
000EW;2025-03-02 06:10:00;2.3;1032.5;86;0.2;2.4;;0;;
000EW;2025-03-02 06:20:00;2.4;1032.6;86;0.3;3.2;;11;;
000EW;2025-03-02 06:30:00;2.4;1032.6;86;0.3;0.8;;23;;
000EW;2025-03-02 06:40:00;2.4;1032.5;85;0.2;1.6;;349;;
000EW;2025-03-02 06:50:00;2.5;1032.5;85;0.2;1.6;;45;;
000EW;2025-03-02 07:00:00;2.6;1032.5;85;0.3;0;;;0;0
000EW;2025-03-02 07:10:00;2.8;1032.6;84;0.3;0.8;;90;;
000EW;2025-03-02 07:20:00;3;1032.7;84;0.6;0;;;;
000EW;2025-03-02 07:30:00;3.2;1032.8;83;0.6;0.8;;45;;
000EW;2025-03-02 07:40:00;3.3;1032.8;82;0.6;1.6;;360;;
000EW;2025-03-02 07:50:00;3.6;1032.8;82;0.8;1.6;;338;;
000EW;2025-03-02 08:00:00;3.9;1033;80;0.8;3.2;;101;0;0
000EW;2025-03-02 08:10:00;4.1;1033;80;0.9;4.8;;79;;
000EW;2025-03-02 08:20:00;4.3;1033;79;1;3.2;;34;;
000EW;2025-03-02 08:30:00;4.4;1032.9;78;0.9;2.4;;0;;
000EW;2025-03-02 08:40:00;4.7;1032.9;78;1.2;4;;79;;
000EW;2025-03-02 08:50:00;5;1032.9;76;1.1;1.6;;0;;
000EW;2025-03-02 09:00:00;5.1;1032.7;76;1.2;0.8;;315;0;0
000EW;2025-03-02 09:10:00;5.3;1032.6;75;1.3;0.8;;45;;
000EW;2025-03-02 09:20:00;5.5;1032.7;75;1.4;1.6;;101;;
000EW;2025-03-02 09:30:00;5.6;1032.6;73;1.1;0;;;;
000EW;2025-03-02 09:40:00;5.7;1032.7;73;1.2;0;;;;
000EW;2025-03-02 09:50:00;5.9;1032.7;72;1.3;0.8;;0;;
000EW;2025-03-02 10:00:00;6.2;1032.6;71;1.4;0;;;0;0
000EW;2025-03-02 10:10:00;6.7;1032.5;70;1.6;0.8;;280;;
000EW;2025-03-02 10:20:00;7.1;1032.5;68;1.6;0;;;;
000EW;2025-03-02 10:30:00;7.3;1032.5;68;1.8;1.6;;11;;
000EW;2025-03-02 10:40:00;7.3;1032.4;67;1.6;0;;;;
000EW;2025-03-02 10:50:00;7.7;1032.2;67;2;0;;;;
000EW;2025-03-02 11:00:00;8.1;1032.1;66;2.1;0;;;0;0
000EW;2025-03-02 11:10:00;8.3;1031.9;64;1.9;0;;;;
000EW;2025-03-02 11:20:00;8.2;1031.8;64;1.8;0;;;;
000EW;2025-03-02 11:30:00;8.5;1031.6;63;1.9;0;;;;
000EW;2025-03-02 11:40:00;8.9;1031.5;62;2;0;;;;
000EW;2025-03-02 11:50:00;8.9;1031.3;61;1.8;0.8;;23;;
000EW;2025-03-02 12:00:00;9.3;1031.1;59;1.7;0.8;;0;0;0
000EW;2025-03-02 12:10:00;9.3;1030.9;59;1.7;0;;;;
000EW;2025-03-02 12:20:00;9.4;1031;60;2.1;0.8;;0;;
000EW;2025-03-02 12:30:00;9.8;1030.8;59;2.1;0;;;;
000EW;2025-03-02 12:40:00;9.9;1030.6;58;2.1;0;;;;
000EW;2025-03-02 12:50:00;9.9;1030.5;57;1.8;0;;;;
000EW;2025-03-02 13:00:00;10.1;1030.3;57;2;0;;;0;0
000EW;2025-03-02 13:10:00;10.4;1030.2;56;2;0;;;;
000EW;2025-03-02 13:20:00;10.7;1030.1;56;2.2;0;;;;
000EW;2025-03-02 13:30:00;10.6;1029.9;55;1.9;0;;;;
000EW;2025-03-02 13:40:00;10.5;1029.8;56;2.1;0;;;;
000EW;2025-03-02 13:50:00;10.6;1029.7;56;2.2;0;;;;
000EW;2025-03-02 14:00:00;10.9;1029.6;56;2.5;0;;;0;0
000EW;2025-03-02 14:10:00;11.1;1029.6;55;2.4;0;;;;
000EW;2025-03-02 14:20:00;10.9;1029.5;56;2.5;0;;;;
000EW;2025-03-02 14:30:00;11.2;1029.5;55;2.5;0;;;;
000EW;2025-03-02 14:40:00;11.1;1029.5;56;2.7;0;;;;
000EW;2025-03-02 14:50:00;11.4;1029.5;54;2.4;0;;;;
000EW;2025-03-02 15:00:00;11.3;1029.5;54;2.3;0;;;0;0
000EW;2025-03-02 15:10:00;11.1;1029.5;55;2.4;0;;;;
000EW;2025-03-02 15:20:00;11.2;1029.5;55;2.5;0;;;;
000EW;2025-03-02 15:30:00;11.1;1029.2;55;2.4;0;;;;
000EW;2025-03-02 15:40:00;11.2;1029.3;54;2.3;0;;;;
000EW;2025-03-02 15:50:00;11.1;1029.2;55;2.4;0;;;;
000EW;2025-03-02 16:00:00;11.1;1029.2;56;2.6;0;;;0;0
000EW;2025-03-02 16:10:00;11.1;1029.1;56;2.7;0;;;;
000EW;2025-03-02 16:20:00;11;1029.1;57;2.8;0;;;;
000EW;2025-03-02 16:30:00;10.8;1029.1;57;2.6;0;;;;
000EW;2025-03-02 16:40:00;10.7;1029.1;57;2.5;0;;;;
000EW;2025-03-02 16:50:00;10.7;1029.1;57;2.5;0;;;;
000EW;2025-03-02 17:00:00;10.6;1029;57;2.4;0;;;0;0
000EW;2025-03-02 17:10:00;10.4;1029.1;57;2.2;0;;;;
000EW;2025-03-02 17:20:00;10.3;1029.2;58;2.4;0;;;;
000EW;2025-03-02 17:30:00;10.2;1029.2;58;2.3;0;;;;
000EW;2025-03-02 17:40:00;10.1;1029.3;58;2.2;0;;;;
000EW;2025-03-02 17:50:00;9.9;1029.2;59;2.3;0;;;;
000EW;2025-03-02 18:00:00;9.8;1029.2;59;2.2;0;;;0;0
000EW;2025-03-02 18:10:00;9.7;1029.2;60;2.3;0;;;;
000EW;2025-03-02 18:20:00;9.6;1029.2;61;2.5;0;;;;
000EW;2025-03-02 18:30:00;9.4;1029.3;63;2.7;0;;;;
000EW;2025-03-02 18:40:00;9.2;1029.4;64;2.7;0;;;;
000EW;2025-03-02 18:50:00;9;1029.5;65;2.8;0;;;;
000EW;2025-03-02 19:00:00;8.8;1029.4;66;2.8;0;;;0;0
000EW;2025-03-02 19:10:00;8.6;1029.3;67;2.8;0.8;;0;;
000EW;2025-03-02 19:20:00;8.4;1029.4;69;3;0;;;;
000EW;2025-03-02 19:30:00;8.3;1029.4;69;2.9;0;;;;
000EW;2025-03-02 19:40:00;8.1;1029.4;71;3.1;0;;;;
000EW;2025-03-02 19:50:00;7.9;1029.4;71;3;0.8;;0;;
000EW;2025-03-02 20:00:00;7.8;1029.4;72;3;1.6;;0;0;0
000EW;2025-03-02 20:10:00;7.7;1029.4;73;3.1;0;;;;
000EW;2025-03-02 20:20:00;7.6;1029.3;73;3;1.6;;45;;
000EW;2025-03-02 20:30:00;7.4;1029.4;74;3.1;0;;;;
000EW;2025-03-02 20:40:00;7.3;1029.4;74;3;0;;;;
000EW;2025-03-02 20:50:00;7.2;1029.4;74;2.9;0;;;;
000EW;2025-03-02 21:00:00;7.2;1029.4;75;3;0;;;0;0
000EW;2025-03-02 21:10:00;7.1;1029.5;75;2.9;0;;;;
000EW;2025-03-02 21:20:00;7;1029.5;75;2.9;0;;;;
000EW;2025-03-02 21:30:00;6.9;1029.5;76;3;0;;;;
000EW;2025-03-02 21:40:00;6.8;1029.5;76;2.9;0;;;;
000EW;2025-03-02 21:50:00;6.8;1029.4;76;2.8;0;;;;
000EW;2025-03-02 22:00:00;6.7;1029.5;76;2.8;0;;;0;0
000EW;2025-03-02 22:10:00;6.7;1029.4;76;2.7;0;;;;
000EW;2025-03-02 22:20:00;6.7;1029.3;76;2.7;0;;;;
000EW;2025-03-02 22:30:00;6.7;1029.2;76;2.7;0;;;;
000EW;2025-03-02 22:40:00;6.6;1029.1;76;2.6;0;;;;
000EW;2025-03-02 22:50:00;6.5;1029;76;2.6;0;;;;
000EW;2025-03-02 23:00:00;6.4;1028.9;77;2.7;0;;;0;0
000EW;2025-03-02 23:10:00;6.3;1028.9;77;2.6;0;;;;
000EW;2025-03-02 23:20:00;6.3;1028.8;77;2.6;0;;;;
000EW;2025-03-02 23:30:00;6.3;1028.8;77;2.5;0;;;;
000EW;2025-03-02 23:40:00;6.3;1028.8;77;2.5;0;;;;
000EW;2025-03-02 23:50:00;6.2;1028.7;77;2.5;0;;;;
000EW;2025-03-03 00:00:00;6.2;1028.8;77;2.4;0;;;0;0
000EW;2025-03-03 00:10:00;6.1;1028.7;77;2.4;0;;;;
000EW;2025-03-03 00:20:00;6.1;1028.6;77;2.3;0;;;;
000EW;2025-03-03 00:30:00;5.9;1028.6;77;2.2;0;;;;
000EW;2025-03-03 00:40:00;5.8;1028.6;78;2.3;0;;;;
000EW;2025-03-03 00:50:00;5.8;1028.7;78;2.2;0;;;;
000EW;2025-03-03 01:00:00;5.7;1028.6;78;2.1;0;;;0;0
000EW;2025-03-03 01:10:00;5.6;1028.6;79;2.3;0;;;;
000EW;2025-03-03 01:20:00;5.6;1028.6;79;2.3;0;;;;
000EW;2025-03-03 01:30:00;5.6;1028.4;78;2;0;;;;
000EW;2025-03-03 01:40:00;5.5;1028.3;79;2.2;0;;;;
000EW;2025-03-03 01:50:00;5.5;1028.2;79;2.2;0;;;;
000EW;2025-03-03 02:00:00;5.4;1028.3;79;2.1;0;;;0;0
000EW;2025-03-03 02:10:00;5.3;1028.3;79;1.9;0;;;;
000EW;2025-03-03 02:20:00;5.2;1028.2;79;1.9;0;;;;
000EW;2025-03-03 02:30:00;5.1;1028.1;80;1.9;0;;;;
000EW;2025-03-03 02:40:00;5.1;1028;80;1.9;0;;;;
000EW;2025-03-03 02:50:00;5;1027.9;79;1.7;0;;;;
000EW;2025-03-03 03:00:00;4.9;1027.9;80;1.7;0;;;0;0
000EW;2025-03-03 03:10:00;4.8;1027.8;80;1.6;0;;;;
000EW;2025-03-03 03:20:00;4.7;1027.8;80;1.6;0;;;;
000EW;2025-03-03 03:30:00;4.7;1027.8;81;1.7;0;;;;
000EW;2025-03-03 03:40:00;4.7;1027.7;81;1.7;0;;;;
000EW;2025-03-03 03:50:00;4.7;1027.6;80;1.5;0;;;;
000EW;2025-03-03 04:00:00;4.6;1027.6;81;1.6;0;;;0;0
000EW;2025-03-03 04:10:00;4.4;1027.7;81;1.5;0;;;;
000EW;2025-03-03 04:20:00;4.4;1027.7;81;1.4;0;;;;
000EW;2025-03-03 04:30:00;4.3;1027.7;82;1.5;0;;;;
000EW;2025-03-03 04:40:00;4.3;1027.8;82;1.5;0;;;;
000EW;2025-03-03 04:50:00;4.1;1027.7;82;1.3;0;;;;
000EW;2025-03-03 05:00:00;4;1027.8;82;1.2;0;;;0;0
000EW;2025-03-03 05:10:00;3.9;1027.9;82;1.1;0;;;;
000EW;2025-03-03 05:20:00;3.8;1027.9;83;1.2;0;;;;
000EW;2025-03-03 05:30:00;3.7;1027.9;83;1.1;0;;;;
000EW;2025-03-03 05:40:00;3.7;1028;83;1.1;0;;;;
000EW;2025-03-03 05:50:00;3.7;1028.1;83;1.1;0;;;;
000EW;2025-03-03 06:00:00;3.6;1028.2;83;1;0;;;0;0
000EW;2025-03-03 06:10:00;3.6;1028.3;83;1;0;;;;
000EW;2025-03-03 06:20:00;3.6;1028.4;83;1;0;;;;
000EW;2025-03-03 06:30:00;3.6;1028.5;83;0.9;0;;;;
000EW;2025-03-03 06:40:00;3.5;1028.5;83;0.9;0;;;;
000EW;2025-03-03 06:50:00;3.5;1028.6;83;0.9;0;;;;
000EW;2025-03-03 07:00:00;3.4;1028.7;83;0.8;0;;;0;0
000EW;2025-03-03 07:10:00;3.4;1028.8;83;0.8;0;;;;
000EW;2025-03-03 07:20:00;3.4;1028.9;83;0.8;0;;;;
000EW;2025-03-03 07:30:00;3.4;1029;83;0.8;0;;;;
000EW;2025-03-03 07:40:00;3.4;1028.9;83;0.8;0;;;;
000EW;2025-03-03 07:50:00;3.6;1029;83;0.9;0;;;;
000EW;2025-03-03 08:00:00;3.8;1029.1;82;1;0;;;0;0
000EW;2025-03-03 08:10:00;4.1;1029.1;81;1.1;0;;;;
000EW;2025-03-03 08:20:00;4.5;1029;80;1.4;0;;;;
000EW;2025-03-03 08:30:00;4.9;1029;78;1.4;0;;;;
000EW;2025-03-03 08:40:00;5.1;1029;78;1.6;0;;;;
000EW;2025-03-03 08:50:00;5.4;1029.1;76;1.5;0;;;;
000EW;2025-03-03 09:00:00;5.4;1028.9;75;1.4;0;;;0;0
000EW;2025-03-03 09:10:00;6.1;1028.9;74;1.8;0;;;;
000EW;2025-03-03 09:20:00;6.4;1028.7;72;1.7;0;;;;
000EW;2025-03-03 09:30:00;6.5;1028.6;70;1.4;0;;;;
000EW;2025-03-03 09:40:00;7;1028.5;70;1.9;0;;;;
000EW;2025-03-03 09:50:00;7.6;1028.5;68;2.1;0;;;;
000EW;2025-03-03 10:00:00;7.7;1028.5;66;1.8;0;;;0;0
000EW;2025-03-03 10:10:00;7.7;1028.4;66;1.7;0;;;;
000EW;2025-03-03 10:20:00;8.2;1028.3;64;1.8;0;;;;
000EW;2025-03-03 10:30:00;8.7;1028.3;61;1.6;0.8;;158;;
000EW;2025-03-03 10:40:00;8.9;1028.3;59;1.4;0;;;;
000EW;2025-03-03 10:50:00;9;1028.3;59;1.4;0;;;;
000EW;2025-03-03 11:00:00;9.2;1028.4;58;1.4;0;;;0;0
000EW;2025-03-03 11:10:00;9.2;1028.5;58;1.4;0;;;;
000EW;2025-03-03 11:20:00;9.5;1028.5;57;1.4;0;;;;
000EW;2025-03-03 11:30:00;10.2;1028.4;55;1.5;0;;;;
000EW;2025-03-03 11:40:00;9.9;1028.2;56;1.5;0;;;;
000EW;2025-03-03 11:50:00;10;1028.1;56;1.6;0;;;;
000EW;2025-03-03 12:00:00;10.2;1028;55;1.5;0;;;0;0
000EW;2025-03-03 12:10:00;10.3;1027.8;54;1.4;0;;;;
000EW;2025-03-03 12:20:00;10.9;1027.7;54;1.9;0;;;;
000EW;2025-03-03 12:30:00;11.1;1027.5;53;1.9;0;;;;
000EW;2025-03-03 12:40:00;10.9;1027.3;54;2;0;;;;
000EW;2025-03-03 12:50:00;11.2;1027.2;53;1.9;0;;;;
000EW;2025-03-03 13:00:00;11.2;1027.1;52;1.7;0;;;0;0
000EW;2025-03-03 13:10:00;11.5;1027;53;2.3;0;;;;
000EW;2025-03-03 13:20:00;11.4;1026.9;53;2.2;0;;;;
000EW;2025-03-03 13:30:00;12;1026.8;52;2.4;0;;;;
000EW;2025-03-03 13:40:00;11.9;1026.7;51;2.1;0;;;;
000EW;2025-03-03 13:50:00;11.5;1026.6;53;2.3;0;;;;
000EW;2025-03-03 14:00:00;11.6;1026.6;53;2.4;0;;;0;0
000EW;2025-03-03 14:10:00;11.7;1026.4;53;2.5;0;;;;
000EW;2025-03-03 14:20:00;11.8;1026.3;52;2.3;0;;;;
000EW;2025-03-03 14:30:00;11.8;1026.3;52;2.2;0;;;;
000EW;2025-03-03 14:40:00;12.1;1026.3;52;2.6;0;;;;
000EW;2025-03-03 14:50:00;12.2;1026.3;52;2.6;0;;;;
000EW;2025-03-03 15:00:00;12.1;1026.3;53;2.8;0;;;0;0
000EW;2025-03-03 15:10:00;11.8;1026.2;53;2.6;0;;;;
000EW;2025-03-03 15:20:00;11.8;1026.3;53;2.6;0;;;;
000EW;2025-03-03 15:30:00;11.9;1026.2;52;2.4;0;;;;
000EW;2025-03-03 15:40:00;11.9;1026.2;54;2.9;0;;;;
000EW;2025-03-03 15:50:00;11.9;1026.1;53;2.6;0;;;;
000EW;2025-03-03 16:00:00;11.8;1026.1;52;2.3;0;;;0;0
000EW;2025-03-03 16:10:00;11.8;1026.1;53;2.5;0;;;;
000EW;2025-03-03 16:20:00;11.8;1026;53;2.6;0;;;;
000EW;2025-03-03 16:30:00;11.7;1025.9;52;2.2;0;;;;
000EW;2025-03-03 16:40:00;11.9;1025.8;53;2.6;0;;;;
000EW;2025-03-03 16:50:00;11.7;1025.8;53;2.5;0;;;;
000EW;2025-03-03 17:00:00;11.5;1025.8;54;2.5;0;;;0;0
000EW;2025-03-03 17:10:00;11.5;1025.9;56;3;0;;;;
000EW;2025-03-03 17:20:00;11.3;1025.8;56;2.9;0;;;;
000EW;2025-03-03 17:30:00;11.2;1025.8;57;3;0;;;;
000EW;2025-03-03 17:40:00;11.1;1025.9;58;3.2;0;;;;
000EW;2025-03-03 17:50:00;11.1;1025.9;58;3.1;0;;;;
000EW;2025-03-03 18:00:00;11;1026;59;3.3;0;;;0;0
000EW;2025-03-03 18:10:00;10.9;1026;60;3.4;0;;;;
000EW;2025-03-03 18:20:00;10.8;1026.1;60;3.4;0;;;;
000EW;2025-03-03 18:30:00;10.7;1026.2;60;3.3;0;;;;
000EW;2025-03-03 18:40:00;10.7;1026.3;61;3.5;0;;;;
000EW;2025-03-03 18:50:00;10.7;1026.2;61;3.5;0;;;;
000EW;2025-03-03 19:00:00;10.7;1026.2;61;3.5;0;;;0;0
000EW;2025-03-03 19:10:00;10.7;1026.3;61;3.5;0;;;;
000EW;2025-03-03 19:20:00;10.3;1026.3;61;3.1;0;;;;
000EW;2025-03-03 19:30:00;10.1;1026.3;61;2.9;0;;;;
000EW;2025-03-03 19:40:00;9.9;1026.3;62;3;0;;;;
000EW;2025-03-03 19:50:00;9.8;1026.3;62;2.9;0;;;;
000EW;2025-03-03 20:00:00;9.7;1026.4;62;2.8;0;;;0;0
000EW;2025-03-03 20:10:00;9.6;1026.3;63;2.9;0;;;;
000EW;2025-03-03 20:20:00;9.3;1026.3;64;2.9;0;;;;
000EW;2025-03-03 20:30:00;9.2;1026.3;64;2.7;0;;;;
000EW;2025-03-03 20:40:00;9.1;1026.3;64;2.6;0;;;;
000EW;2025-03-03 20:50:00;8.9;1026.4;65;2.7;0;;;;
000EW;2025-03-03 21:00:00;8.8;1026.4;65;2.6;0;;;0;0
000EW;2025-03-03 21:10:00;8.7;1026.4;66;2.7;0;;;;
000EW;2025-03-03 21:20:00;8.6;1026.4;66;2.6;0;;;;
000EW;2025-03-03 21:30:00;8.5;1026.4;67;2.7;0;;;;
000EW;2025-03-03 21:40:00;8.4;1026.3;67;2.6;0;;;;
000EW;2025-03-03 21:50:00;8.3;1026.2;67;2.6;0;;;;
000EW;2025-03-03 22:00:00;8.3;1026.2;67;2.6;0;;;0;0
000EW;2025-03-03 22:10:00;8.3;1026.1;67;2.6;0;;;;
000EW;2025-03-03 22:20:00;8.3;1026;67;2.5;0;;;;
000EW;2025-03-03 22:30:00;8.2;1025.9;67;2.5;0;;;;
000EW;2025-03-03 22:40:00;8.2;1026;67;2.4;0;;;;
000EW;2025-03-03 22:50:00;8.2;1025.8;67;2.4;0;;;;
000EW;2025-03-03 23:00:00;8.1;1025.9;67;2.4;0;;;0;0
000EW;2025-03-03 23:10:00;8.1;1025.8;67;2.3;0;;;;
000EW;2025-03-03 23:20:00;8.1;1025.9;67;2.3;0;;;;
000EW;2025-03-03 23:30:00;8;1025.8;68;2.5;0;;;;
000EW;2025-03-03 23:40:00;7.9;1025.7;68;2.4;0;;;;
000EW;2025-03-03 23:50:00;7.8;1025.7;68;2.2;0;;;;
000EW;2025-03-04 00:00:00;7.7;1025.5;69;2.3;0;;;0;0
000EW;2025-03-04 00:10:00;7.7;1025.6;70;2.5;0;;;;
000EW;2025-03-04 00:20:00;7.6;1025.5;70;2.5;0;;;;
000EW;2025-03-04 00:30:00;7.4;1025.4;70;2.3;0;;;;
000EW;2025-03-04 00:40:00;7.3;1025.3;71;2.4;0;;;;
000EW;2025-03-04 00:50:00;7.2;1025.3;71;2.3;0;;;;
000EW;2025-03-04 01:00:00;6.9;1025.4;72;2.2;0;;;0;0
000EW;2025-03-04 01:10:00;6.8;1025.3;73;2.3;0;;;;
000EW;2025-03-04 01:20:00;6.8;1025.3;74;2.5;0;;;;
000EW;2025-03-04 01:30:00;7;1025.3;73;2.5;0;;;;
000EW;2025-03-04 01:40:00;7.2;1025.3;72;2.5;0;;;;
000EW;2025-03-04 01:50:00;7.2;1025.4;72;2.5;0;;;;
000EW;2025-03-04 02:00:00;7;1025.3;72;2.3;0;;;0;0
000EW;2025-03-04 02:10:00;6.9;1025.1;73;2.4;0;;;;
000EW;2025-03-04 02:20:00;6.7;1025.1;73;2.2;0;;;;
000EW;2025-03-04 02:30:00;6.5;1025;74;2.2;0;;;;
000EW;2025-03-04 02:40:00;6.4;1024.9;75;2.3;0;;;;
000EW;2025-03-04 02:50:00;6.3;1024.8;75;2.2;0;;;;
000EW;2025-03-04 03:00:00;6.3;1024.8;75;2.2;0;;;0;0
000EW;2025-03-04 03:10:00;6.2;1024.8;75;2.1;0;;;;
000EW;2025-03-04 03:20:00;6.1;1024.8;76;2.1;0;;;;
000EW;2025-03-04 03:30:00;5.9;1024.8;76;2;0;;;;
000EW;2025-03-04 03:40:00;6;1024.8;76;2.1;0;;;;
000EW;2025-03-04 03:50:00;6.1;1024.9;76;2.1;0;;;;
000EW;2025-03-04 04:00:00;6.1;1025;76;2.1;0;;;0;0
000EW;2025-03-04 04:10:00;5.9;1025;76;2;0;;;;
000EW;2025-03-04 04:20:00;5.9;1024.9;77;2.2;0;;;;
000EW;2025-03-04 04:30:00;5.8;1024.9;77;2.1;0;;;;
000EW;2025-03-04 04:40:00;5.7;1024.9;77;2;0;;;;
000EW;2025-03-04 04:50:00;5.6;1025;77;1.9;0.8;;0;;
000EW;2025-03-04 05:00:00;5.4;1024.8;77;1.7;0;;;0;0
000EW;2025-03-04 05:10:00;5.3;1024.9;78;1.8;0;;;;
000EW;2025-03-04 05:20:00;5.3;1024.7;78;1.8;0;;;;
000EW;2025-03-04 05:30:00;5.3;1024.7;78;1.8;0;;;;
000EW;2025-03-04 05:40:00;5.3;1024.8;77;1.6;0;;;;
000EW;2025-03-04 05:50:00;5.2;1024.8;78;1.6;0;;;;
000EW;2025-03-04 06:00:00;5.1;1024.9;78;1.5;0;;;0;0
000EW;2025-03-04 06:10:00;4.9;1024.9;78;1.4;0;;;;
000EW;2025-03-04 06:20:00;4.8;1024.9;78;1.3;0;;;;
000EW;2025-03-04 06:30:00;4.8;1025;78;1.3;0;;;;
000EW;2025-03-04 06:40:00;4.8;1025;79;1.4;0;;;;
000EW;2025-03-04 06:50:00;4.8;1025;79;1.4;0;;;;
000EW;2025-03-04 07:00:00;4.8;1025.1;79;1.4;0;;;0;0
000EW;2025-03-04 07:10:00;4.8;1025.3;78;1.3;0;;;;
000EW;2025-03-04 07:20:00;4.8;1025.3;78;1.3;0;;;;
000EW;2025-03-04 07:30:00;4.8;1025.3;78;1.3;0;;;;
000EW;2025-03-04 07:40:00;4.9;1025.4;78;1.4;0;;;;
000EW;2025-03-04 07:50:00;5;1025.5;78;1.5;0;;;;
000EW;2025-03-04 08:00:00;5.3;1025.6;77;1.6;0;;;0;0
000EW;2025-03-04 08:10:00;5.5;1025.6;77;1.8;0;;;;
000EW;2025-03-04 08:20:00;5.8;1025.7;76;1.9;0;;;;
000EW;2025-03-04 08:30:00;6;1025.6;74;1.7;0;;;;
000EW;2025-03-04 08:40:00;6.1;1025.6;74;1.8;0;;;;
000EW;2025-03-04 08:50:00;6.3;1025.7;74;2;0;;;;
000EW;2025-03-04 09:00:00;6.4;1025.8;73;2;0;;;0;0
000EW;2025-03-04 09:10:00;6.8;1025.8;72;2.1;0;;;;
000EW;2025-03-04 09:20:00;7;1025.6;71;2.1;0;;;;
000EW;2025-03-04 09:30:00;7.6;1025.6;70;2.5;0;;;;
000EW;2025-03-04 09:40:00;7.9;1025.4;68;2.4;0;;;;
000EW;2025-03-04 09:50:00;8.2;1025.5;67;2.5;0;;;;
000EW;2025-03-04 10:00:00;8.5;1025.3;66;2.5;0;;;0;0
000EW;2025-03-04 10:10:00;8.8;1025.3;65;2.6;0;;;;
000EW;2025-03-04 10:20:00;9.4;1025.1;64;2.9;0;;;;
000EW;2025-03-04 10:30:00;9.6;1025;63;2.9;0;;;;
000EW;2025-03-04 10:40:00;9.6;1024.9;63;2.9;0;;;;
000EW;2025-03-04 10:50:00;10;1024.9;63;3.3;0;;;;
000EW;2025-03-04 11:00:00;10.3;1025;60;2.9;0;;;0;0
000EW;2025-03-04 11:10:00;10.2;1024.9;60;2.8;0;;;;
000EW;2025-03-04 11:20:00;10.3;1024.8;60;2.9;0;;;;
000EW;2025-03-04 11:30:00;10.4;1024.7;59;2.8;0;;;;
000EW;2025-03-04 11:40:00;10.6;1024.7;59;2.9;0;;;;
000EW;2025-03-04 11:50:00;10.8;1024.6;59;3.1;0;;;;
000EW;2025-03-04 12:00:00;11.1;1024.6;58;3.1;0;;;0;0
000EW;2025-03-04 12:10:00;11.3;1024.5;57;3.1;0;;;;
000EW;2025-03-04 12:20:00;11.4;1024.5;57;3.2;0;;;;
000EW;2025-03-04 12:30:00;11.6;1024.3;56;3.1;0;;;;
000EW;2025-03-04 12:40:00;11.6;1024.2;56;3.1;0;;;;
000EW;2025-03-04 12:50:00;11.6;1024.1;56;3.1;0;;;;
000EW;2025-03-04 13:00:00;12.1;1024;56;3.5;0;;;0;0
000EW;2025-03-04 13:10:00;12.3;1024;55;3.5;0;;;;
000EW;2025-03-04 13:20:00;12.5;1023.9;55;3.7;0;;;;
000EW;2025-03-04 13:30:00;12.6;1023.9;54;3.5;0;;;;
000EW;2025-03-04 13:40:00;12.6;1023.9;54;3.5;0;;;;
000EW;2025-03-04 13:50:00;12.8;1023.9;54;3.7;0;;;;
000EW;2025-03-04 14:00:00;12.9;1023.9;53;3.6;0;;;0;0
000EW;2025-03-04 14:10:00;12.9;1023.9;54;3.8;0;;;;
000EW;2025-03-04 14:20:00;12.9;1023.8;54;3.8;0;;;;
000EW;2025-03-04 14:30:00;12.9;1023.8;55;4.1;0;;;;
000EW;2025-03-04 14:40:00;12.9;1024;55;4.1;0;;;;
000EW;2025-03-04 14:50:00;13;1024;55;4.2;0;;;;
000EW;2025-03-04 15:00:00;13.1;1024;54;4;0;;;0;0
000EW;2025-03-04 15:10:00;13.2;1023.9;54;4.1;0;;;;
000EW;2025-03-04 15:20:00;13.2;1023.8;54;4.1;0;;;;
000EW;2025-03-04 15:30:00;13.7;1023.9;50;3.4;0;;;;
000EW;2025-03-04 15:40:00;14.1;1023.8;48;3.2;0;;;;
000EW;2025-03-04 15:50:00;14.1;1023.7;48;3.3;0;;;;
000EW;2025-03-04 16:00:00;14.3;1023.8;47;3.2;0;;;0;0
000EW;2025-03-04 16:10:00;14.4;1023.7;47;3.3;0;;;;
000EW;2025-03-04 16:20:00;14.6;1023.4;47;3.4;0;;;;
000EW;2025-03-04 16:30:00;14.6;1023.5;47;3.4;0;;;;
000EW;2025-03-04 16:40:00;14.4;1023.4;47;3.3;0;;;;
000EW;2025-03-04 16:50:00;14.4;1023.5;48;3.5;0;;;;
000EW;2025-03-04 17:00:00;14.1;1023.6;49;3.5;0;;;0;0
000EW;2025-03-04 17:10:00;13.9;1023.4;49;3.4;0;;;;
000EW;2025-03-04 17:20:00;13.8;1023.5;50;3.6;0;;;;
000EW;2025-03-04 17:30:00;13.7;1023.4;50;3.5;0;;;;
000EW;2025-03-04 17:40:00;13.6;1023.4;50;3.4;0;;;;
000EW;2025-03-04 17:50:00;13.5;1023.4;51;3.6;0;;;;
000EW;2025-03-04 18:00:00;13.3;1023.6;51;3.4;0;;;0;0
000EW;2025-03-04 18:10:00;13.2;1023.6;51;3.3;0;;;;
000EW;2025-03-04 18:20:00;13;1023.6;52;3.4;0;;;;
000EW;2025-03-04 18:30:00;12.8;1023.6;52;3.2;0;;;;
000EW;2025-03-04 18:40:00;12.7;1023.5;53;3.3;0;;;;
000EW;2025-03-04 18:50:00;12.4;1023.5;54;3.4;0;;;;
000EW;2025-03-04 19:00:00;12.3;1023.6;55;3.5;0;;;0;0
000EW;2025-03-04 19:10:00;12.1;1023.6;56;3.5;0;;;;
000EW;2025-03-04 19:20:00;11.9;1023.6;56;3.4;0;;;;
000EW;2025-03-04 19:30:00;11.7;1023.6;57;3.5;0;;;;
000EW;2025-03-04 19:40:00;11.5;1023.6;58;3.5;0;;;;
000EW;2025-03-04 19:50:00;11.3;1023.6;58;3.3;0;;;;
000EW;2025-03-04 20:00:00;10.9;1023.7;60;3.4;0;;;0;0
000EW;2025-03-04 20:10:00;10.7;1023.7;61;3.5;0;;;;
000EW;2025-03-04 20:20:00;10.6;1023.7;62;3.6;0;;;;
000EW;2025-03-04 20:30:00;10.4;1023.7;63;3.6;0;;;;
000EW;2025-03-04 20:40:00;10.3;1023.8;63;3.5;0;;;;
000EW;2025-03-04 20:50:00;10.2;1023.8;63;3.4;0;;;;
000EW;2025-03-04 21:00:00;9.8;1023.9;65;3.6;0;;;0;0
000EW;2025-03-04 21:10:00;9.5;1023.8;66;3.5;0;;;;
000EW;2025-03-04 21:20:00;9.4;1023.8;67;3.6;0;;;;
000EW;2025-03-04 21:30:00;9.2;1023.8;68;3.6;0;;;;
000EW;2025-03-04 21:40:00;9.2;1023.9;68;3.6;0;;;;
000EW;2025-03-04 21:50:00;9.1;1023.8;68;3.5;0;;;;
000EW;2025-03-04 22:00:00;8.9;1023.8;69;3.6;0;;;0;0
000EW;2025-03-04 22:10:00;8.8;1023.8;70;3.6;0;;;;
000EW;2025-03-04 22:20:00;8.7;1023.8;70;3.6;0;;;;
000EW;2025-03-04 22:30:00;8.6;1023.8;70;3.5;0;;;;
000EW;2025-03-04 22:40:00;8.4;1023.7;71;3.5;0;;;;
000EW;2025-03-04 22:50:00;8.3;1023.7;72;3.5;0;;;;
000EW;2025-03-04 23:00:00;8.2;1023.6;72;3.4;0;;;0;0
000EW;2025-03-04 23:10:00;8.1;1023.5;73;3.5;0;;;;
000EW;2025-03-04 23:20:00;7.9;1023.5;74;3.6;0;;;;
000EW;2025-03-04 23:30:00;7.8;1023.5;74;3.5;0;;;;
000EW;2025-03-04 23:40:00;7.8;1023.5;74;3.4;0;;;;
000EW;2025-03-04 23:50:00;7.7;1023.5;75;3.6;0;;;;
000EW;2025-03-05 00:00:00;7.6;1023.4;75;3.4;0;;;0;0
000EW;2025-03-05 00:10:00;7.4;1023.5;76;3.4;0;;;;
000EW;2025-03-05 00:20:00;7.2;1023.5;76;3.3;0;;;;
000EW;2025-03-05 00:30:00;7.1;1023.5;77;3.3;0;;;;
000EW;2025-03-05 00:40:00;6.8;1023.4;77;3.1;0;;;;
000EW;2025-03-05 00:50:00;6.7;1023.4;78;3.2;0;;;;
000EW;2025-03-05 01:00:00;6.7;1023.4;79;3.3;0;;;0;0
000EW;2025-03-05 01:10:00;6.7;1023.5;78;3.2;0;;;;
000EW;2025-03-05 01:20:00;6.6;1023.4;79;3.2;0;;;;
000EW;2025-03-05 01:30:00;6.7;1023.3;79;3.3;0;;;;
000EW;2025-03-05 01:40:00;6.7;1023.5;79;3.3;0;;;;
000EW;2025-03-05 01:50:00;6.6;1023.6;79;3.2;0;;;;
000EW;2025-03-05 02:00:00;6.4;1023.5;79;3.1;0;;;0;0
000EW;2025-03-05 02:10:00;6.3;1023.5;79;2.9;0;;;;
000EW;2025-03-05 02:20:00;6.3;1023.5;80;3.1;0;;;;
000EW;2025-03-05 02:30:00;6.3;1023.4;81;3.3;0;;;;
000EW;2025-03-05 02:40:00;6.2;1023.5;80;3;0;;;;
000EW;2025-03-05 02:50:00;6.4;1023.5;81;3.4;0;;;;
000EW;2025-03-05 03:00:00;6.7;1023.4;80;3.5;0;;;0;0
000EW;2025-03-05 03:10:00;6.6;1023.4;80;3.4;0;;;;
000EW;2025-03-05 03:20:00;6.5;1023.5;80;3.3;0;;;;
000EW;2025-03-05 03:30:00;6.4;1023.6;80;3.2;0;;;;
000EW;2025-03-05 03:40:00;6.6;1023.4;80;3.4;0;;;;
000EW;2025-03-05 03:50:00;6.6;1023.3;79;3.2;0;;;;
000EW;2025-03-05 04:00:00;6.7;1023.4;79;3.3;0;;;0;0
000EW;2025-03-05 04:10:00;6.8;1023.3;79;3.4;0;;;;
000EW;2025-03-05 04:20:00;6.8;1023.4;77;3.1;0;;;;
000EW;2025-03-05 04:30:00;6.7;1023.4;77;2.9;0;;;;
000EW;2025-03-05 04:40:00;6.5;1023.3;78;2.9;0;;;;
000EW;2025-03-05 04:50:00;6.4;1023.3;78;2.8;0;;;;
000EW;2025-03-05 05:00:00;6.3;1023.5;78;2.7;0;;;0;0
000EW;2025-03-05 05:10:00;6.2;1023.6;78;2.6;0;;;;
000EW;2025-03-05 05:20:00;6.1;1023.5;79;2.7;0;;;;
000EW;2025-03-05 05:30:00;6;1023.5;79;2.6;0;;;;
000EW;2025-03-05 05:40:00;6;1023.4;80;2.8;0;;;;
000EW;2025-03-05 05:50:00;6;1023.5;80;2.8;0;;;;
000EW;2025-03-05 06:00:00;6.1;1023.6;80;2.9;0;;;0;0
000EW;2025-03-05 06:10:00;6.2;1023.6;79;2.9;0;;;;
000EW;2025-03-05 06:20:00;6;1023.6;79;2.6;0;;;;
000EW;2025-03-05 06:30:00;5.7;1023.8;79;2.3;0;;;;
000EW;2025-03-05 06:40:00;5.4;1023.9;80;2.2;0.8;;158;;
000EW;2025-03-05 06:50:00;5.3;1023.8;81;2.3;0;;;;
000EW;2025-03-05 07:00:00;5.3;1023.8;81;2.3;0;;;0;0
000EW;2025-03-05 07:10:00;5.6;1024;82;2.7;0;;;;
000EW;2025-03-05 07:20:00;5.8;1024;81;2.8;0;;;;
000EW;2025-03-05 07:30:00;6.3;1024;80;3.1;0;;;;
000EW;2025-03-05 07:40:00;6.8;1024;79;3.4;0;;;;
000EW;2025-03-05 07:50:00;7.4;1024.1;76;3.4;0;;;;
000EW;2025-03-05 08:00:00;7.9;1024.2;73;3.4;0;;;0;0
000EW;2025-03-05 08:10:00;7.9;1024.1;71;3;0;;;;
000EW;2025-03-05 08:20:00;7.9;1024.1;71;3;0;;;;
000EW;2025-03-05 08:30:00;8.2;1024.1;71;3.2;0;;;;
000EW;2025-03-05 08:40:00;8.1;1024;71;3.2;0;;;;
000EW;2025-03-05 08:50:00;8.1;1024;72;3.3;0;;;;
000EW;2025-03-05 09:00:00;8.4;1023.8;73;3.8;0;;;0;0
000EW;2025-03-05 09:10:00;8.9;1023.9;72;4.1;0;;;;
000EW;2025-03-05 09:20:00;9.3;1023.9;70;4.1;0;;;;
000EW;2025-03-05 09:30:00;9.8;1024;68;4.2;0;;;;
000EW;2025-03-05 09:40:00;10.1;1023.9;67;4.3;0;;;;
000EW;2025-03-05 09:50:00;10.6;1023.9;65;4.3;0;;;;
000EW;2025-03-05 10:00:00;10.9;1023.7;64;4.3;0;;;0;0
000EW;2025-03-05 10:10:00;11.3;1023.7;63;4.5;0;;;;
000EW;2025-03-05 10:20:00;11.7;1023.7;62;4.6;0;;;;
000EW;2025-03-05 10:30:00;11.9;1023.7;61;4.7;0;;;;
000EW;2025-03-05 10:40:00;12.2;1023.7;60;4.7;0;;;;
000EW;2025-03-05 10:50:00;12.3;1023.6;60;4.8;0;;;;
000EW;2025-03-05 11:00:00;12.9;1023.7;59;5.1;0;;;0;0
000EW;2025-03-05 11:10:00;13.4;1023.5;58;5.3;0;;;;
000EW;2025-03-05 11:20:00;13.8;1023.3;57;5.4;0;;;;
000EW;2025-03-05 11:30:00;14.2;1023.2;55;5.3;0;;;;
000EW;2025-03-05 11:40:00;14.7;1023;53;5.2;0;;;;
000EW;2025-03-05 11:50:00;15.1;1022.8;52;5.3;0;;;;
000EW;2025-03-05 12:00:00;15.3;1022.6;50;4.9;0;;;0;0
000EW;2025-03-05 12:10:00;15.8;1022.4;48;4.8;0;;;;
000EW;2025-03-05 12:20:00;16.2;1022.3;45;4.2;0;;;;
000EW;2025-03-05 12:30:00;16.2;1022.2;43;3.6;0.8;;135;;
000EW;2025-03-05 12:40:00;16.3;1022.1;43;3.7;0;;;;
000EW;2025-03-05 12:50:00;16.3;1021.8;43;3.7;0;;;;
000EW;2025-03-05 13:00:00;16.3;1021.9;43;3.7;0;;;0;0
000EW;2025-03-05 13:10:00;16.4;1021.6;44;4.1;0;;;;
000EW;2025-03-05 13:20:00;16.9;1021.5;44;4.6;0;;;;
000EW;2025-03-05 13:30:00;17.4;1021.4;42;4.3;0;;;;
000EW;2025-03-05 13:40:00;17.3;1021.4;42;4.2;0;;;;
000EW;2025-03-05 13:50:00;17.6;1021.3;41;4.2;0;;;;
000EW;2025-03-05 14:00:00;17.8;1021.2;41;4.3;0;;;0;0
000EW;2025-03-05 14:10:00;17.9;1021;41;4.5;0;;;;
000EW;2025-03-05 14:20:00;18.3;1020.9;39;4.1;0;;;;
000EW;2025-03-05 14:30:00;18.3;1020.9;38;3.7;0;;;;
000EW;2025-03-05 14:40:00;18.4;1020.9;37;3.4;0;;;;
000EW;2025-03-05 14:50:00;18.5;1020.9;37;3.5;0;;;;
000EW;2025-03-05 15:00:00;18.7;1020.9;37;3.7;0;;;0;0
000EW;2025-03-05 15:10:00;18.9;1020.8;36;3.5;0;;;;
000EW;2025-03-05 15:20:00;18.8;1020.7;36;3.4;0;;;;
000EW;2025-03-05 15:30:00;18.9;1020.6;36;3.5;0;;;;
000EW;2025-03-05 15:40:00;18.9;1020.5;36;3.5;0;;;;
000EW;2025-03-05 15:50:00;18.9;1020.4;36;3.5;0;;;;
000EW;2025-03-05 16:00:00;18.8;1020.5;36;3.4;0;;;0;0
000EW;2025-03-05 16:10:00;18.8;1020.4;36;3.4;0;;;;
000EW;2025-03-05 16:20:00;19;1020.3;37;4;0;;;;
000EW;2025-03-05 16:30:00;19.1;1020.3;36;3.7;0;;;;
000EW;2025-03-05 16:40:00;19.1;1020.3;37;4;0;;;;
000EW;2025-03-05 16:50:00;18.8;1020.3;37;3.8;0;;;;
000EW;2025-03-05 17:00:00;18.4;1020.2;38;3.8;0;;;0;0
000EW;2025-03-05 17:10:00;18.1;1020.2;39;3.9;0;;;;
000EW;2025-03-05 17:20:00;17.9;1020.1;40;4.1;0;;;;
000EW;2025-03-05 17:30:00;17.7;1020.3;40;3.9;0;;;;
000EW;2025-03-05 17:40:00;17.5;1020.3;41;4.1;0;;;;
000EW;2025-03-05 17:50:00;17.3;1020.2;42;4.2;0;;;;
000EW;2025-03-05 18:00:00;17;1020.3;43;4.3;0;;;0;0
000EW;2025-03-05 18:10:00;16.8;1020.3;44;4.5;0;;;;
000EW;2025-03-05 18:20:00;16.5;1020.4;45;4.5;0;;;;
000EW;2025-03-05 18:30:00;16.3;1020.4;46;4.6;0;;;;
000EW;2025-03-05 18:40:00;15.9;1020.4;46;4.3;0;;;;
000EW;2025-03-05 18:50:00;15.7;1020.4;46;4.1;0;;;;
000EW;2025-03-05 19:00:00;15.4;1020.5;47;4.2;0;;;0;0
000EW;2025-03-05 19:10:00;15.3;1020.6;47;4;0;;;;
000EW;2025-03-05 19:20:00;15;1020.5;49;4.4;0;;;;
000EW;2025-03-05 19:30:00;14.7;1020.5;49;4.1;0;;;;
000EW;2025-03-05 19:40:00;14.3;1020.4;51;4.3;0;;;;
000EW;2025-03-05 19:50:00;13.9;1020.5;52;4.2;0;;;;
000EW;2025-03-05 20:00:00;13.6;1020.4;53;4.2;0;;;0;0
000EW;2025-03-05 20:10:00;13.3;1020.4;54;4.2;0;;;;
000EW;2025-03-05 20:20:00;13.1;1020.4;55;4.3;0;;;;
000EW;2025-03-05 20:30:00;13;1020.4;56;4.4;0;;;;
000EW;2025-03-05 20:40:00;12.9;1020.2;57;4.6;0;;;;
000EW;2025-03-05 20:50:00;12.8;1020.3;57;4.5;0;;;;
000EW;2025-03-05 21:00:00;12.7;1020.4;58;4.7;0;;;0;0
000EW;2025-03-05 21:10:00;12.6;1020.4;58;4.5;0;;;;
000EW;2025-03-05 21:20:00;12.4;1020.4;59;4.6;0;;;;
000EW;2025-03-05 21:30:00;12.3;1020.4;60;4.7;0;;;;
000EW;2025-03-05 21:40:00;12.1;1020.3;60;4.5;0;;;;
000EW;2025-03-05 21:50:00;11.8;1020.3;62;4.7;0;;;;
000EW;2025-03-05 22:00:00;11.5;1020.3;62;4.5;0;;;0;0
000EW;2025-03-05 22:10:00;11.4;1020.3;64;4.8;0;;;;
000EW;2025-03-05 22:20:00;11.4;1020.3;64;4.8;0;;;;
000EW;2025-03-05 22:30:00;11.3;1020.3;65;4.9;0;;;;
000EW;2025-03-05 22:40:00;11.3;1020.1;65;4.9;0;;;;
000EW;2025-03-05 22:50:00;11.2;1020.1;65;4.8;0;;;;
000EW;2025-03-05 23:00:00;11.1;1020;65;4.7;0;;;0;0
000EW;2025-03-05 23:10:00;10.9;1020;66;4.8;0;;;;
000EW;2025-03-05 23:20:00;10.7;1020;66;4.6;0;;;;
000EW;2025-03-05 23:30:00;10.4;1019.9;67;4.6;0;;;;
000EW;2025-03-05 23:40:00;10.3;1019.7;67;4.4;0;;;;
000EW;2025-03-05 23:50:00;10.2;1019.6;67;4.3;0;;;;
000EW;2025-03-06 00:00:00;10.1;1019.6;68;4.5;0;;;0;0
000EW;2025-03-06 00:10:00;10.1;1019.6;68;4.5;0;;;;
000EW;2025-03-06 00:20:00;10.2;1019.5;68;4.5;0;;;;
000EW;2025-03-06 00:30:00;10.1;1019.5;68;4.4;0;;;;
000EW;2025-03-06 00:40:00;9.9;1019.4;68;4.3;0;;;;
000EW;2025-03-06 00:50:00;9.7;1019.3;68;4.1;0;;;;
000EW;2025-03-06 01:00:00;9.7;1019.3;69;4.3;0;;;0;0
000EW;2025-03-06 01:10:00;9.6;1019.3;69;4.2;0;;;;
000EW;2025-03-06 01:20:00;9.6;1019.2;69;4.2;0;;;;
000EW;2025-03-06 01:30:00;9.4;1019.1;69;4;0;;;;
000EW;2025-03-06 01:40:00;9.3;1019;69;3.9;0;;;;
000EW;2025-03-06 01:50:00;9.2;1018.9;70;4;0;;;;
000EW;2025-03-06 02:00:00;9.2;1018.8;70;4;0;;;0;0
000EW;2025-03-06 02:10:00;9.3;1018.7;69;3.9;0;;;;
000EW;2025-03-06 02:20:00;9.2;1018.7;69;3.8;0;;;;
000EW;2025-03-06 02:30:00;9.1;1018.6;70;3.9;0;;;;
000EW;2025-03-06 02:40:00;8.9;1018.5;70;3.7;0;;;;
000EW;2025-03-06 02:50:00;8.7;1018.4;71;3.7;0;;;;
000EW;2025-03-06 03:00:00;8.4;1018.4;72;3.7;0;;;0;0
000EW;2025-03-06 03:10:00;8.3;1018.2;73;3.7;0;;;;
000EW;2025-03-06 03:20:00;8.1;1018.2;74;3.8;0;;;;
000EW;2025-03-06 03:30:00;8;1018.2;74;3.7;0;;;;
000EW;2025-03-06 03:40:00;7.8;1018.2;75;3.7;0;;;;
000EW;2025-03-06 03:50:00;7.7;1018.2;75;3.6;0;;;;
000EW;2025-03-06 04:00:00;7.7;1018.3;75;3.5;0;;;0;0
000EW;2025-03-06 04:10:00;7.6;1018.4;75;3.5;0;;;;
000EW;2025-03-06 04:20:00;7.6;1018.4;74;3.3;0;;;;
000EW;2025-03-06 04:30:00;7.6;1018.4;73;3.1;0;;;;
000EW;2025-03-06 04:40:00;7.5;1018.4;73;3;0;;;;
000EW;2025-03-06 04:50:00;7.3;1018.5;73;2.8;0.8;;158;;
000EW;2025-03-06 05:00:00;7.2;1018.4;73;2.7;0;;;0;0
000EW;2025-03-06 05:10:00;7.1;1018.4;73;2.6;0;;;;
000EW;2025-03-06 05:20:00;7;1018.4;73;2.5;0;;;;
000EW;2025-03-06 05:30:00;6.9;1018.3;73;2.4;0;;;;
000EW;2025-03-06 05:40:00;6.8;1018.3;73;2.3;0;;;;
000EW;2025-03-06 05:50:00;6.8;1018.3;74;2.5;0;;;;
000EW;2025-03-06 06:00:00;6.7;1018.3;74;2.4;0;;;0;0
000EW;2025-03-06 06:10:00;6.7;1018.3;74;2.4;0;;;;
000EW;2025-03-06 06:20:00;6.6;1018.3;74;2.3;0;;;;
000EW;2025-03-06 06:30:00;6.5;1018.3;74;2.2;0;;;;
000EW;2025-03-06 06:40:00;6.4;1018.3;75;2.3;0.8;;158;;
000EW;2025-03-06 06:50:00;6.4;1018.4;75;2.3;0.8;;135;;
000EW;2025-03-06 07:00:00;6.4;1018.4;75;2.3;0;;;0;0
000EW;2025-03-06 07:10:00;6.4;1018.3;75;2.3;0.8;;135;;
000EW;2025-03-06 07:20:00;6.5;1018.4;75;2.4;0;;;;
000EW;2025-03-06 07:30:00;6.9;1018.4;74;2.6;0;;;;
000EW;2025-03-06 07:40:00;7.6;1018.5;72;2.8;0;;;;
000EW;2025-03-06 07:50:00;8.2;1018.4;70;3;0;;;;
000EW;2025-03-06 08:00:00;8.6;1018.4;68;3;0;;;0;0
000EW;2025-03-06 08:10:00;8.9;1018.4;66;2.9;0;;;;
000EW;2025-03-06 08:20:00;9.3;1018.3;65;3.1;0;;;;
000EW;2025-03-06 08:30:00;9.7;1018.2;63;3;0;;;;
000EW;2025-03-06 08:40:00;10.1;1018.1;62;3.1;0;;;;
000EW;2025-03-06 08:50:00;10.6;1018.1;60;3.1;0;;;;
000EW;2025-03-06 09:00:00;11.1;1018.2;58;3.2;0;;;0;0
000EW;2025-03-06 09:10:00;11.5;1018.1;55;2.8;0;;;;
000EW;2025-03-06 09:20:00;11.8;1018;54;2.8;0;;;;
000EW;2025-03-06 09:30:00;12.1;1017.8;53;2.8;0;;;;
000EW;2025-03-06 09:40:00;12.3;1017.7;53;3;0;;;;
000EW;2025-03-06 09:50:00;12.7;1017.6;50;2.6;0;;;;
000EW;2025-03-06 10:00:00;13.1;1017.5;48;2.3;0;;;0;0
000EW;2025-03-06 10:10:00;13.3;1017.5;48;2.5;0.8;;248;;
000EW;2025-03-06 10:20:00;13.7;1017.2;48;2.9;0;;;;
000EW;2025-03-06 10:30:00;13.9;1017.3;46;2.5;0;;;;
000EW;2025-03-06 10:40:00;14.2;1017.2;45;2.5;0;;;;
000EW;2025-03-06 10:50:00;14.5;1017.1;45;2.7;0;;;;
000EW;2025-03-06 11:00:00;14.6;1017.1;44;2.5;0;;;0;0
000EW;2025-03-06 11:10:00;14.9;1017;42;2.1;0;;;;
000EW;2025-03-06 11:20:00;15.3;1016.9;42;2.5;0;;;;
000EW;2025-03-06 11:30:00;15.5;1016.8;42;2.6;0;;;;
000EW;2025-03-06 11:40:00;15.8;1016.7;41;2.6;0;;;;
000EW;2025-03-06 11:50:00;16.1;1016.7;37;1.4;0;;;;
000EW;2025-03-06 12:00:00;16.3;1016.5;37;1.6;0;;;0;0
000EW;2025-03-06 12:10:00;16.7;1016.4;36;1.5;0;;;;
000EW;2025-03-06 12:20:00;16.7;1016.3;37;2;0;;;;
000EW;2025-03-06 12:30:00;16.8;1016.2;35;1.3;0;;;;
000EW;2025-03-06 12:40:00;16.7;1016.2;36;1.5;0;;;;
000EW;2025-03-06 12:50:00;17;1016;36;1.8;0;;;;
000EW;2025-03-06 13:00:00;17.3;1015.9;36;2.1;0;;;0;0
000EW;2025-03-06 13:10:00;17.3;1015.7;37;2.4;0;;;;
000EW;2025-03-06 13:20:00;17.3;1015.6;37;2.4;0.8;;248;;
000EW;2025-03-06 13:30:00;17.6;1015.6;36;2.4;0;;;;
000EW;2025-03-06 13:40:00;17.6;1015.5;36;2.4;0;;;;
000EW;2025-03-06 13:50:00;17.8;1015.4;35;2.1;0;;;;
000EW;2025-03-06 14:00:00;17.9;1015.5;35;2.3;0;;;0;0
000EW;2025-03-06 14:10:00;18.2;1015.3;35;2.5;0;;;;
000EW;2025-03-06 14:20:00;18.4;1015.3;34;2.2;0;;;;
000EW;2025-03-06 14:30:00;18.4;1015.1;34;2.2;0;;;;
000EW;2025-03-06 14:40:00;18.3;1015.1;35;2.6;0.8;;270;;
000EW;2025-03-06 14:50:00;18.4;1015;34;2.2;0;;;;
000EW;2025-03-06 15:00:00;18.6;1015;34;2.4;0;;;0;0
000EW;2025-03-06 15:10:00;18.7;1014.9;34;2.5;0;;;;
000EW;2025-03-06 15:20:00;18.7;1014.8;34;2.5;0;;;;
000EW;2025-03-06 15:30:00;18.8;1014.8;34;2.6;0;;;;
000EW;2025-03-06 15:40:00;18.9;1014.8;34;2.7;0;;;;
000EW;2025-03-06 15:50:00;18.9;1014.7;34;2.7;0;;;;
000EW;2025-03-06 16:00:00;19;1014.6;34;2.8;0;;;0;0
000EW;2025-03-06 16:10:00;18.9;1014.5;34;2.7;0;;;;
000EW;2025-03-06 16:20:00;18.8;1014.6;34;2.6;0;;;;
000EW;2025-03-06 16:30:00;18.8;1014.5;34;2.6;0;;;;
000EW;2025-03-06 16:40:00;18.7;1014.4;34;2.5;0;;;;
000EW;2025-03-06 16:50:00;18.6;1014.5;35;2.8;0;;;;
000EW;2025-03-06 17:00:00;18.3;1014.4;35;2.6;0;;;0;0
000EW;2025-03-06 17:10:00;18.1;1014.5;36;2.8;0;;;;
000EW;2025-03-06 17:20:00;17.8;1014.5;37;2.9;0;;;;
000EW;2025-03-06 17:30:00;17.7;1014.6;37;2.8;0;;;;
000EW;2025-03-06 17:40:00;17.5;1014.6;38;3;0;;;;
000EW;2025-03-06 17:50:00;17.3;1014.6;39;3.2;0;;;;
000EW;2025-03-06 18:00:00;17.1;1014.7;39;3;0;;;0;0
000EW;2025-03-06 18:10:00;16.8;1014.8;40;3.1;0;;;;
000EW;2025-03-06 18:20:00;16.7;1014.9;41;3.3;0;;;;
000EW;2025-03-06 18:30:00;16.5;1014.9;41;3.2;0;;;;
000EW;2025-03-06 18:40:00;16.3;1015;42;3.4;0;;;;
000EW;2025-03-06 18:50:00;16.2;1015.1;42;3.3;0;;;;
000EW;2025-03-06 19:00:00;15.9;1015.1;43;3.4;0;;;0;0
000EW;2025-03-06 19:10:00;15.7;1015.2;44;3.5;0;;;;
000EW;2025-03-06 19:20:00;15.6;1015.3;45;3.7;0;;;;
000EW;2025-03-06 19:30:00;15.6;1015.3;45;3.7;0;;;;
000EW;2025-03-06 19:40:00;15.4;1015.3;46;3.9;0;;;;
000EW;2025-03-06 19:50:00;15.1;1015.4;46;3.6;0;;;;
000EW;2025-03-06 20:00:00;14.9;1015.4;47;3.7;0;;;0;0
000EW;2025-03-06 20:10:00;14.6;1015.5;48;3.7;0;;;;
000EW;2025-03-06 20:20:00;14.3;1015.5;50;4;0;;;;
000EW;2025-03-06 20:30:00;14.1;1015.5;50;3.8;0;;;;
000EW;2025-03-06 20:40:00;13.8;1015.6;52;4.1;0;;;;
000EW;2025-03-06 20:50:00;13.7;1015.5;52;4;0;;;;
000EW;2025-03-06 21:00:00;13.4;1015.5;53;4;0;;;0;0
000EW;2025-03-06 21:10:00;13.2;1015.4;54;4.1;0;;;;
000EW;2025-03-06 21:20:00;13.2;1015.5;55;4.3;0;;;;
000EW;2025-03-06 21:30:00;13.4;1015.6;54;4.3;0;;;;
000EW;2025-03-06 21:40:00;13.3;1015.6;54;4.2;0;;;;
000EW;2025-03-06 21:50:00;13.1;1015.6;55;4.3;0;;;;
000EW;2025-03-06 22:00:00;12.9;1015.6;56;4.4;0;;;0;0
000EW;2025-03-06 22:10:00;12.9;1015.6;56;4.3;0;;;;
000EW;2025-03-06 22:20:00;12.7;1015.6;57;4.4;0;;;;
000EW;2025-03-06 22:30:00;12.7;1015.5;57;4.4;0;;;;
000EW;2025-03-06 22:40:00;12.6;1015.5;57;4.3;0;;;;
000EW;2025-03-06 22:50:00;12.5;1015.5;57;4.2;0;;;;
000EW;2025-03-06 23:00:00;12.4;1015.4;58;4.4;0;;;0;0
000EW;2025-03-06 23:10:00;12.3;1015.3;58;4.3;0;;;;
000EW;2025-03-06 23:20:00;12.2;1015.4;59;4.4;0;;;;
000EW;2025-03-06 23:30:00;12.1;1015.4;59;4.3;0;;;;
000EW;2025-03-06 23:40:00;12.1;1015.4;59;4.3;0;;;;
000EW;2025-03-06 23:50:00;11.9;1015.5;60;4.4;0.8;;158;;
000EW;2025-03-07 00:00:00;11.7;1015.4;61;4.4;0;;;0;0
000EW;2025-03-07 00:10:00;11.5;1015.3;61;4.2;0;;;;
000EW;2025-03-07 00:20:00;11.4;1015.4;62;4.4;0;;;;
000EW;2025-03-07 00:30:00;11.4;1015.5;62;4.4;0;;;;
000EW;2025-03-07 00:40:00;11.3;1015.5;63;4.5;0;;;;
000EW;2025-03-07 00:50:00;11.2;1015.5;63;4.4;0;;;;
000EW;2025-03-07 01:00:00;11;1015.5;64;4.5;0;;;0;0
000EW;2025-03-07 01:10:00;10.9;1015.5;65;4.6;0.8;;158;;
000EW;2025-03-07 01:20:00;10.8;1015.5;65;4.5;0.8;;158;;
000EW;2025-03-07 01:30:00;10.7;1015.5;66;4.6;0;;;;
000EW;2025-03-07 01:40:00;10.6;1015.5;67;4.7;0.8;;158;;
000EW;2025-03-07 01:50:00;10.6;1015.4;67;4.7;0.8;;158;;
000EW;2025-03-07 02:00:00;10.4;1015.3;68;4.8;0;;;0;0
000EW;2025-03-07 02:10:00;10.3;1015.3;68;4.7;0;;;;
000EW;2025-03-07 02:20:00;10.2;1015.2;69;4.8;0;;;;
000EW;2025-03-07 02:30:00;10.1;1015.3;69;4.7;0;;;;
000EW;2025-03-07 02:40:00;9.9;1015.3;70;4.7;0;;;;
000EW;2025-03-07 02:50:00;9.8;1015.2;71;4.8;0;;;;
000EW;2025-03-07 03:00:00;9.7;1015.2;72;4.9;0;;;0;0
000EW;2025-03-07 03:10:00;9.6;1015.2;72;4.8;0;;;;
000EW;2025-03-07 03:20:00;9.6;1015.2;72;4.8;0;;;;
000EW;2025-03-07 03:30:00;9.5;1015.2;73;4.9;0;;;;
000EW;2025-03-07 03:40:00;9.4;1015.2;73;4.8;0;;;;
000EW;2025-03-07 03:50:00;9.3;1015.4;74;4.9;0;;;;
000EW;2025-03-07 04:00:00;9.3;1015.4;74;4.9;0;;;0;0
000EW;2025-03-07 04:10:00;9.2;1015.4;74;4.8;0;;;;
000EW;2025-03-07 04:20:00;9.2;1015.4;74;4.8;0;;;;
000EW;2025-03-07 04:30:00;9.1;1015.4;74;4.7;0;;;;
000EW;2025-03-07 04:40:00;9;1015.4;75;4.8;0;;;;
000EW;2025-03-07 04:50:00;8.9;1015.5;75;4.8;0;;;;
000EW;2025-03-07 05:00:00;8.9;1015.5;75;4.8;0;;;0;0
000EW;2025-03-07 05:10:00;9;1015.6;74;4.6;0;;;;
000EW;2025-03-07 05:20:00;9.1;1015.5;73;4.5;0.8;;158;;
000EW;2025-03-07 05:30:00;9.2;1015.4;72;4.4;0;;;;
000EW;2025-03-07 05:40:00;9.1;1015.4;72;4.3;0;;;;
000EW;2025-03-07 05:50:00;9.1;1015.4;72;4.3;0;;;;
000EW;2025-03-07 06:00:00;9.1;1015.4;71;4.1;0;;;0;0
000EW;2025-03-07 06:10:00;9.1;1015.4;71;4.1;0;;;;
000EW;2025-03-07 06:20:00;8.9;1015.4;71;4;0;;;;
000EW;2025-03-07 06:30:00;8.9;1015.5;71;4;0;;;;
000EW;2025-03-07 06:40:00;8.8;1015.5;72;4.1;0;;;;
000EW;2025-03-07 06:50:00;8.7;1015.6;72;3.9;0;;;;
000EW;2025-03-07 07:00:00;8.6;1015.9;73;4;0;;;0;0
000EW;2025-03-07 07:10:00;8.6;1015.8;73;4;0;;;;
000EW;2025-03-07 07:20:00;8.7;1015.8;72;4;1.6;;158;;
000EW;2025-03-07 07:30:00;9.1;1015.9;71;4.1;0.8;;158;;
000EW;2025-03-07 07:40:00;9.3;1015.9;70;4.1;0;;;;
000EW;2025-03-07 07:50:00;9.7;1015.9;68;4;0;;;;
000EW;2025-03-07 08:00:00;10;1015.8;67;4.2;0;;;0;0
000EW;2025-03-07 08:10:00;10.4;1015.8;65;4.1;0;;;;
000EW;2025-03-07 08:20:00;10.8;1015.8;63;4.1;0;;;;
000EW;2025-03-07 08:30:00;11.3;1015.8;60;3.8;0;;;;
000EW;2025-03-07 08:40:00;11.7;1015.8;59;3.9;0;;;;
000EW;2025-03-07 08:50:00;11.9;1015.8;57;3.7;0;;;;
000EW;2025-03-07 09:00:00;12.2;1015.7;57;3.9;0;;;0;0
000EW;2025-03-07 09:10:00;12.4;1015.7;55;3.7;0.8;;135;;
000EW;2025-03-07 09:20:00;12.6;1015.6;55;3.8;0;;;;
000EW;2025-03-07 09:30:00;12.8;1015.6;54;3.8;0;;;;
000EW;2025-03-07 09:40:00;12.9;1015.5;53;3.6;0;;;;
000EW;2025-03-07 09:50:00;13.3;1015.4;52;3.6;0;;;;
000EW;2025-03-07 10:00:00;13.6;1015.4;51;3.7;0;;;0;0
000EW;2025-03-07 10:10:00;13.9;1015.3;50;3.6;0;;;;
000EW;2025-03-07 10:20:00;14.3;1015.2;48;3.5;0;;;;
000EW;2025-03-07 10:30:00;14.6;1015.1;48;3.7;0;;;;
000EW;2025-03-07 10:40:00;14.7;1015.1;47;3.5;0;;;;
000EW;2025-03-07 10:50:00;15;1014.9;47;3.8;0;;;;
000EW;2025-03-07 11:00:00;15.6;1014.9;46;4;0.8;;203;0;0
000EW;2025-03-07 11:10:00;15.7;1014.8;45;3.8;0;;;;
000EW;2025-03-07 11:20:00;15.8;1014.7;44;3.6;0;;;;
000EW;2025-03-07 11:30:00;15.9;1014.6;44;3.7;0;;;;
000EW;2025-03-07 11:40:00;16.2;1014.4;43;3.6;0;;;;
000EW;2025-03-07 11:50:00;16.6;1014.3;43;4;0;;;;
000EW;2025-03-07 12:00:00;16.7;1014.3;42;3.7;0;;;0;0
000EW;2025-03-07 12:10:00;16.6;1014.2;43;4;0;;;;
000EW;2025-03-07 12:20:00;16.9;1014;42;3.9;0;;;;
000EW;2025-03-07 12:30:00;16.8;1013.9;43;4.2;0;;;;
000EW;2025-03-07 12:40:00;16.7;1013.9;43;4;0;;;;
000EW;2025-03-07 12:50:00;17.1;1013.7;43;4.4;0;;;;
000EW;2025-03-07 13:00:00;17.3;1013.6;42;4.2;0.8;;135;0;0
000EW;2025-03-07 13:10:00;17.3;1013.5;42;4.2;0;;;;
000EW;2025-03-07 13:20:00;17.6;1013.4;41;4.2;0;;;;
000EW;2025-03-07 13:30:00;17.7;1013.2;41;4.2;0;;;;
000EW;2025-03-07 13:40:00;17.7;1013.1;41;4.2;0;;;;
000EW;2025-03-07 13:50:00;17.6;1013;41;4.2;0;;;;
000EW;2025-03-07 14:00:00;17.7;1013;41;4.3;0;;;0;0
000EW;2025-03-07 14:10:00;17.6;1012.8;42;4.5;0;;;;
000EW;2025-03-07 14:20:00;17.9;1012.6;41;4.5;0;;;;
000EW;2025-03-07 14:30:00;17.9;1012.6;41;4.5;0;;;;
000EW;2025-03-07 14:40:00;17.9;1012.6;41;4.4;0;;;;
000EW;2025-03-07 14:50:00;17.9;1012.5;41;4.4;0;;;;
000EW;2025-03-07 15:00:00;17.9;1012.4;41;4.5;0;;;0;0
000EW;2025-03-07 15:10:00;18.1;1012.4;41;4.6;0;;;;
000EW;2025-03-07 15:20:00;18.1;1012.3;41;4.6;0;;;;
000EW;2025-03-07 15:30:00;18.3;1012.2;40;4.5;0;;;;
000EW;2025-03-07 15:40:00;18.6;1012.2;39;4.3;0;;;;
000EW;2025-03-07 15:50:00;18.2;1012.1;40;4.3;0;;;;
000EW;2025-03-07 16:00:00;17.9;1012.1;40;4.1;0;;;0;0
000EW;2025-03-07 16:10:00;17.8;1011.9;40;4;0;;;;
000EW;2025-03-07 16:20:00;17.8;1011.8;41;4.3;0;;;;
000EW;2025-03-07 16:30:00;17.6;1011.9;41;4.2;0;;;;
000EW;2025-03-07 16:40:00;17.6;1011.9;41;4.2;0.8;;135;;
000EW;2025-03-07 16:50:00;17.6;1011.8;41;4.1;0;;;;
000EW;2025-03-07 17:00:00;17.5;1011.8;41;4.1;0;;;0;0
000EW;2025-03-07 17:10:00;17.5;1011.9;41;4.1;0;;;;
000EW;2025-03-07 17:20:00;17.3;1011.8;41;3.9;0;;;;
000EW;2025-03-07 17:30:00;17.1;1011.9;42;4.1;0;;;;
000EW;2025-03-07 17:40:00;17;1011.8;42;4;0;;;;
000EW;2025-03-07 17:50:00;16.8;1011.8;43;4.2;0;;;;
000EW;2025-03-07 18:00:00;16.7;1011.8;43;4;0;;;0;0
000EW;2025-03-07 18:10:00;16.6;1011.9;44;4.3;0;;;;
000EW;2025-03-07 18:20:00;16.4;1011.9;44;4.1;0;;;;
000EW;2025-03-07 18:30:00;16.2;1011.8;44;4;0;;;;
000EW;2025-03-07 18:40:00;16.1;1011.8;44;3.9;0;;;;
000EW;2025-03-07 18:50:00;16;1011.8;45;4.1;0;;;;
000EW;2025-03-07 19:00:00;15.8;1011.7;45;3.9;0;;;0;0
000EW;2025-03-07 19:10:00;15.8;1011.8;45;3.9;0;;;;
000EW;2025-03-07 19:20:00;15.7;1011.7;46;4.1;0;;;;
000EW;2025-03-07 19:30:00;15.5;1011.6;46;3.9;0;;;;
000EW;2025-03-07 19:40:00;15.4;1011.5;46;3.8;0;;;;
000EW;2025-03-07 19:50:00;15.3;1011.5;46;3.7;0;;;;
000EW;2025-03-07 20:00:00;15.1;1011.4;47;3.9;0;;;0;0
000EW;2025-03-07 20:10:00;14.9;1011.4;47;3.7;0;;;;
000EW;2025-03-07 20:20:00;14.7;1011.5;48;3.8;0;;;;
000EW;2025-03-07 20:30:00;14.7;1011.4;48;3.8;0;;;;
000EW;2025-03-07 20:40:00;14.6;1011.4;49;4;0;;;;
000EW;2025-03-07 20:50:00;14.4;1011.4;49;3.8;0;;;;
000EW;2025-03-07 21:00:00;14.2;1011.4;50;3.9;0;;;0;0
000EW;2025-03-07 21:10:00;14.2;1011.4;50;3.9;0;;;;
000EW;2025-03-07 21:20:00;14.1;1011.4;51;4.1;0;;;;
000EW;2025-03-07 21:30:00;13.9;1011.4;51;3.9;0;;;;
000EW;2025-03-07 21:40:00;13.8;1011.4;51;3.8;0;;;;
000EW;2025-03-07 21:50:00;13.7;1011.4;52;4;0;;;;
000EW;2025-03-07 22:00:00;13.4;1011.4;52;3.8;0;;;0;0
000EW;2025-03-07 22:10:00;13.3;1011.4;52;3.6;0;;;;
000EW;2025-03-07 22:20:00;13.2;1011.2;52;3.6;0;;;;
000EW;2025-03-07 22:30:00;13.2;1011.2;52;3.5;0;;;;
000EW;2025-03-07 22:40:00;13.1;1011.2;53;3.7;0;;;;
000EW;2025-03-07 22:50:00;12.9;1011.1;53;3.6;0;;;;
000EW;2025-03-07 23:00:00;12.8;1011.1;53;3.4;0;;;0;0
000EW;2025-03-07 23:10:00;12.7;1011.1;53;3.3;0;;;;
000EW;2025-03-07 23:20:00;12.6;1011.1;53;3.2;0;;;;
000EW;2025-03-07 23:30:00;12.5;1011;53;3.2;0;;;;
000EW;2025-03-07 23:40:00;12.4;1011.1;53;3.1;0;;;;
000EW;2025-03-07 23:50:00;12.4;1011;53;3.1;0.8;;135;;
000EW;2025-03-08 00:00:00;12.3;1010.9;53;3;0;;;0;0
000EW;2025-03-08 00:10:00;12.2;1010.9;53;2.9;0;;;;
000EW;2025-03-08 00:20:00;12.1;1010.9;54;3.1;0;;;;
000EW;2025-03-08 00:30:00;12;1010.9;54;3;0;;;;
000EW;2025-03-08 00:40:00;11.9;1010.8;54;2.9;0;;;;
000EW;2025-03-08 00:50:00;11.8;1010.8;54;2.8;0;;;;
000EW;2025-03-08 01:00:00;11.7;1010.7;54;2.7;0;;;0;0
000EW;2025-03-08 01:10:00;11.7;1010.7;55;2.9;0;;;;
000EW;2025-03-08 01:20:00;11.6;1010.6;55;2.8;0;;;;
000EW;2025-03-08 01:30:00;11.4;1010.5;55;2.7;0;;;;
000EW;2025-03-08 01:40:00;11.3;1010.4;55;2.6;0;;;;
000EW;2025-03-08 01:50:00;11.2;1010.3;56;2.8;0;;;;
000EW;2025-03-08 02:00:00;11.2;1010.2;56;2.7;0;;;0;0
000EW;2025-03-08 02:10:00;11.1;1010.1;57;2.9;0;;;;
000EW;2025-03-08 02:20:00;11;1010;57;2.8;0;;;;
000EW;2025-03-08 02:30:00;10.9;1009.9;57;2.8;0;;;;
000EW;2025-03-08 02:40:00;10.8;1009.8;58;2.9;0;;;;
000EW;2025-03-08 02:50:00;10.8;1009.7;58;2.9;0;;;;
000EW;2025-03-08 03:00:00;10.9;1009.6;58;3;0.8;;158;0;0
000EW;2025-03-08 03:10:00;10.9;1009.6;58;3;0;;;;
000EW;2025-03-08 03:20:00;10.9;1009.6;58;3;0;;;;
000EW;2025-03-08 03:30:00;10.8;1009.5;58;2.9;0;;;;
000EW;2025-03-08 03:40:00;10.8;1009.5;59;3.1;0;;;;
000EW;2025-03-08 03:50:00;10.8;1009.4;59;3.1;0;;;;
000EW;2025-03-08 04:00:00;10.8;1009.4;59;3.1;0;;;0;0
000EW;2025-03-08 04:10:00;10.8;1009.3;59;3.1;0;;;;
000EW;2025-03-08 04:20:00;10.8;1009.2;59;3.1;0;;;;
000EW;2025-03-08 04:30:00;10.7;1009.2;60;3.3;0;;;;
000EW;2025-03-08 04:40:00;10.7;1009.1;60;3.2;0;;;;
000EW;2025-03-08 04:50:00;10.6;1009.1;60;3.2;0;;;;
000EW;2025-03-08 05:00:00;10.6;1009.1;61;3.3;0;;;0;0
000EW;2025-03-08 05:10:00;10.6;1009.1;61;3.3;0;;;;
000EW;2025-03-08 05:20:00;10.4;1009;61;3.2;0;;;;
000EW;2025-03-08 05:30:00;10.4;1009;62;3.4;0.8;;135;;
000EW;2025-03-08 05:40:00;10.3;1008.9;62;3.4;0;;;;
000EW;2025-03-08 05:50:00;10.2;1008.9;62;3.3;0;;;;
000EW;2025-03-08 06:00:00;10.1;1009;63;3.4;0;;;0;0
000EW;2025-03-08 06:10:00;10;1009.1;63;3.3;0;;;;
000EW;2025-03-08 06:20:00;9.9;1009;64;3.4;0;;;;
000EW;2025-03-08 06:30:00;9.8;1008.9;64;3.3;0;;;;
000EW;2025-03-08 06:40:00;9.8;1008.9;64;3.3;0;;;;
000EW;2025-03-08 06:50:00;9.8;1008.9;64;3.3;0;;;;
000EW;2025-03-08 07:00:00;9.8;1009;64;3.3;0;;;0;0
000EW;2025-03-08 07:10:00;9.8;1009;64;3.3;0;;;;
000EW;2025-03-08 07:20:00;10;1009.1;64;3.5;0;;;;
000EW;2025-03-08 07:30:00;10.4;1009.2;63;3.7;0;;;;
000EW;2025-03-08 07:40:00;10.8;1009;61;3.6;0;;;;
000EW;2025-03-08 07:50:00;11;1008.9;61;3.8;0;;;;
000EW;2025-03-08 08:00:00;11.3;1008.9;60;3.8;0;;;0;0
000EW;2025-03-08 08:10:00;11.6;1008.9;59;3.8;0;;;;
000EW;2025-03-08 08:20:00;11.9;1009;59;4.1;0;;;;
000EW;2025-03-08 08:30:00;12.3;1008.9;57;4;0;;;;
000EW;2025-03-08 08:40:00;12.5;1009;57;4.2;0;;;;
000EW;2025-03-08 08:50:00;12.6;1009;56;4.1;0;;;;
000EW;2025-03-08 09:00:00;12.9;1009;56;4.4;0;;;0;0
000EW;2025-03-08 09:10:00;13.3;1008.9;55;4.4;0.8;;158;;
000EW;2025-03-08 09:20:00;13.2;1008.9;55;4.4;0;;;;
000EW;2025-03-08 09:30:00;13.4;1008.9;55;4.6;0;;;;
000EW;2025-03-08 09:40:00;13.8;1008.8;54;4.6;0;;;;
000EW;2025-03-08 09:50:00;14.2;1008.7;53;4.8;0;;;;
000EW;2025-03-08 10:00:00;14.4;1008.5;53;5;0;;;0;0
000EW;2025-03-08 10:10:00;14.7;1008.5;52;4.9;0;;;;
000EW;2025-03-08 10:20:00;14.9;1008.4;52;5.2;0;;;;
000EW;2025-03-08 10:30:00;14.9;1008.3;52;5.2;0;;;;
000EW;2025-03-08 10:40:00;14.9;1008.2;52;5.1;0;;;;
000EW;2025-03-08 10:50:00;15.1;1008;52;5.3;0;;;;
000EW;2025-03-08 11:00:00;15.2;1007.9;51;5.1;0;;;0;0
000EW;2025-03-08 11:10:00;15.2;1008;51;5.1;0.8;;135;;
000EW;2025-03-08 11:20:00;15.4;1007.9;51;5.4;0;;;;
000EW;2025-03-08 11:30:00;15.7;1007.9;50;5.3;0;;;;
000EW;2025-03-08 11:40:00;15.6;1007.6;50;5.2;0;;;;
000EW;2025-03-08 11:50:00;15.8;1007.5;50;5.4;0;;;;
000EW;2025-03-08 12:00:00;16.2;1007.5;49;5.4;0;;;0;0
000EW;2025-03-08 12:10:00;16.4;1007.2;49;5.6;0;;;;
000EW;2025-03-08 12:20:00;16.4;1007;49;5.7;0.8;;135;;
000EW;2025-03-08 12:30:00;16.9;1006.8;48;5.9;0;;;;
000EW;2025-03-08 12:40:00;17.3;1006.7;48;6.2;0;;;;
000EW;2025-03-08 12:50:00;17.3;1006.5;48;6.2;0;;;;
000EW;2025-03-08 13:00:00;17.2;1006.5;49;6.4;0;;;0;0
000EW;2025-03-08 13:10:00;17.4;1006.4;48;6.3;0;;;;
000EW;2025-03-08 13:20:00;17.7;1006.1;48;6.6;0.8;;135;;
000EW;2025-03-08 13:30:00;18;1005.9;47;6.5;0;;;;
000EW;2025-03-08 13:40:00;18.2;1005.8;45;6.1;0;;;;
000EW;2025-03-08 13:50:00;18.3;1005.7;45;6.1;0;;;;
000EW;2025-03-08 14:00:00;18.1;1005.5;45;6;0;;;0;0
000EW;2025-03-08 14:10:00;18.3;1005.4;45;6.2;0;;;;
000EW;2025-03-08 14:20:00;18.3;1005.3;45;6.2;0;;;;
000EW;2025-03-08 14:30:00;18.7;1005.1;44;6.2;0;;;;
000EW;2025-03-08 14:40:00;18.7;1004.9;44;6.2;0.8;;135;;
000EW;2025-03-08 14:50:00;18.9;1004.7;44;6.4;0;;;;
000EW;2025-03-08 15:00:00;19;1004.7;43;6.1;0;;;0;0
000EW;2025-03-08 15:10:00;18.8;1004.7;43;6;0;;;;
000EW;2025-03-08 15:20:00;18.7;1004.6;44;6.2;0;;;;
000EW;2025-03-08 15:30:00;18.7;1004.4;44;6.2;0;;;;
000EW;2025-03-08 15:40:00;18.5;1004.4;45;6.3;0;;;;
000EW;2025-03-08 15:50:00;18.6;1004.4;45;6.4;0;;;;
000EW;2025-03-08 16:00:00;18.6;1004.3;45;6.4;0;;;0;0
000EW;2025-03-08 16:10:00;18.7;1004.2;45;6.5;0;;;;
000EW;2025-03-08 16:20:00;18.8;1004.2;44;6.3;0;;;;
000EW;2025-03-08 16:30:00;18.7;1004.1;44;6.2;0;;;;
000EW;2025-03-08 16:40:00;18.7;1004;44;6.2;0;;;;
000EW;2025-03-08 16:50:00;18.7;1004;44;6.2;0;;;;
000EW;2025-03-08 17:00:00;18.5;1003.9;45;6.3;0;;;0;0
000EW;2025-03-08 17:10:00;18.4;1003.9;45;6.2;0;;;;
000EW;2025-03-08 17:20:00;18.3;1003.9;45;6.1;0;;;;
000EW;2025-03-08 17:30:00;18.2;1003.8;46;6.4;0;;;;
000EW;2025-03-08 17:40:00;18.1;1003.9;46;6.3;0;;;;
000EW;2025-03-08 17:50:00;17.9;1004;46;6.2;0;;;;
000EW;2025-03-08 18:00:00;17.8;1004;47;6.3;0;;;0;0
000EW;2025-03-08 18:10:00;17.5;1004;47;6.1;0;;;;
000EW;2025-03-08 18:20:00;17.3;1004.1;48;6.2;0;;;;
000EW;2025-03-08 18:30:00;17.1;1004.2;49;6.3;0;;;;
000EW;2025-03-08 18:40:00;16.9;1004.1;49;6.2;0;;;;
000EW;2025-03-08 18:50:00;16.8;1004;50;6.3;0;;;;
000EW;2025-03-08 19:00:00;16.6;1004;50;6.1;0;;;0;0
000EW;2025-03-08 19:10:00;16.4;1003.9;51;6.3;0;;;;
000EW;2025-03-08 19:20:00;16.3;1003.9;51;6.1;0;;;;
000EW;2025-03-08 19:30:00;16.1;1003.7;51;6;0;;;;
000EW;2025-03-08 19:40:00;16.1;1003.7;51;5.9;0;;;;
000EW;2025-03-08 19:50:00;15.9;1003.7;51;5.8;0;;;;
000EW;2025-03-08 20:00:00;15.8;1003.6;52;5.9;0;;;0;0
000EW;2025-03-08 20:10:00;15.7;1003.6;52;5.9;0;;;;
000EW;2025-03-08 20:20:00;15.6;1003.6;52;5.8;0;;;;
000EW;2025-03-08 20:30:00;15.6;1003.5;52;5.7;0;;;;
000EW;2025-03-08 20:40:00;15.5;1003.4;52;5.7;0;;;;
000EW;2025-03-08 20:50:00;15.4;1003.4;52;5.6;0;;;;
000EW;2025-03-08 21:00:00;15.3;1003.4;52;5.5;0;;;0;0
000EW;2025-03-08 21:10:00;15.2;1003.4;52;5.4;0;;;;
000EW;2025-03-08 21:20:00;15;1003.4;53;5.5;0;;;;
000EW;2025-03-08 21:30:00;14.9;1003.4;53;5.4;0;;;;
000EW;2025-03-08 21:40:00;14.8;1003.4;53;5.3;0;;;;
000EW;2025-03-08 21:50:00;14.7;1003.4;53;5.2;0;;;;
000EW;2025-03-08 22:00:00;14.6;1003.4;53;5.1;0;;;0;0
000EW;2025-03-08 22:10:00;14.5;1003.4;53;5;1.6;;146;;
000EW;2025-03-08 22:20:00;14.4;1003.4;53;5;0;;;;
000EW;2025-03-08 22:30:00;14.4;1003.4;52;4.7;0;;;;
000EW;2025-03-08 22:40:00;14.4;1003.5;52;4.7;0;;;;
000EW;2025-03-08 22:50:00;14.4;1003.3;52;4.7;0.8;;135;;
000EW;2025-03-08 23:00:00;14.3;1003.4;52;4.6;0.8;;135;0;0
000EW;2025-03-08 23:10:00;14.3;1003.3;52;4.6;0;;;;
000EW;2025-03-08 23:20:00;14.3;1003.4;52;4.6;0;;;;
000EW;2025-03-08 23:30:00;14.2;1003.3;52;4.5;0;;;;
000EW;2025-03-08 23:40:00;14.1;1003.3;53;4.6;0;;;;
000EW;2025-03-08 23:50:00;13.9;1003.2;53;4.5;0;;;;
000EW;2025-03-09 00:00:00;13.8;1003.1;53;4.4;0;;;0;0
000EW;2025-03-09 00:10:00;13.8;1003.1;54;4.7;0;;;;
000EW;2025-03-09 00:20:00;13.7;1003.1;54;4.6;0;;;;
000EW;2025-03-09 00:30:00;13.6;1003;54;4.4;0;;;;
000EW;2025-03-09 00:40:00;13.5;1002.8;54;4.4;0;;;;
000EW;2025-03-09 00:50:00;13.4;1002.8;54;4.3;0;;;;
000EW;2025-03-09 01:00:00;13.3;1002.7;54;4.2;0;;;0;0
000EW;2025-03-09 01:10:00;13.2;1002.6;54;4.1;0;;;;
000EW;2025-03-09 01:20:00;13.1;1002.5;54;4;0;;;;
000EW;2025-03-09 01:30:00;13;1002.4;54;3.9;0;;;;
000EW;2025-03-09 01:40:00;12.8;1002.3;55;4;0;;;;
000EW;2025-03-09 01:50:00;12.8;1002.2;55;4;0;;;;
000EW;2025-03-09 02:00:00;12.8;1002.1;55;4;0;;;0;0
000EW;2025-03-09 02:10:00;12.7;1002.1;55;3.9;0;;;;
000EW;2025-03-09 02:20:00;12.5;1002;56;4;0;;;;
000EW;2025-03-09 02:30:00;12.4;1002;56;3.9;0;;;;
000EW;2025-03-09 02:40:00;12.4;1001.9;56;3.9;0;;;;
000EW;2025-03-09 02:50:00;12.3;1001.8;56;3.8;0;;;;
000EW;2025-03-09 03:00:00;12.2;1001.7;57;3.9;0;;;0;0
000EW;2025-03-09 03:10:00;12.1;1001.5;57;3.8;0;;;;
000EW;2025-03-09 03:20:00;12;1001.4;57;3.7;0;;;;
000EW;2025-03-09 03:30:00;11.9;1001.4;58;3.9;0;;;;
000EW;2025-03-09 03:40:00;12;1001.4;57;3.7;0;;;;
000EW;2025-03-09 03:50:00;12;1001.6;57;3.7;0;;;;
000EW;2025-03-09 04:00:00;12.1;1001.7;57;3.8;0;;;0;0
000EW;2025-03-09 04:10:00;12.1;1001.7;57;3.8;0;;;;
000EW;2025-03-09 04:20:00;11.9;1001.8;57;3.7;0;;;;
000EW;2025-03-09 04:30:00;11.8;1001.8;58;3.8;0;;;;
000EW;2025-03-09 04:40:00;11.6;1001.7;59;3.9;0;;;;
000EW;2025-03-09 04:50:00;11.6;1001.7;59;3.8;0;;;;
000EW;2025-03-09 05:00:00;11.4;1001.7;59;3.7;0;;;0;0
000EW;2025-03-09 05:10:00;11.4;1001.6;59;3.7;0;;;;
000EW;2025-03-09 05:20:00;11.3;1001.5;60;3.8;0;;;;
000EW;2025-03-09 05:30:00;11.2;1001.6;60;3.7;0;;;;
000EW;2025-03-09 05:40:00;11.1;1001.6;60;3.6;0;;;;
000EW;2025-03-09 05:50:00;11;1001.5;61;3.8;0;;;;
000EW;2025-03-09 06:00:00;10.9;1001.4;61;3.7;0;;;0;0
000EW;2025-03-09 06:10:00;10.9;1001.6;61;3.7;0;;;;
000EW;2025-03-09 06:20:00;10.8;1001.6;61;3.6;0;;;;
000EW;2025-03-09 06:30:00;10.8;1001.6;61;3.6;0;;;;
000EW;2025-03-09 06:40:00;10.8;1001.8;61;3.6;0;;;;
000EW;2025-03-09 06:50:00;10.8;1001.9;61;3.6;0;;;;
000EW;2025-03-09 07:00:00;10.8;1001.8;61;3.6;0;;;0;0
000EW;2025-03-09 07:10:00;10.8;1001.8;60;3.4;0;;;;
000EW;2025-03-09 07:20:00;10.9;1001.9;61;3.7;0;;;;
000EW;2025-03-09 07:30:00;11;1001.8;60;3.5;0;;;;
000EW;2025-03-09 07:40:00;11.2;1001.9;60;3.7;0;;;;
000EW;2025-03-09 07:50:00;11.3;1001.9;59;3.6;0;;;;
000EW;2025-03-09 08:00:00;11.6;1002;59;3.9;0;;;0;0
000EW;2025-03-09 08:10:00;12;1001.9;58;4;0.8;;135;;
000EW;2025-03-09 08:20:00;12.3;1001.9;57;4;0;;;;
000EW;2025-03-09 08:30:00;12.5;1001.8;56;4;0;;;;
000EW;2025-03-09 08:40:00;12.7;1001.8;56;4.1;0;;;;
000EW;2025-03-09 08:50:00;13.1;1001.6;55;4.3;0;;;;
000EW;2025-03-09 09:00:00;13.7;1001.8;53;4.3;0;;;0;0
000EW;2025-03-09 09:10:00;14;1001.9;52;4.3;0;;;;
000EW;2025-03-09 09:20:00;14.1;1001.8;52;4.4;0;;;;
000EW;2025-03-09 09:30:00;14.1;1001.9;52;4.4;0;;;;
000EW;2025-03-09 09:40:00;14.2;1001.9;52;4.5;0;;;;
000EW;2025-03-09 09:50:00;14.2;1001.8;52;4.5;0;;;;
000EW;2025-03-09 10:00:00;14.2;1001.8;53;4.8;0;;;0;0
000EW;2025-03-09 10:10:00;14.3;1001.8;53;4.8;0;;;;
000EW;2025-03-09 10:20:00;14.4;1001.7;53;4.9;0;;;;
000EW;2025-03-09 10:30:00;14.6;1001.7;53;5.1;0;;;;
000EW;2025-03-09 10:40:00;14.8;1001.6;53;5.3;0;;;;
000EW;2025-03-09 10:50:00;14.8;1001.7;53;5.3;0;;;;
000EW;2025-03-09 11:00:00;15.1;1001.6;53;5.6;0;;;0;0
000EW;2025-03-09 11:10:00;15.4;1001.6;52;5.6;0;;;;
000EW;2025-03-09 11:20:00;15.4;1001.5;52;5.6;0.8;;158;;
000EW;2025-03-09 11:30:00;15.6;1001.5;52;5.8;0;;;;
000EW;2025-03-09 11:40:00;15.7;1001.4;52;5.8;0;;;;
000EW;2025-03-09 11:50:00;15.9;1001.3;51;5.8;0;;;;
000EW;2025-03-09 12:00:00;15.9;1001.1;51;5.8;0;;;0;0
000EW;2025-03-09 12:10:00;16.3;1001.1;51;6.1;0;;;;
000EW;2025-03-09 12:20:00;16.4;1001.1;50;5.9;0;;;;
000EW;2025-03-09 12:30:00;16.7;1000.9;50;6.2;0;;;;
000EW;2025-03-09 12:40:00;16.8;1000.9;49;6.1;0;;;;
000EW;2025-03-09 12:50:00;16.8;1000.8;49;6.1;0;;;;
000EW;2025-03-09 13:00:00;16.8;1000.6;50;6.3;0;;;0;0
000EW;2025-03-09 13:10:00;16.9;1000.4;50;6.4;0;;;;
000EW;2025-03-09 13:20:00;17.4;1000.4;49;6.6;0;;;;
000EW;2025-03-09 13:30:00;17.7;1000.5;48;6.5;0;;;;
000EW;2025-03-09 13:40:00;17.6;1000.3;48;6.4;0;;;;
000EW;2025-03-09 13:50:00;17.7;1000.2;48;6.6;0;;;;
000EW;2025-03-09 14:00:00;17.9;1000.1;48;6.8;0;;;0;0
000EW;2025-03-09 14:10:00;18;999.9;48;6.8;0;;;;
000EW;2025-03-09 14:20:00;18.2;999.7;47;6.7;0;;;;
000EW;2025-03-09 14:30:00;18.4;999.8;47;6.9;0;;;;
000EW;2025-03-09 14:40:00;18.4;999.8;47;6.9;0;;;;
000EW;2025-03-09 14:50:00;18.5;999.6;47;7;0;;;;
000EW;2025-03-09 15:00:00;18.4;999.6;47;6.9;0;;;0;0
000EW;2025-03-09 15:10:00;18.5;999.4;47;7;0;;;;
000EW;2025-03-09 15:20:00;18.4;999.4;47;6.9;0;;;;
000EW;2025-03-09 15:30:00;18.6;999.4;47;7;0;;;;
000EW;2025-03-09 15:40:00;18.4;999.4;47;6.9;0;;;;
000EW;2025-03-09 15:50:00;18.5;999.4;47;7;0;;;;
000EW;2025-03-09 16:00:00;18.4;999.4;47;6.9;0;;;0;0
000EW;2025-03-09 16:10:00;18.4;999.6;47;6.9;0;;;;
000EW;2025-03-09 16:20:00;18.3;999.7;47;6.8;0;;;;
000EW;2025-03-09 16:30:00;18.1;999.8;48;6.9;0;;;;
000EW;2025-03-09 16:40:00;17.9;999.8;49;7;0;;;;
000EW;2025-03-09 16:50:00;17.7;1000;50;7.1;0;;;;
000EW;2025-03-09 17:00:00;17.1;999.9;53;7.5;0;;;0;0
000EW;2025-03-09 17:10:00;16.5;999.9;56;7.7;0;;;;
000EW;2025-03-09 17:20:00;16.2;1000;59;8.2;0;;;;
000EW;2025-03-09 17:30:00;16.1;999.8;59;8;0;;;;
000EW;2025-03-09 17:40:00;16;999.9;60;8.2;0;;;;
000EW;2025-03-09 17:50:00;15.9;1000;62;8.7;0;;;;
000EW;2025-03-09 18:00:00;15.8;1000.1;60;8;0;;;0;0
000EW;2025-03-09 18:10:00;15.7;1000;61;8.2;0;;;;
000EW;2025-03-09 18:20:00;15.6;1000;61;8.1;0;;;;
000EW;2025-03-09 18:30:00;15.6;1000;61;8.1;0;;;;
000EW;2025-03-09 18:40:00;15.6;1000.1;60;7.9;0;;;;
000EW;2025-03-09 18:50:00;15.6;1000;61;8.1;0;;;;
000EW;2025-03-09 19:00:00;15.5;1000;61;8;0;;;0;0
000EW;2025-03-09 19:10:00;15.4;999.9;62;8.2;0;;;;
000EW;2025-03-09 19:20:00;15.4;999.8;61;7.9;0;;;;
000EW;2025-03-09 19:30:00;15.4;999.7;61;7.9;0;;;;
000EW;2025-03-09 19:40:00;15.4;999.9;61;7.9;0;;;;
000EW;2025-03-09 19:50:00;15.4;999.9;61;8;0;;;;
000EW;2025-03-09 20:00:00;15.4;999.9;61;7.9;0;;;0;0
000EW;2025-03-09 20:10:00;15.4;999.7;60;7.7;0;;;;
000EW;2025-03-09 20:20:00;15.4;999.7;60;7.7;0;;;;
000EW;2025-03-09 20:30:00;15.4;999.7;61;8;0;;;;
000EW;2025-03-09 20:40:00;15.3;999.6;61;7.9;0;;;;
000EW;2025-03-09 20:50:00;15.3;999.5;61;7.8;0;;;;
000EW;2025-03-09 21:00:00;15.3;999.4;60;7.6;0;;;0;0
000EW;2025-03-09 21:10:00;15.3;999.3;59;7.4;0;;;;
000EW;2025-03-09 21:20:00;15.3;999.3;59;7.4;0;;;;
000EW;2025-03-09 21:30:00;15.3;999.3;58;7.1;0;;;;
000EW;2025-03-09 21:40:00;15.3;999.4;59;7.3;0;;;;
000EW;2025-03-09 21:50:00;15.3;999.5;60;7.6;0;;;;
000EW;2025-03-09 22:00:00;15.2;999.7;60;7.5;0;;;0;0
000EW;2025-03-09 22:10:00;15.1;999.6;61;7.6;0;;;;
000EW;2025-03-09 22:20:00;15.1;999.8;62;7.8;0;;;;
000EW;2025-03-09 22:30:00;15.1;999.8;63;8.1;0;;;;
000EW;2025-03-09 22:40:00;15.1;999.8;62;7.8;0;;;;
000EW;2025-03-09 22:50:00;15;999.7;62;7.8;0;;;;
000EW;2025-03-09 23:00:00;15;999.7;62;7.8;0;;;0;0
000EW;2025-03-09 23:10:00;14.9;999.6;61;7.5;0;;;;
000EW;2025-03-09 23:20:00;14.9;999.7;61;7.5;0;;;;
000EW;2025-03-09 23:30:00;14.8;999.5;61;7.4;0;;;;
000EW;2025-03-09 23:40:00;14.7;999.5;61;7.2;0;;;;
000EW;2025-03-09 23:50:00;14.4;999.4;62;7.3;0;;;;
000EW;2025-03-10 00:00:00;14.3;999.4;63;7.3;0;;;0;0
000EW;2025-03-10 00:10:00;14.2;999.3;63;7.3;0;;;;
000EW;2025-03-10 00:20:00;14.2;999.2;63;7.3;0;;;;
000EW;2025-03-10 00:30:00;14.4;999.1;63;7.4;0;;;;
000EW;2025-03-10 00:40:00;14.4;998.9;63;7.5;0;;;;
000EW;2025-03-10 00:50:00;14.4;998.8;63;7.5;0;;;;
000EW;2025-03-10 01:00:00;14.4;998.8;63;7.5;0;;;0;0
000EW;2025-03-10 01:10:00;14.6;998.7;62;7.4;0;;;;
000EW;2025-03-10 01:20:00;14.7;998.7;62;7.5;0;;;;
000EW;2025-03-10 01:30:00;14.6;998.5;62;7.4;0;;;;
000EW;2025-03-10 01:40:00;14.6;998.6;62;7.4;0;;;;
000EW;2025-03-10 01:50:00;14.6;998.5;63;7.6;0;;;;
000EW;2025-03-10 02:00:00;14.6;998.5;63;7.6;0;;;0;0
000EW;2025-03-10 02:10:00;14.4;998.6;63;7.4;0;;;;
000EW;2025-03-10 02:20:00;14.3;998.6;63;7.4;0;;;;
000EW;2025-03-10 02:30:00;14.3;998.6;63;7.4;0;;;;
000EW;2025-03-10 02:40:00;14.3;998.6;64;7.6;0;;;;
000EW;2025-03-10 02:50:00;14.2;998.5;64;7.5;0;;;;
000EW;2025-03-10 03:00:00;14.2;998.5;64;7.5;0;;;0;0
000EW;2025-03-10 03:10:00;14.1;998.5;64;7.4;0;;;;
000EW;2025-03-10 03:20:00;14.1;998.6;65;7.6;0;;;;
000EW;2025-03-10 03:30:00;14.1;998.5;64;7.4;0;;;;
000EW;2025-03-10 03:40:00;14.1;998.4;65;7.6;0;;;;
000EW;2025-03-10 03:50:00;14.2;998.4;64;7.5;0;;;;
000EW;2025-03-10 04:00:00;14.2;998.3;64;7.5;0;;;0;0
000EW;2025-03-10 04:10:00;14.1;998.2;65;7.6;0;;;;
000EW;2025-03-10 04:20:00;14.1;998.2;64;7.3;0;;;;
000EW;2025-03-10 04:30:00;14.1;998.3;64;7.3;0;;;;
000EW;2025-03-10 04:40:00;14.1;998.3;64;7.3;0;;;;
000EW;2025-03-10 04:50:00;14.1;998.2;64;7.3;0;;;;
000EW;2025-03-10 05:00:00;14;998.3;66;7.7;0;;;0;0
000EW;2025-03-10 05:10:00;14;998.3;67;8;0;;;;
000EW;2025-03-10 05:20:00;13.8;998.3;68;8;0;;;;
000EW;2025-03-10 05:30:00;13.4;998.3;70;8.1;0;;;;
000EW;2025-03-10 05:40:00;13.2;998.4;72;8.3;0;;;;
000EW;2025-03-10 05:50:00;13.1;998.5;72;8.1;0;;;;
000EW;2025-03-10 06:00:00;12.9;998.6;73;8.2;0;;;0;0
000EW;2025-03-10 06:10:00;12.8;998.8;73;8.1;0;;;;
000EW;2025-03-10 06:20:00;12.7;999;75;8.3;0;;;;
000EW;2025-03-10 06:30:00;12.4;999;76;8.3;0;;;;
000EW;2025-03-10 06:40:00;12.3;999.1;78;8.6;0.8;;135;;
000EW;2025-03-10 06:50:00;12.1;999.1;80;8.7;0;;;;
000EW;2025-03-10 07:00:00;11.9;999.1;81;8.8;0;;;0;0
000EW;2025-03-10 07:10:00;11.8;999.3;82;8.9;0;;;;
000EW;2025-03-10 07:20:00;11.8;999.4;83;9;0;;;;
000EW;2025-03-10 07:30:00;11.8;999.5;83;9;0;;;;
000EW;2025-03-10 07:40:00;11.8;999.5;83;9;0;;;;
000EW;2025-03-10 07:50:00;11.8;999.6;84;9.2;0;;;;
000EW;2025-03-10 08:00:00;11.7;999.7;84;9.1;0;;;0;0.2
000EW;2025-03-10 08:10:00;11.7;1000;84;9.1;0;;;;
000EW;2025-03-10 08:20:00;11.6;1000.2;85;9.1;0.8;;135;;
000EW;2025-03-10 08:30:00;11.5;1000.4;87;9.4;0;;;;
000EW;2025-03-10 08:40:00;11.4;1000.4;87;9.3;0;;;;
000EW;2025-03-10 08:50:00;11.3;1000.5;87;9.2;0;;;;
000EW;2025-03-10 09:00:00;11.2;1000.6;88;9.3;0;;;0.8;0.6
000EW;2025-03-10 09:10:00;11.1;1000.6;88;9.2;0;;;;
000EW;2025-03-10 09:20:00;11.1;1000.7;89;9.4;0;;;;
000EW;2025-03-10 09:30:00;11.3;1000.7;89;9.5;0;;;;
000EW;2025-03-10 09:40:00;11.2;1000.5;89;9.4;0;;;;
000EW;2025-03-10 09:50:00;11.3;1000.4;89;9.5;0;;;;
000EW;2025-03-10 10:00:00;11.3;1000.4;89;9.5;0;;;0;0.6
000EW;2025-03-10 10:10:00;11.3;1000.5;89;9.6;0;;;;
000EW;2025-03-10 10:20:00;11.2;1000.6;89;9.5;0;;;;
000EW;2025-03-10 10:30:00;11.3;1000.6;89;9.6;0;;;;
000EW;2025-03-10 10:40:00;11.4;1000.7;89;9.7;0;;;;
000EW;2025-03-10 10:50:00;11.6;1000.8;89;9.8;0;;;;
000EW;2025-03-10 11:00:00;11.6;1000.8;89;9.8;0;;;0;0.2
000EW;2025-03-10 11:10:00;11.7;1000.7;89;9.9;0;;;;
000EW;2025-03-10 11:20:00;11.7;1000.8;88;9.8;0;;;;
000EW;2025-03-10 11:30:00;11.8;1000.8;88;9.9;0;;;;
000EW;2025-03-10 11:40:00;12;1000.8;87;9.9;0;;;;
000EW;2025-03-10 11:50:00;12.3;1000.8;87;10.2;0.8;;270;;
000EW;2025-03-10 12:00:00;12.4;1000.9;85;10;0;;;0.8;0
000EW;2025-03-10 12:10:00;12.5;1000.9;84;9.9;0;;;;
000EW;2025-03-10 12:20:00;12.6;1001;83;9.8;0;;;;
000EW;2025-03-10 12:30:00;12.6;1001.1;82;9.6;0.8;;225;;
000EW;2025-03-10 12:40:00;12.6;1001.1;82;9.6;0;;;;
000EW;2025-03-10 12:50:00;12.5;1000.9;82;9.5;0;;;;
000EW;2025-03-10 13:00:00;12.7;1000.9;82;9.7;0.8;;203;0;0
000EW;2025-03-10 13:10:00;12.8;1000.9;81;9.7;0;;;;
000EW;2025-03-10 13:20:00;13;1000.9;80;9.6;0;;;;
000EW;2025-03-10 13:30:00;12.6;1001;78;8.9;0;;;;
000EW;2025-03-10 13:40:00;12.6;1000.9;79;9.1;0;;;;
000EW;2025-03-10 13:50:00;12.6;1001.1;78;8.9;0;;;;
000EW;2025-03-10 14:00:00;12.7;1001.1;78;8.9;0;;;0;0
000EW;2025-03-10 14:10:00;12.8;1001.1;77;8.9;0;;;;
000EW;2025-03-10 14:20:00;13.1;1001.1;76;8.9;0;;;;
000EW;2025-03-10 14:30:00;13.1;1001.1;75;8.8;0;;;;
000EW;2025-03-10 14:40:00;13.2;1001.1;75;8.8;0;;;;
000EW;2025-03-10 14:50:00;13.2;1001;75;8.8;0;;;;
000EW;2025-03-10 15:00:00;13.2;1001.1;74;8.6;0;;;0;0
000EW;2025-03-10 15:10:00;13.3;1001.1;74;8.8;0;;;;
000EW;2025-03-10 15:20:00;13.4;1001.1;72;8.5;0;;;;
000EW;2025-03-10 15:30:00;13.6;1001.1;72;8.6;0;;;;
000EW;2025-03-10 15:40:00;13.5;1001.1;72;8.5;0;;;;
000EW;2025-03-10 15:50:00;13.5;1001.2;72;8.5;0;;;;
000EW;2025-03-10 16:00:00;13.6;1001.3;71;8.4;0;;;0;0
000EW;2025-03-10 16:10:00;13.5;1001.3;72;8.5;0;;;;
000EW;2025-03-10 16:20:00;13.4;1001.3;72;8.5;0;;;;
000EW;2025-03-10 16:30:00;13.5;1001.4;73;8.8;0;;;;
000EW;2025-03-10 16:40:00;13.5;1001.5;73;8.8;0;;;;
000EW;2025-03-10 16:50:00;13.5;1001.6;73;8.8;0;;;;
000EW;2025-03-10 17:00:00;13.5;1001.6;73;8.8;0;;;0;0
000EW;2025-03-10 17:10:00;13.4;1001.7;73;8.7;0;;;;
000EW;2025-03-10 17:20:00;13.3;1001.8;74;8.8;0;;;;
000EW;2025-03-10 17:30:00;13.3;1001.9;75;8.9;0;;;;
000EW;2025-03-10 17:40:00;13.2;1001.9;76;9.1;0;;;;
000EW;2025-03-10 17:50:00;13.2;1002;76;9;0;;;;
000EW;2025-03-10 18:00:00;13.1;1002.1;77;9.1;0;;;0;0
000EW;2025-03-10 18:10:00;13;1002.1;77;9.1;0;;;;
000EW;2025-03-10 18:20:00;12.9;1002.1;78;9.2;0;;;;
000EW;2025-03-10 18:30:00;12.8;1002.1;78;9.1;0;;;;
000EW;2025-03-10 18:40:00;12.7;1002.2;78;9;0;;;;
000EW;2025-03-10 18:50:00;12.6;1002.3;79;9.1;0;;;;
000EW;2025-03-10 19:00:00;12.6;1002.3;79;9;0;;;0;0
000EW;2025-03-10 19:10:00;12.4;1002.4;79;8.8;0;;;;
000EW;2025-03-10 19:20:00;12.3;1002.4;80;9;0;;;;
000EW;2025-03-10 19:30:00;12.2;1002.3;80;8.9;0;;;;
000EW;2025-03-10 19:40:00;12.1;1002.4;81;8.9;0;;;;
000EW;2025-03-10 19:50:00;11.9;1002.5;81;8.8;0;;;;
000EW;2025-03-10 20:00:00;11.8;1002.6;82;8.8;0;;;0;0
000EW;2025-03-10 20:10:00;11.7;1002.6;81;8.5;0;;;;
000EW;2025-03-10 20:20:00;11.4;1002.7;82;8.5;0;;;;
000EW;2025-03-10 20:30:00;11.2;1002.7;83;8.4;0;;;;
000EW;2025-03-10 20:40:00;11.3;1002.9;84;8.7;0;;;;
000EW;2025-03-10 20:50:00;11.6;1002.9;84;8.9;0;;;;
000EW;2025-03-10 21:00:00;11.6;1003;83;8.8;0;;;0;0
000EW;2025-03-10 21:10:00;11.5;1003.1;83;8.7;0;;;;
000EW;2025-03-10 21:20:00;11.4;1003.1;84;8.8;0;;;;
000EW;2025-03-10 21:30:00;11.4;1003.2;84;8.8;0;;;;
000EW;2025-03-10 21:40:00;11.3;1003.3;84;8.7;0;;;;
000EW;2025-03-10 21:50:00;11.2;1003.2;84;8.6;0;;;;
000EW;2025-03-10 22:00:00;11.1;1003.2;85;8.7;0;;;0;0
000EW;2025-03-10 22:10:00;11;1003.2;85;8.6;0;;;;
000EW;2025-03-10 22:20:00;10.9;1003.2;85;8.5;0;;;;
000EW;2025-03-10 22:30:00;10.7;1003.2;85;8.3;0;;;;
000EW;2025-03-10 22:40:00;10.6;1003.2;86;8.4;0;;;;
000EW;2025-03-10 22:50:00;10.6;1003.2;86;8.3;0;;;;
000EW;2025-03-10 23:00:00;10.5;1003.1;86;8.3;0;;;0;0
000EW;2025-03-10 23:10:00;10.4;1003.1;86;8.2;0;;;;
000EW;2025-03-10 23:20:00;10.3;1003;87;8.3;0;;;;
000EW;2025-03-10 23:30:00;10.2;1003.1;87;8.1;0;;;;
000EW;2025-03-10 23:40:00;9.9;1003;87;7.9;0;;;;
000EW;2025-03-10 23:50:00;9.8;1003;88;7.9;0;;;;
000EW;2025-03-11 00:00:00;9.7;1002.9;88;7.8;0;;;0;0
000EW;2025-03-11 00:10:00;9.7;1002.9;88;7.8;0;;;;
000EW;2025-03-11 00:20:00;9.7;1002.9;88;7.8;0;;;;
000EW;2025-03-11 00:30:00;9.7;1002.9;88;7.8;0;;;;
000EW;2025-03-11 00:40:00;9.6;1002.9;88;7.7;0;;;;
000EW;2025-03-11 00:50:00;9.6;1002.9;88;7.7;0;;;;
000EW;2025-03-11 01:00:00;9.6;1002.8;88;7.7;0;;;0;0
000EW;2025-03-11 01:10:00;9.5;1002.8;88;7.6;0;;;;
000EW;2025-03-11 01:20:00;9.4;1002.9;88;7.5;0;;;;
000EW;2025-03-11 01:30:00;9.2;1002.8;88;7.3;0;;;;
000EW;2025-03-11 01:40:00;9.2;1002.7;89;7.4;0;;;;
000EW;2025-03-11 01:50:00;9.1;1002.7;89;7.4;0;;;;
000EW;2025-03-11 02:00:00;9.1;1002.7;89;7.3;0;;;0;0
000EW;2025-03-11 02:10:00;8.9;1002.6;88;7.1;0;;;;
000EW;2025-03-11 02:20:00;8.8;1002.5;89;7.1;0;;;;
000EW;2025-03-11 02:30:00;8.8;1002.4;89;7.1;0;;;;
000EW;2025-03-11 02:40:00;8.8;1002.3;89;7.1;0;;;;
000EW;2025-03-11 02:50:00;8.8;1002.3;89;7.1;0;;;;
000EW;2025-03-11 03:00:00;8.8;1002.2;89;7.1;0;;;0;0
000EW;2025-03-11 03:10:00;8.7;1002.2;89;7;0;;;;
000EW;2025-03-11 03:20:00;8.6;1002.2;89;6.9;0;;;;
000EW;2025-03-11 03:30:00;8.6;1002.1;89;6.9;0;;;;
000EW;2025-03-11 03:40:00;8.6;1002.2;89;6.8;0;;;;
000EW;2025-03-11 03:50:00;8.7;1002.2;90;7.1;0;;;;
000EW;2025-03-11 04:00:00;8.7;1002.2;90;7.1;0;;;0;0
000EW;2025-03-11 04:10:00;8.6;1002.1;90;7;0;;;;
000EW;2025-03-11 04:20:00;8.5;1002;90;7;0;;;;
000EW;2025-03-11 04:30:00;8.4;1002;90;6.8;0;;;;
000EW;2025-03-11 04:40:00;8.3;1002;90;6.8;0;;;;
000EW;2025-03-11 04:50:00;8.3;1002;90;6.7;0;;;;
000EW;2025-03-11 05:00:00;8.3;1002;91;6.9;0;;;0;0
000EW;2025-03-11 05:10:00;8.2;1002;91;6.8;0;;;;
000EW;2025-03-11 05:20:00;8.2;1002;91;6.8;0;;;;
000EW;2025-03-11 05:30:00;8.2;1002;91;6.8;0;;;;
000EW;2025-03-11 05:40:00;8.2;1002.1;91;6.8;0;;;;
000EW;2025-03-11 05:50:00;8.3;1002.2;91;7;0;;;;
000EW;2025-03-11 06:00:00;8.3;1002.2;91;7;0;;;0;0
000EW;2025-03-11 06:10:00;8.3;1002.3;91;6.9;0;;;;
000EW;2025-03-11 06:20:00;8.2;1002.3;91;6.8;0;;;;
000EW;2025-03-11 06:30:00;8.1;1002.4;91;6.7;0;;;;
000EW;2025-03-11 06:40:00;8.1;1002.4;91;6.7;0;;;;
000EW;2025-03-11 06:50:00;7.9;1002.4;91;6.6;0;;;;
000EW;2025-03-11 07:00:00;7.7;1002.4;91;6.3;0;;;0;0
000EW;2025-03-11 07:10:00;7.4;1002.5;90;5.9;0;;;;
000EW;2025-03-11 07:20:00;7.2;1002.4;91;5.8;0;;;;
000EW;2025-03-11 07:30:00;7.2;1002.6;91;5.8;0;;;;
000EW;2025-03-11 07:40:00;7.3;1002.5;91;5.9;0;;;;
000EW;2025-03-11 07:50:00;7.6;1002.7;91;6.2;0;;;;
000EW;2025-03-11 08:00:00;8;1002.6;91;6.6;0;;;0;0
000EW;2025-03-11 08:10:00;8.3;1002.7;90;6.7;0;;;;
000EW;2025-03-11 08:20:00;8.4;1002.7;90;6.9;0;;;;
000EW;2025-03-11 08:30:00;8.5;1002.8;89;6.8;0;;;;
000EW;2025-03-11 08:40:00;8.7;1002.7;90;7.1;0;;;;
000EW;2025-03-11 08:50:00;8.9;1002.7;89;7.2;0;;;;
000EW;2025-03-11 09:00:00;9.4;1002.7;89;7.7;0;;;0;0
000EW;2025-03-11 09:10:00;9.7;1002.8;88;7.8;0;;;;
000EW;2025-03-11 09:20:00;9.8;1002.9;87;7.8;0;;;;
000EW;2025-03-11 09:30:00;10.1;1002.9;87;8;0;;;;
000EW;2025-03-11 09:40:00;10.4;1002.9;87;8.3;0;;;;
000EW;2025-03-11 09:50:00;10.6;1002.9;86;8.3;0;;;;
000EW;2025-03-11 10:00:00;10.6;1002.9;86;8.3;0;;;0;0
000EW;2025-03-11 10:10:00;10.3;1003;87;8.2;0;;;;
000EW;2025-03-11 10:20:00;10.1;1003;88;8.2;0;;;;
000EW;2025-03-11 10:30:00;10;1002.9;88;8.1;0;;;;
000EW;2025-03-11 10:40:00;10;1003;88;8.1;0;;;;
000EW;2025-03-11 10:50:00;9.9;1003;89;8.2;0;;;;
000EW;2025-03-11 11:00:00;10;1002.9;89;8.3;0.8;;0;0;0
000EW;2025-03-11 11:10:00;10.1;1002.9;88;8.2;0;;;;
000EW;2025-03-11 11:20:00;9.9;1003;87;7.8;0;;;;
000EW;2025-03-11 11:30:00;9.7;1003;87;7.6;0;;;;
000EW;2025-03-11 11:40:00;9.8;1002.9;87;7.7;0;;;;
000EW;2025-03-11 11:50:00;9.8;1002.9;86;7.5;0;;;;
000EW;2025-03-11 12:00:00;9.8;1003;84;7.2;0;;;0;0
000EW;2025-03-11 12:10:00;9.7;1003;84;7.1;0;;;;
000EW;2025-03-11 12:20:00;9.7;1002.9;82;6.8;0;;;;
000EW;2025-03-11 12:30:00;9.7;1002.9;82;6.7;0;;;;
000EW;2025-03-11 12:40:00;9.7;1002.9;82;6.7;0;;;;
000EW;2025-03-11 12:50:00;9.7;1002.8;81;6.6;0;;;;
000EW;2025-03-11 13:00:00;9.6;1002.7;80;6.3;0;;;0;0
000EW;2025-03-11 13:10:00;9.6;1002.7;79;6.1;0.8;;0;;
000EW;2025-03-11 13:20:00;9.7;1002.5;79;6.3;0;;;;
000EW;2025-03-11 13:30:00;9.8;1002.4;78;6.2;0;;;;
000EW;2025-03-11 13:40:00;10.1;1002.2;76;6.1;0;;;;
000EW;2025-03-11 13:50:00;10.4;1002.1;75;6.1;0;;;;
000EW;2025-03-11 14:00:00;10.6;1002.1;75;6.4;0;;;0;0
000EW;2025-03-11 14:10:00;10.6;1002;75;6.4;0.8;;23;;
000EW;2025-03-11 14:20:00;10.7;1002;74;6.2;0;;;;
000EW;2025-03-11 14:30:00;10.7;1001.9;74;6.2;0.8;;45;;
000EW;2025-03-11 14:40:00;10.7;1001.8;73;6;0.8;;0;;
000EW;2025-03-11 14:50:00;10.6;1001.9;72;5.7;0;;;;
000EW;2025-03-11 15:00:00;10.5;1001.9;72;5.7;0.8;;23;0;0
000EW;2025-03-11 15:10:00;10.4;1002;73;5.8;0;;;;
000EW;2025-03-11 15:20:00;10.5;1002.1;72;5.7;0;;;;
000EW;2025-03-11 15:30:00;10.3;1002.1;72;5.5;0;;;;
000EW;2025-03-11 15:40:00;10.1;1002.1;72;5.3;0;;;;
000EW;2025-03-11 15:50:00;10;1002.1;72;5.2;0;;;;
000EW;2025-03-11 16:00:00;9.9;1002.1;73;5.3;1.6;;34;0;0
000EW;2025-03-11 16:10:00;9.8;1002.1;73;5.2;0.8;;0;;
000EW;2025-03-11 16:20:00;9.8;1002.1;74;5.4;0.8;;0;;
000EW;2025-03-11 16:30:00;9.7;1002.1;74;5.3;0;;;;
000EW;2025-03-11 16:40:00;9.5;1002.1;75;5.3;0;;;;
000EW;2025-03-11 16:50:00;9.4;1002.1;75;5.2;0;;;;
000EW;2025-03-11 17:00:00;9.4;1002;75;5.2;0;;;0;0
000EW;2025-03-11 17:10:00;9.3;1002;75;5.1;0;;;;
000EW;2025-03-11 17:20:00;9.2;1002.1;75;5;0;;;;
000EW;2025-03-11 17:30:00;9.1;1002.2;76;5.1;0.8;;338;;
000EW;2025-03-11 17:40:00;9.1;1002.1;77;5.2;0.8;;0;;
000EW;2025-03-11 17:50:00;9;1002.1;78;5.4;0.8;;0;;
000EW;2025-03-11 18:00:00;8.9;1002.3;79;5.5;0;;;0;0
000EW;2025-03-11 18:10:00;8.8;1002.4;79;5.3;0;;;;
000EW;2025-03-11 18:20:00;8.5;1002.5;79;5.1;0.8;;45;;
000EW;2025-03-11 18:30:00;8.4;1002.5;80;5.1;0.8;;0;;
000EW;2025-03-11 18:40:00;8.3;1002.5;79;4.9;0.8;;0;;
000EW;2025-03-11 18:50:00;8.3;1002.5;80;5.1;2.4;;0;;
000EW;2025-03-11 19:00:00;8.2;1002.5;80;4.9;0;;;0;0
000EW;2025-03-11 19:10:00;8.2;1002.5;81;5.2;0.8;;0;;
000EW;2025-03-11 19:20:00;8.2;1002.6;81;5.1;0.8;;0;;
000EW;2025-03-11 19:30:00;8.1;1002.6;81;5;0;;;;
000EW;2025-03-11 19:40:00;7.9;1002.6;82;5.1;0.8;;0;;
000EW;2025-03-11 19:50:00;7.8;1002.7;82;5;2.4;;0;;
000EW;2025-03-11 20:00:00;7.8;1002.7;82;4.9;1.6;;0;0;0
000EW;2025-03-11 20:10:00;7.7;1002.7;82;4.8;0;;;;
000EW;2025-03-11 20:20:00;7.7;1002.8;83;5;0.8;;0;;
000EW;2025-03-11 20:30:00;7.7;1002.7;83;5;0;;;;
000EW;2025-03-11 20:40:00;7.4;1002.9;83;4.7;0;;;;
000EW;2025-03-11 20:50:00;7.3;1003;82;4.4;0.8;;23;;
000EW;2025-03-11 21:00:00;7.1;1003;81;4;0.8;;0;0;0
000EW;2025-03-11 21:10:00;6.9;1002.9;80;3.7;0.8;;0;;
000EW;2025-03-11 21:20:00;6.8;1003;81;3.7;0;;;;
000EW;2025-03-11 21:30:00;6.7;1003;81;3.6;0;;;;
000EW;2025-03-11 21:40:00;6.7;1003;81;3.6;0;;;;
000EW;2025-03-11 21:50:00;6.7;1002.9;81;3.6;0;;;;
000EW;2025-03-11 22:00:00;6.5;1003;80;3.3;0;;;0;0
000EW;2025-03-11 22:10:00;6.5;1003;80;3.3;0.8;;0;;
000EW;2025-03-11 22:20:00;6.5;1003;81;3.5;0;;;;
000EW;2025-03-11 22:30:00;6.4;1003.1;80;3.2;0;;;;
000EW;2025-03-11 22:40:00;6.3;1003.2;81;3.3;0;;;;
000EW;2025-03-11 22:50:00;6.2;1003.1;81;3.2;0;;;;
000EW;2025-03-11 23:00:00;6.1;1003.1;83;3.4;0;;;0;0
000EW;2025-03-11 23:10:00;6.1;1003.1;84;3.6;0;;;;
000EW;2025-03-11 23:20:00;5.9;1003;84;3.4;0;;;;
000EW;2025-03-11 23:30:00;5.7;1002.9;83;3.1;0;;;;
000EW;2025-03-11 23:40:00;5.7;1002.9;84;3.2;0;;;;
000EW;2025-03-11 23:50:00;5.6;1003;84;3.1;0;;;;
000EW;2025-03-12 00:00:00;5.4;1002.9;85;3.1;0;;;0;0.4
000EW;2025-03-12 00:10:00;5.3;1002.9;85;3;0;;;;
000EW;2025-03-12 00:20:00;5.3;1002.8;85;3;0;;;;
000EW;2025-03-12 00:30:00;5.3;1002.7;84;2.9;0;;;;
000EW;2025-03-12 00:40:00;5.3;1002.7;83;2.6;0;;;;
000EW;2025-03-12 00:50:00;5.3;1002.7;83;2.7;0;;;;
000EW;2025-03-12 01:00:00;5.4;1002.6;83;2.7;0;;;0;0.2
000EW;2025-03-12 01:10:00;5.4;1002.6;83;2.8;0;;;;
000EW;2025-03-12 01:20:00;5.5;1002.6;83;2.8;0;;;;
000EW;2025-03-12 01:30:00;5.4;1002.5;83;2.8;0;;;;
000EW;2025-03-12 01:40:00;5.4;1002.4;84;3;0;;;;
000EW;2025-03-12 01:50:00;5.4;1002.3;84;2.9;0;;;;
000EW;2025-03-12 02:00:00;5.3;1002.2;84;2.9;0;;;0;0
000EW;2025-03-12 02:10:00;5.3;1002.1;84;2.9;0;;;;
000EW;2025-03-12 02:20:00;5.3;1002.1;84;2.9;0;;;;
000EW;2025-03-12 02:30:00;5.3;1002.1;84;2.8;0;;;;
000EW;2025-03-12 02:40:00;5.2;1001.9;83;2.6;0;;;;
000EW;2025-03-12 02:50:00;5.2;1001.9;83;2.5;0;;;;
000EW;2025-03-12 03:00:00;5.1;1001.8;83;2.5;0;;;0;0
000EW;2025-03-12 03:10:00;5.1;1001.7;83;2.4;0;;;;
000EW;2025-03-12 03:20:00;5.1;1001.7;83;2.4;0.8;;0;;
000EW;2025-03-12 03:30:00;5;1001.8;83;2.4;0;;;;
000EW;2025-03-12 03:40:00;4.9;1001.7;83;2.3;0;;;;
000EW;2025-03-12 03:50:00;4.9;1001.8;84;2.4;0;;;;
000EW;2025-03-12 04:00:00;4.9;1001.8;84;2.4;0;;;0;0
000EW;2025-03-12 04:10:00;4.9;1001.8;84;2.4;0;;;;
000EW;2025-03-12 04:20:00;4.8;1001.8;84;2.4;0;;;;
000EW;2025-03-12 04:30:00;4.8;1001.8;84;2.3;0;;;;
000EW;2025-03-12 04:40:00;4.8;1001.7;84;2.3;0;;;;
000EW;2025-03-12 04:50:00;4.7;1001.7;84;2.3;0;;;;
000EW;2025-03-12 05:00:00;4.6;1001.8;84;2.1;0;;;0;0
000EW;2025-03-12 05:10:00;4.6;1001.8;84;2.1;0;;;;
000EW;2025-03-12 05:20:00;4.6;1001.9;84;2.1;0;;;;
000EW;2025-03-12 05:30:00;4.5;1002;84;2;0;;;;
000EW;2025-03-12 05:40:00;4.4;1001.8;84;2;0;;;;
000EW;2025-03-12 05:50:00;4.3;1001.9;84;1.9;0;;;;
000EW;2025-03-12 06:00:00;4.2;1001.8;85;1.9;0;;;0;0
000EW;2025-03-12 06:10:00;4.2;1001.8;84;1.7;0;;;;
000EW;2025-03-12 06:20:00;4.2;1001.9;84;1.7;0;;;;
000EW;2025-03-12 06:30:00;4.1;1001.9;84;1.7;1.6;;23;;
000EW;2025-03-12 06:40:00;4.1;1001.9;84;1.7;0;;;;
000EW;2025-03-12 06:50:00;4.1;1002.1;84;1.7;0;;;;
000EW;2025-03-12 07:00:00;4.1;1002.1;83;1.4;0.8;;45;0;0
000EW;2025-03-12 07:10:00;4.1;1002.2;83;1.5;0;;;;
000EW;2025-03-12 07:20:00;4.1;1002.2;83;1.5;0;;;;
000EW;2025-03-12 07:30:00;4.2;1002.2;82;1.4;0;;;;
000EW;2025-03-12 07:40:00;4.2;1002.2;82;1.4;0;;;;
000EW;2025-03-12 07:50:00;4.2;1002.2;82;1.4;0;;;;
000EW;2025-03-12 08:00:00;4.3;1002.2;82;1.5;0;;;0;0
000EW;2025-03-12 08:10:00;4.5;1002.1;81;1.5;0;;;;
000EW;2025-03-12 08:20:00;4.7;1002.1;82;1.9;0;;;;
000EW;2025-03-12 08:30:00;4.8;1002;81;1.8;0;;;;
000EW;2025-03-12 08:40:00;4.9;1002.1;80;1.8;0;;;;
000EW;2025-03-12 08:50:00;5.1;1002.1;80;1.9;0;;;;
000EW;2025-03-12 09:00:00;5.1;1002.1;79;1.8;0;;;0;0
000EW;2025-03-12 09:10:00;5.3;1002;79;2;0;;;;
000EW;2025-03-12 09:20:00;5.5;1002;78;2;0;;;;
000EW;2025-03-12 09:30:00;5.3;1002;78;1.8;0.8;;23;;
000EW;2025-03-12 09:40:00;5.4;1001.9;78;1.9;0;;;;
000EW;2025-03-12 09:50:00;5.4;1001.9;78;1.9;0;;;;
000EW;2025-03-12 10:00:00;5.4;1001.9;78;1.9;0;;;0;0
000EW;2025-03-12 10:10:00;5.4;1001.8;77;1.7;0;;;;
000EW;2025-03-12 10:20:00;5.5;1001.8;76;1.6;0;;;;
000EW;2025-03-12 10:30:00;5.6;1001.9;75;1.5;0;;;;
000EW;2025-03-12 10:40:00;5.6;1001.9;73;1.1;0.8;;45;;
000EW;2025-03-12 10:50:00;5.7;1001.8;74;1.4;0;;;;
000EW;2025-03-12 11:00:00;5.7;1001.7;74;1.5;0;;;0;0
000EW;2025-03-12 11:10:00;5.7;1001.6;74;1.5;0;;;;
000EW;2025-03-12 11:20:00;5.8;1001.5;73;1.4;0;;;;
000EW;2025-03-12 11:30:00;5.9;1001.5;72;1.3;0;;;;
000EW;2025-03-12 11:40:00;6;1001.4;72;1.3;0;;;;
000EW;2025-03-12 11:50:00;6.1;1001.3;72;1.4;0;;;;
000EW;2025-03-12 12:00:00;6.2;1001.2;73;1.7;0;;;0;0
000EW;2025-03-12 12:10:00;6.2;1001.1;73;1.7;0;;;;
000EW;2025-03-12 12:20:00;6.1;1001;72;1.4;0;;;;
000EW;2025-03-12 12:30:00;6.3;1000.9;72;1.7;0;;;;
000EW;2025-03-12 12:40:00;6.3;1000.8;71;1.5;0;;;;
000EW;2025-03-12 12:50:00;6.3;1000.7;72;1.7;0;;;;
000EW;2025-03-12 13:00:00;6.5;1000.6;71;1.6;0;;;0;0
000EW;2025-03-12 13:10:00;6.6;1000.5;71;1.7;0;;;;
000EW;2025-03-12 13:20:00;6.7;1000.4;70;1.6;0;;;;
000EW;2025-03-12 13:30:00;6.8;1000.2;70;1.7;0;;;;
000EW;2025-03-12 13:40:00;7.2;1000.1;70;2.1;0;;;;
000EW;2025-03-12 13:50:00;7.4;1000.1;68;1.9;0;;;;
000EW;2025-03-12 14:00:00;7.8;1000;66;1.8;0;;;0;0
000EW;2025-03-12 14:10:00;7.7;999.9;66;1.7;0;;;;
000EW;2025-03-12 14:20:00;7.7;999.8;66;1.7;0;;;;
000EW;2025-03-12 14:30:00;7.8;999.7;66;1.8;0;;;;
000EW;2025-03-12 14:40:00;7.8;999.6;65;1.6;0;;;;
000EW;2025-03-12 14:50:00;7.7;999.6;66;1.8;0;;;;
000EW;2025-03-12 15:00:00;7.8;999.5;65;1.6;0;;;0;0
000EW;2025-03-12 15:10:00;7.7;999.4;65;1.5;0;;;;
000EW;2025-03-12 15:20:00;7.7;999.4;65;1.6;0;;;;
000EW;2025-03-12 15:30:00;7.7;999.2;65;1.6;0;;;;
000EW;2025-03-12 15:40:00;7.8;999.2;66;1.9;0;;;;
000EW;2025-03-12 15:50:00;8;999.2;65;1.8;0;;;;
000EW;2025-03-12 16:00:00;8.1;999.2;65;1.9;0;;;0;0
000EW;2025-03-12 16:10:00;8.1;999.2;64;1.7;0;;;;
000EW;2025-03-12 16:20:00;8.1;999.2;65;1.9;0;;;;
000EW;2025-03-12 16:30:00;8;999.2;65;1.8;0;;;;
000EW;2025-03-12 16:40:00;8;999.3;64;1.6;0;;;;
000EW;2025-03-12 16:50:00;7.9;999.3;64;1.6;0.8;;0;;
000EW;2025-03-12 17:00:00;7.9;999.3;63;1.3;0;;;0;0
000EW;2025-03-12 17:10:00;7.9;999.3;64;1.5;0;;;;
000EW;2025-03-12 17:20:00;7.9;999.3;64;1.5;0;;;;
000EW;2025-03-12 17:30:00;7.9;999.4;64;1.5;0;;;;
000EW;2025-03-12 17:40:00;7.8;999.3;65;1.7;0;;;;
000EW;2025-03-12 17:50:00;7.9;999.3;65;1.7;0;;;;
000EW;2025-03-12 18:00:00;7.8;999.5;65;1.7;0;;;0;0
000EW;2025-03-12 18:10:00;7.8;999.5;66;1.9;0;;;;
000EW;2025-03-12 18:20:00;7.8;999.6;67;2.1;0;;;;
000EW;2025-03-12 18:30:00;7.6;999.6;67;1.9;0;;;;
000EW;2025-03-12 18:40:00;7.6;999.6;66;1.6;0;;;;
000EW;2025-03-12 18:50:00;7.6;999.5;67;1.8;0;;;;
000EW;2025-03-12 19:00:00;7.5;999.6;67;1.8;0;;;0;0
000EW;2025-03-12 19:10:00;7.4;999.6;67;1.7;0;;;;
000EW;2025-03-12 19:20:00;7.4;999.6;68;1.9;0;;;;
000EW;2025-03-12 19:30:00;7.3;999.6;70;2.2;0;;;;
000EW;2025-03-12 19:40:00;7;999.6;73;2.5;0;;;;
000EW;2025-03-12 19:50:00;6.9;999.7;72;2.2;0;;;;
000EW;2025-03-12 20:00:00;7;999.6;69;1.7;0;;;0;0
000EW;2025-03-12 20:10:00;6.9;999.6;69;1.7;0;;;;
000EW;2025-03-12 20:20:00;6.9;999.6;69;1.6;0;;;;
000EW;2025-03-12 20:30:00;6.8;999.6;69;1.5;0;;;;
000EW;2025-03-12 20:40:00;6.6;999.5;70;1.5;0;;;;
000EW;2025-03-12 20:50:00;6.6;999.6;69;1.3;0;;;;
000EW;2025-03-12 21:00:00;6.4;999.6;70;1.4;0;;;0;0
000EW;2025-03-12 21:10:00;6.3;999.4;70;1.2;0;;;;
000EW;2025-03-12 21:20:00;6.2;999.5;71;1.3;0;;;;
000EW;2025-03-12 21:30:00;6.1;999.6;71;1.2;0;;;;
000EW;2025-03-12 21:40:00;6;999.5;71;1.1;0.8;;338;;
000EW;2025-03-12 21:50:00;6;999.5;72;1.3;0.8;;0;;
000EW;2025-03-12 22:00:00;5.9;999.4;72;1.3;1.6;;23;0;0
000EW;2025-03-12 22:10:00;5.9;999.4;72;1.2;0;;;;
000EW;2025-03-12 22:20:00;5.8;999.4;73;1.4;0;;;;
000EW;2025-03-12 22:30:00;5.8;999.2;73;1.4;0;;;;
000EW;2025-03-12 22:40:00;5.8;999.1;74;1.6;0;;;;
000EW;2025-03-12 22:50:00;5.8;999.1;73;1.4;0;;;;
000EW;2025-03-12 23:00:00;5.9;999.1;73;1.4;0;;;0;0
000EW;2025-03-12 23:10:00;5.9;999;73;1.5;0;;;;
000EW;2025-03-12 23:20:00;5.9;999;72;1.3;0;;;;
000EW;2025-03-12 23:30:00;5.9;998.9;72;1.3;0;;;;
000EW;2025-03-12 23:40:00;6;998.8;71;1.1;0;;;;
000EW;2025-03-12 23:50:00;6;998.7;71;1.1;0;;;;
000EW;2025-03-13 00:00:00;6;998.7;72;1.3;0;;;0;0
000EW;2025-03-13 00:10:00;5.9;998.7;73;1.5;0;;;;
000EW;2025-03-13 00:20:00;5.9;998.7;73;1.4;0;;;;
000EW;2025-03-13 00:30:00;5.8;998.6;74;1.6;0;;;;
000EW;2025-03-13 00:40:00;5.8;998.6;74;1.5;0;;;;
000EW;2025-03-13 00:50:00;5.8;998.6;74;1.5;0;;;;
000EW;2025-03-13 01:00:00;5.7;998.6;75;1.6;0;;;0;0
000EW;2025-03-13 01:10:00;5.6;998.6;75;1.5;0;;;;
000EW;2025-03-13 01:20:00;5.6;998.5;76;1.7;0;;;;
000EW;2025-03-13 01:30:00;5.4;998.4;76;1.6;0;;;;
000EW;2025-03-13 01:40:00;5.4;998.4;77;1.7;0;;;;
000EW;2025-03-13 01:50:00;5.4;998.4;77;1.7;0;;;;
000EW;2025-03-13 02:00:00;5.3;998.3;77;1.6;0;;;0;0
000EW;2025-03-13 02:10:00;5.2;998.3;78;1.7;0;;;;
000EW;2025-03-13 02:20:00;5.1;998.1;79;1.8;0.8;;45;;
000EW;2025-03-13 02:30:00;5.2;998;79;1.8;0.8;;45;;
000EW;2025-03-13 02:40:00;5.2;998.1;79;1.9;0.8;;45;;
000EW;2025-03-13 02:50:00;5.2;998;80;2;0;;;;
000EW;2025-03-13 03:00:00;5.1;998.1;81;2.1;0;;;0;0
000EW;2025-03-13 03:10:00;5.1;998;81;2.1;0;;;;
000EW;2025-03-13 03:20:00;5.1;998;82;2.2;0;;;;
000EW;2025-03-13 03:30:00;5;998.1;82;2.2;0;;;;
000EW;2025-03-13 03:40:00;4.9;998.1;82;2.1;0;;;;
000EW;2025-03-13 03:50:00;5;998;82;2.2;0;;;;
000EW;2025-03-13 04:00:00;5.1;998.1;82;2.2;0;;;0;0
000EW;2025-03-13 04:10:00;5.1;998.2;82;2.2;0;;;;
000EW;2025-03-13 04:20:00;5;998.2;82;2.2;0;;;;
000EW;2025-03-13 04:30:00;4.9;998.3;82;2.1;0;;;;
000EW;2025-03-13 04:40:00;4.9;998.4;82;2.1;0;;;;
000EW;2025-03-13 04:50:00;4.8;998.4;82;2;0;;;;
000EW;2025-03-13 05:00:00;4.7;998.5;83;2.1;0.8;;23;0;0
000EW;2025-03-13 05:10:00;4.7;998.4;83;2.1;0;;;;
000EW;2025-03-13 05:20:00;4.7;998.4;83;2;0;;;;
000EW;2025-03-13 05:30:00;4.7;998.5;83;2;0;;;;
000EW;2025-03-13 05:40:00;4.6;998.4;83;2;0;;;;
000EW;2025-03-13 05:50:00;4.6;998.5;83;1.9;0;;;;
000EW;2025-03-13 06:00:00;4.4;998.5;83;1.8;0;;;0;0
000EW;2025-03-13 06:10:00;4.4;998.6;84;1.9;0;;;;
000EW;2025-03-13 06:20:00;4.3;998.7;83;1.7;0;;;;
000EW;2025-03-13 06:30:00;4.3;998.6;83;1.6;0;;;;
000EW;2025-03-13 06:40:00;4.4;998.8;83;1.8;0;;;;
000EW;2025-03-13 06:50:00;4.3;998.8;83;1.7;0;;;;
000EW;2025-03-13 07:00:00;4.3;998.8;83;1.6;0;;;0;0
000EW;2025-03-13 07:10:00;4.3;998.8;82;1.5;0;;;;
000EW;2025-03-13 07:20:00;4.3;998.9;82;1.5;1.6;;11;;
000EW;2025-03-13 07:30:00;4.4;999;81;1.5;0;;;;
000EW;2025-03-13 07:40:00;4.4;999;81;1.5;0;;;;
000EW;2025-03-13 07:50:00;4.6;999.1;81;1.6;0;;;;
000EW;2025-03-13 08:00:00;4.8;999.1;80;1.7;0;;;0;0
000EW;2025-03-13 08:10:00;5;999.3;79;1.7;0;;;;
000EW;2025-03-13 08:20:00;4.9;999.3;79;1.6;0;;;;
000EW;2025-03-13 08:30:00;5;999.4;78;1.5;0;;;;
000EW;2025-03-13 08:40:00;5.1;999.5;78;1.6;0;;;;
000EW;2025-03-13 08:50:00;5.2;999.5;78;1.7;0;;;;
000EW;2025-03-13 09:00:00;5.3;999.5;77;1.6;0;;;0;0
000EW;2025-03-13 09:10:00;5.4;999.5;77;1.7;0;;;;
000EW;2025-03-13 09:20:00;5.4;999.5;76;1.6;0;;;;
000EW;2025-03-13 09:30:00;5.6;999.4;76;1.7;0;;;;
000EW;2025-03-13 09:40:00;5.7;999.6;75;1.6;0.8;;0;;
000EW;2025-03-13 09:50:00;5.9;999.5;75;1.9;0;;;;
000EW;2025-03-13 10:00:00;6.1;999.6;74;1.8;0;;;0;0
000EW;2025-03-13 10:10:00;6;999.6;74;1.7;0;;;;
000EW;2025-03-13 10:20:00;6.1;999.6;74;1.8;0;;;;
000EW;2025-03-13 10:30:00;6.2;999.7;72;1.6;0;;;;
000EW;2025-03-13 10:40:00;6.5;999.7;72;1.8;0;;;;
000EW;2025-03-13 10:50:00;6.6;999.7;71;1.7;0;;;;
000EW;2025-03-13 11:00:00;6.6;999.8;70;1.5;0;;;0;0
000EW;2025-03-13 11:10:00;6.6;999.8;70;1.5;0;;;;
000EW;2025-03-13 11:20:00;6.7;999.8;69;1.4;0;;;;
000EW;2025-03-13 11:30:00;6.8;999.9;68;1.3;0;;;;
000EW;2025-03-13 11:40:00;7.2;999.9;66;1.2;0;;;;
000EW;2025-03-13 11:50:00;7.4;999.9;63;0.9;0;;;;
000EW;2025-03-13 12:00:00;7.5;999.9;63;0.9;0;;;0;0
000EW;2025-03-13 12:10:00;7.4;999.9;62;0.6;0;;;;
000EW;2025-03-13 12:20:00;7.4;999.7;61;0.4;0;;;;
000EW;2025-03-13 15:50:00;7.2;1000.1;67;1.5;0;;;;
000EW;2025-03-13 16:00:00;7.5;1000.2;65;1.3;0;;;0;0
000EW;2025-03-13 16:10:00;7.7;1000.2;62;0.9;0;;;;
000EW;2025-03-13 16:20:00;8;1000.3;61;0.9;0;;;;
000EW;2025-03-13 16:30:00;7.9;1000.4;60;0.7;0;;;;
000EW;2025-03-13 16:40:00;7.9;1000.3;60;0.6;0;;;;
000EW;2025-03-13 16:50:00;7.8;1000.5;60;0.5;0;;;;
000EW;2025-03-13 17:00:00;7.8;1000.6;60;0.5;0;;;0;0
000EW;2025-03-13 17:10:00;7.7;1000.6;60;0.4;0;;;;
000EW;2025-03-13 17:20:00;7.8;1000.6;60;0.5;0;;;;
000EW;2025-03-13 17:30:00;7.8;1000.7;60;0.5;0;;;;
000EW;2025-03-13 17:40:00;7.7;1000.9;63;1.1;0;;;;
000EW;2025-03-13 17:50:00;7.4;1001.3;67;1.7;0;;;;
000EW;2025-03-13 18:00:00;6.3;1001.7;71;1.4;0.8;;45;0;0.2
000EW;2025-03-13 18:10:00;5.6;1001.9;75;1.5;0;;;;
000EW;2025-03-13 18:20:00;5.4;1001.9;77;1.7;0.8;;45;;
000EW;2025-03-13 18:30:00;5.4;1002;77;1.7;0;;;;
000EW;2025-03-13 18:40:00;5.8;1002.2;78;2.2;0;;;;
000EW;2025-03-13 18:50:00;5.8;1002.2;78;2.2;0;;;;
000EW;2025-03-13 19:00:00;5.7;1002.3;78;2.1;0;;;0;1.6
000EW;2025-03-13 19:10:00;5.6;1002.4;78;2.1;0;;;;
000EW;2025-03-13 19:20:00;5.6;1002.5;77;1.8;0;;;;
000EW;2025-03-13 19:30:00;5.5;1002.6;77;1.8;0;;;;
000EW;2025-03-13 19:40:00;5.4;1002.7;77;1.7;0;;;;
000EW;2025-03-13 19:50:00;5.4;1002.8;78;1.9;0;;;;
000EW;2025-03-13 20:00:00;5.4;1002.9;78;1.9;0;;;0;0.2
000EW;2025-03-13 20:10:00;5.4;1003;78;1.9;0;;;;
000EW;2025-03-13 20:20:00;5.4;1003;78;1.9;0;;;;
000EW;2025-03-13 20:30:00;5.4;1003;78;1.9;0;;;;
000EW;2025-03-13 20:40:00;5.3;1003.1;78;1.8;0;;;;
000EW;2025-03-13 20:50:00;5.4;1003;78;1.9;0;;;;
000EW;2025-03-13 21:00:00;5.4;1003.1;78;1.9;0;;;1.8;0
000EW;2025-03-13 21:10:00;5.4;1003.1;77;1.7;0;;;;
000EW;2025-03-13 21:20:00;5.4;1003.3;77;1.7;0;;;;
000EW;2025-03-13 21:30:00;5.4;1003.3;77;1.7;0;;;;
000EW;2025-03-13 21:40:00;5.3;1003.3;77;1.6;0;;;;
000EW;2025-03-13 21:50:00;5.3;1003.3;77;1.6;0;;;;
000EW;2025-03-13 22:00:00;5.3;1003.3;77;1.6;0;;;0;0
000EW;2025-03-13 22:10:00;5.2;1003.4;77;1.5;0;;;;
000EW;2025-03-13 22:20:00;5.2;1003.4;77;1.5;0;;;;
000EW;2025-03-13 22:30:00;5.2;1003.4;78;1.6;0;;;;
000EW;2025-03-13 22:40:00;5.2;1003.5;78;1.6;0;;;;
000EW;2025-03-13 22:50:00;5.1;1003.6;78;1.5;0;;;;
000EW;2025-03-13 23:00:00;4.9;1003.6;78;1.4;0;;;0;0
000EW;2025-03-13 23:10:00;4.8;1003.7;79;1.5;0;;;;
000EW;2025-03-13 23:20:00;4.8;1003.6;79;1.5;0;;;;
000EW;2025-03-13 23:30:00;4.8;1003.6;79;1.4;0;;;;
000EW;2025-03-13 23:40:00;4.8;1003.6;79;1.4;0;;;;
000EW;2025-03-13 23:50:00;4.7;1003.7;79;1.4;0;;;;
000EW;2025-03-14 00:00:00;4.7;1003.7;79;1.4;0;;;0;0
000EW;2025-03-14 00:10:00;4.7;1003.6;80;1.6;0;;;;
000EW;2025-03-14 00:20:00;4.7;1003.7;80;1.5;0;;;;
000EW;2025-03-14 00:30:00;4.6;1003.8;80;1.5;0;;;;
000EW;2025-03-14 00:40:00;4.5;1003.8;81;1.5;0;;;;
000EW;2025-03-14 00:50:00;4.5;1003.7;81;1.5;0;;;;
000EW;2025-03-14 01:00:00;4.5;1003.7;81;1.5;0;;;0;0
000EW;2025-03-14 01:10:00;4.4;1003.7;81;1.4;0;;;;
000EW;2025-03-14 01:20:00;4.3;1003.8;82;1.5;0;;;;
000EW;2025-03-14 01:30:00;4.2;1003.8;82;1.4;0;;;;
000EW;2025-03-14 01:40:00;4.1;1003.8;83;1.4;0;;;;
000EW;2025-03-14 01:50:00;4;1003.7;83;1.4;0;;;;
000EW;2025-03-14 02:00:00;3.9;1003.7;83;1.3;0;;;0;0
000EW;2025-03-14 02:10:00;3.8;1003.7;84;1.4;0;;;;
000EW;2025-03-14 02:20:00;3.7;1003.8;84;1.3;0;;;;
000EW;2025-03-14 02:30:00;3.7;1003.8;85;1.4;0;;;;
000EW;2025-03-14 02:40:00;3.7;1003.8;85;1.4;0;;;;
000EW;2025-03-14 02:50:00;3.6;1003.8;85;1.3;0;;;;
000EW;2025-03-14 03:00:00;3.6;1003.8;86;1.4;0;;;0;0
000EW;2025-03-14 03:10:00;3.5;1003.7;86;1.4;0;;;;
000EW;2025-03-14 03:20:00;3.4;1003.8;86;1.3;0;;;;
000EW;2025-03-14 03:30:00;3.4;1003.8;86;1.3;0;;;;
000EW;2025-03-14 03:40:00;3.3;1003.9;86;1.2;0;;;;
000EW;2025-03-14 03:50:00;3.2;1003.9;87;1.3;0;;;;
000EW;2025-03-14 04:00:00;3.1;1004;87;1.2;0;;;0;0
000EW;2025-03-14 04:10:00;3.1;1004;87;1.1;0;;;;
000EW;2025-03-14 04:20:00;3.1;1004.1;88;1.3;0;;;;
000EW;2025-03-14 04:30:00;3.1;1004.2;88;1.3;0;;;;
000EW;2025-03-14 04:40:00;3.1;1004.4;88;1.3;0;;;;
000EW;2025-03-14 04:50:00;3.1;1004.4;88;1.3;0;;;;
000EW;2025-03-14 05:00:00;3;1004.5;88;1.2;0;;;0;0
000EW;2025-03-14 05:10:00;3.1;1004.5;88;1.3;0;;;;
000EW;2025-03-14 05:20:00;3.1;1004.6;88;1.3;0;;;;
000EW;2025-03-14 05:30:00;3.1;1004.7;88;1.3;0;;;;
000EW;2025-03-14 05:40:00;3.2;1004.8;88;1.4;0;;;;
000EW;2025-03-14 05:50:00;3.2;1005;88;1.4;0;;;;
000EW;2025-03-14 06:00:00;3.2;1005;88;1.4;0;;;0;0
000EW;2025-03-14 06:10:00;3.2;1005.2;88;1.4;0;;;;
000EW;2025-03-14 06:20:00;3.2;1005.2;88;1.4;0;;;;
000EW;2025-03-14 06:30:00;3.3;1005.4;88;1.5;0;;;;
000EW;2025-03-14 06:40:00;3.4;1005.5;88;1.6;0;;;;
000EW;2025-03-14 06:50:00;3.4;1005.5;87;1.5;0;;;;
000EW;2025-03-14 07:00:00;3.6;1005.5;87;1.6;0;;;0;0
000EW;2025-03-14 07:10:00;3.6;1005.7;86;1.4;0;;;;
000EW;2025-03-14 07:20:00;3.6;1005.7;86;1.4;0;;;;
000EW;2025-03-14 07:30:00;3.7;1005.8;87;1.8;0;;;;
000EW;2025-03-14 07:40:00;3.9;1005.8;86;1.8;0;;;;
000EW;2025-03-14 07:50:00;4.1;1005.9;85;1.8;0;;;;
000EW;2025-03-14 08:00:00;4.3;1005.9;85;2;0;;;0;0
000EW;2025-03-14 08:10:00;4.4;1006.1;84;2;0;;;;
000EW;2025-03-14 08:20:00;4.5;1006.1;84;2;0;;;;
000EW;2025-03-14 08:30:00;4.4;1006.2;84;1.9;0;;;;
000EW;2025-03-14 08:40:00;4.2;1006.3;84;1.8;0;;;;
000EW;2025-03-14 08:50:00;4.4;1006.3;85;2.1;0;;;;
000EW;2025-03-14 09:00:00;4.4;1006.3;84;2;0;;;0;0
000EW;2025-03-14 09:10:00;4.4;1006.3;84;2;1.6;;0;;
000EW;2025-03-14 09:20:00;4.8;1006.5;83;2.1;0;;;;
000EW;2025-03-14 09:30:00;5;1006.5;82;2.2;0;;;;
000EW;2025-03-14 09:40:00;5.2;1006.6;81;2.2;1.6;;0;;
000EW;2025-03-14 09:50:00;5.4;1006.6;80;2.3;0;;;;
000EW;2025-03-14 10:00:00;5.6;1006.7;79;2.2;0;;;0;0
000EW;2025-03-14 10:10:00;5.8;1006.7;78;2.2;0;;;;
000EW;2025-03-14 10:20:00;6;1006.7;77;2.3;0;;;;
000EW;2025-03-14 10:30:00;6.1;1006.8;76;2.1;0;;;;
000EW;2025-03-14 10:40:00;6.2;1006.9;75;2.1;0;;;;
000EW;2025-03-14 10:50:00;6.2;1006.9;75;2.1;0;;;;
000EW;2025-03-14 11:00:00;6.3;1007.1;75;2.2;0;;;0;0
000EW;2025-03-14 11:10:00;6.2;1007.1;74;1.9;0;;;;
000EW;2025-03-14 11:20:00;6.7;1007.2;74;2.4;0.8;;338;;
000EW;2025-03-14 11:30:00;6.7;1007.2;72;2;0;;;;
000EW;2025-03-14 11:40:00;6.8;1007.4;73;2.3;0;;;;
000EW;2025-03-14 11:50:00;6.8;1007.5;72;2.1;0.8;;68;;
000EW;2025-03-14 12:00:00;6.9;1007.5;70;1.8;0;;;0;0
000EW;2025-03-14 12:10:00;6.7;1007.6;69;1.4;0;;;;
000EW;2025-03-14 12:20:00;6.6;1007.6;69;1.3;0;;;;
000EW;2025-03-14 12:30:00;6.5;1007.8;68;1;0;;;;
000EW;2025-03-14 12:40:00;6.7;1007.7;70;1.6;0;;;;
000EW;2025-03-14 12:50:00;7.1;1007.7;69;1.8;0;;;;
000EW;2025-03-14 13:00:00;6.9;1007.7;68;1.4;0;;;0;0
000EW;2025-03-14 13:10:00;7.4;1007.6;66;1.5;0;;;;
000EW;2025-03-14 13:20:00;7.6;1007.6;65;1.4;0;;;;
000EW;2025-03-14 13:30:00;7.3;1007.6;65;1.1;0;;;;
000EW;2025-03-14 13:40:00;7.4;1007.5;64;1.1;0;;;;
000EW;2025-03-14 13:50:00;7.6;1007.5;61;0.5;0;;;;
000EW;2025-03-14 14:00:00;7.6;1007.6;61;0.6;0;;;0;0
000EW;2025-03-14 14:10:00;7.8;1007.7;64;1.4;0;;;;
000EW;2025-03-14 14:20:00;7.4;1007.8;63;0.9;0;;;;
000EW;2025-03-14 14:30:00;7.3;1007.9;64;1;0;;;;
000EW;2025-03-14 14:40:00;7.2;1007.9;65;1.1;0;;;;
000EW;2025-03-14 14:50:00;7.1;1008;65;1;0;;;;
000EW;2025-03-14 15:00:00;6.9;1008.1;66;1;0.8;;0;0;0
000EW;2025-03-14 15:10:00;6.9;1008;67;1.2;0;;;;
000EW;2025-03-14 15:20:00;7;1008.1;66;1.1;0;;;;
000EW;2025-03-14 15:30:00;7.1;1008.1;65;1;0;;;;
000EW;2025-03-14 15:40:00;7.4;1008.2;63;0.8;0;;;;
000EW;2025-03-14 15:50:00;7.8;1008.2;62;1;0;;;;
000EW;2025-03-14 16:00:00;7.7;1008.2;61;0.6;0;;;0;0
000EW;2025-03-14 16:10:00;7.4;1008.3;62;0.6;0;;;;
000EW;2025-03-14 16:20:00;7.4;1008.3;61;0.4;0;;;;
000EW;2025-03-14 16:30:00;7.4;1008.4;61;0.4;0;;;;
000EW;2025-03-14 16:40:00;7.3;1008.5;59;-0.1;0;;;;
000EW;2025-03-14 16:50:00;7.3;1008.5;59;-0.1;0;;;;
000EW;2025-03-14 17:00:00;7.4;1008.7;59;-0.1;0;;;0;0
000EW;2025-03-14 17:10:00;7.3;1008.7;59;-0.1;0;;;;
000EW;2025-03-14 17:20:00;7.3;1008.9;60;0;0;;;;
000EW;2025-03-14 17:30:00;7.2;1008.9;59;-0.3;0;;;;
000EW;2025-03-14 17:40:00;7.2;1009;59;-0.3;0;;;;
000EW;2025-03-14 17:50:00;7.1;1009.1;58;-0.6;0;;;;
000EW;2025-03-14 18:00:00;7.1;1009.2;58;-0.6;0;;;0;0
000EW;2025-03-14 18:10:00;7.1;1009.4;58;-0.6;0;;;;
000EW;2025-03-14 18:20:00;7;1009.4;59;-0.5;0;;;;
000EW;2025-03-14 18:30:00;7;1009.7;59;-0.5;0;;;;
000EW;2025-03-14 18:40:00;6.9;1009.8;59;-0.5;0;;;;
000EW;2025-03-14 18:50:00;6.9;1009.9;59;-0.6;0;;;;
000EW;2025-03-14 19:00:00;6.8;1010;60;-0.4;0;;;0;0
000EW;2025-03-14 19:10:00;6.7;1010.1;60;-0.5;0;;;;
000EW;2025-03-14 19:20:00;6.6;1010.3;60;-0.6;0;;;;
000EW;2025-03-14 19:30:00;6.6;1010.4;60;-0.6;0;;;;
000EW;2025-03-14 19:40:00;6.4;1010.6;59;-1;0;;;;
000EW;2025-03-14 19:50:00;6.4;1010.7;59;-1;0;;;;
000EW;2025-03-14 20:00:00;6.3;1010.8;59;-1.1;0;;;0;0
000EW;2025-03-14 20:10:00;6.2;1010.9;60;-1;0;;;;
000EW;2025-03-14 20:20:00;6.1;1010.9;60;-1.1;0;;;;
000EW;2025-03-14 20:30:00;6.1;1011;60;-1.1;0;;;;
000EW;2025-03-14 20:40:00;5.9;1011.1;60;-1.3;0;;;;
000EW;2025-03-14 20:50:00;5.7;1011.2;61;-1.2;0;;;;
000EW;2025-03-14 21:00:00;5.6;1011.4;61;-1.3;0;;;0;0
000EW;2025-03-14 21:10:00;5.5;1011.4;61;-1.4;0;;;;
000EW;2025-03-14 21:20:00;5.4;1011.5;60;-1.7;0;;;;
000EW;2025-03-14 21:30:00;5.3;1011.6;61;-1.6;0;;;;
000EW;2025-03-14 21:40:00;5.1;1011.6;61;-1.8;0;;;;
000EW;2025-03-14 21:50:00;5.1;1011.8;61;-1.8;0;;;;
000EW;2025-03-14 22:00:00;4.9;1011.8;61;-1.9;0;;;0;0
000EW;2025-03-14 22:10:00;4.8;1011.8;62;-1.9;0;;;;
000EW;2025-03-14 22:20:00;4.6;1011.8;63;-1.9;0;;;;
000EW;2025-03-14 22:30:00;4.5;1011.8;63;-1.9;0;;;;
000EW;2025-03-14 22:40:00;4.4;1011.9;64;-1.8;0;;;;
000EW;2025-03-14 22:50:00;4.4;1012;64;-1.8;0;;;;
000EW;2025-03-14 23:00:00;4.3;1012;65;-1.7;0.8;;23;0;0
000EW;2025-03-14 23:10:00;4.2;1012.1;66;-1.6;0;;;;
000EW;2025-03-14 23:20:00;4.1;1012.2;67;-1.5;0;;;;
000EW;2025-03-14 23:30:00;4;1012.2;67;-1.6;0;;;;
000EW;2025-03-14 23:40:00;3.9;1012.2;67;-1.6;0;;;;
000EW;2025-03-14 23:50:00;3.8;1012.1;68;-1.5;0;;;;
000EW;2025-03-15 00:00:00;3.7;1012.2;68;-1.6;0;;;0;0
000EW;2025-03-15 00:10:00;3.6;1012.2;69;-1.5;0;;;;
000EW;2025-03-15 00:20:00;3.6;1012.3;69;-1.5;0;;;;
000EW;2025-03-15 00:30:00;3.6;1012.2;69;-1.6;0;;;;
000EW;2025-03-15 00:40:00;3.6;1012.2;69;-1.6;1.6;;0;;
000EW;2025-03-15 00:50:00;3.6;1012.2;69;-1.6;0;;;;
000EW;2025-03-15 01:00:00;3.6;1012.2;70;-1.3;0.8;;0;0;0
000EW;2025-03-15 01:10:00;3.6;1012.3;69;-1.6;0;;;;
000EW;2025-03-15 01:20:00;3.4;1012.3;70;-1.5;0;;;;
000EW;2025-03-15 01:30:00;3.3;1012.3;70;-1.6;0;;;;
000EW;2025-03-15 01:40:00;3.3;1012.4;71;-1.4;3.2;;11;;
000EW;2025-03-15 01:50:00;3.2;1012.3;71;-1.5;0.8;;68;;
000EW;2025-03-15 02:00:00;3.2;1012.2;72;-1.4;0.8;;338;0;0
000EW;2025-03-15 02:10:00;3.1;1012.3;72;-1.4;0;;;;
000EW;2025-03-15 02:20:00;3.1;1012.2;72;-1.4;0;;;;
000EW;2025-03-15 02:30:00;3;1012.2;73;-1.4;0;;;;
000EW;2025-03-15 02:40:00;3;1012.3;73;-1.4;0;;;;
000EW;2025-03-15 02:50:00;2.9;1012.3;73;-1.4;0.8;;0;;
000EW;2025-03-15 03:00:00;2.9;1012.4;73;-1.4;0;;;0;0
000EW;2025-03-15 03:10:00;3;1012.4;74;-1.2;4;;11;;
000EW;2025-03-15 03:20:00;3;1012.3;74;-1.2;0.8;;45;;
000EW;2025-03-15 03:30:00;2.9;1012.5;75;-1;2.4;;11;;
000EW;2025-03-15 03:40:00;2.8;1012.6;76;-1;0.8;;338;;
000EW;2025-03-15 03:50:00;2.8;1012.4;76;-1;0;;;;
000EW;2025-03-15 04:00:00;2.8;1012.5;76;-1;1.6;;23;0;0
000EW;2025-03-15 04:10:00;2.7;1012.6;77;-0.9;0;;;;
000EW;2025-03-15 04:20:00;2.6;1012.7;77;-1.1;2.4;;11;;
000EW;2025-03-15 04:30:00;2.4;1012.8;77;-1.2;0;;;;
000EW;2025-03-15 04:40:00;2.4;1012.9;77;-1.2;0.8;;0;;
000EW;2025-03-15 04:50:00;2.3;1013;77;-1.3;0.8;;23;;
000EW;2025-03-15 05:00:00;2.2;1013.1;78;-1.2;0.8;;23;0;0
000EW;2025-03-15 05:10:00;2.2;1013.1;78;-1.3;0.8;;23;;
000EW;2025-03-15 05:20:00;2.1;1013.2;78;-1.3;1.6;;23;;
000EW;2025-03-15 05:30:00;2.1;1013.3;78;-1.4;0;;;;
000EW;2025-03-15 05:40:00;2.1;1013.4;78;-1.4;0;;;;
000EW;2025-03-15 05:50:00;2.1;1013.5;78;-1.4;0;;;;
000EW;2025-03-15 06:00:00;1.9;1013.6;78;-1.5;0.8;;0;0;0
000EW;2025-03-15 06:10:00;1.9;1013.7;79;-1.4;0;;;;
000EW;2025-03-15 06:20:00;1.9;1013.9;79;-1.4;0;;;;
000EW;2025-03-15 06:30:00;1.9;1014;79;-1.4;1.6;;0;;
000EW;2025-03-15 06:40:00;1.9;1013.9;79;-1.3;0;;;;
000EW;2025-03-15 06:50:00;2;1014.1;79;-1.3;1.6;;0;;
000EW;2025-03-15 07:00:00;2.1;1014.1;79;-1.1;0.8;;45;0;0
000EW;2025-03-15 07:10:00;2.1;1014.2;78;-1.3;0;;;;
000EW;2025-03-15 07:20:00;2.2;1014.3;78;-1.3;0.8;;23;;
000EW;2025-03-15 07:30:00;2.2;1014.3;78;-1.3;1.6;;0;;
000EW;2025-03-15 07:40:00;2.1;1014.4;78;-1.3;0;;;;
000EW;2025-03-15 07:50:00;2.2;1014.5;78;-1.3;0.8;;23;;
000EW;2025-03-15 08:00:00;2.2;1014.6;78;-1.3;0.8;;23;0;0
000EW;2025-03-15 08:10:00;2.2;1014.6;78;-1.2;0;;;;
000EW;2025-03-15 08:20:00;2.3;1014.6;77;-1.3;1.6;;23;;
000EW;2025-03-15 08:30:00;2.6;1014.6;77;-1.1;0;;;;
000EW;2025-03-15 08:40:00;2.8;1014.7;76;-1;1.6;;11;;
000EW;2025-03-15 08:50:00;3;1014.8;75;-1;0.8;;45;;
000EW;2025-03-15 09:00:00;3.2;1014.9;74;-1;0.8;;0;0;0
000EW;2025-03-15 09:10:00;3.5;1014.9;74;-0.7;2.4;;23;;
000EW;2025-03-15 09:20:00;3.7;1014.9;72;-0.9;0;;;;
000EW;2025-03-15 09:30:00;3.9;1014.9;72;-0.7;3.2;;0;;
000EW;2025-03-15 09:40:00;4.1;1014.9;71;-0.7;0.8;;0;;
000EW;2025-03-15 09:50:00;4.2;1015;71;-0.6;0.8;;23;;
000EW;2025-03-15 10:00:00;4.3;1014.9;70;-0.7;0.8;;23;0;0
000EW;2025-03-15 10:10:00;4.6;1014.8;70;-0.4;0.8;;0;;
000EW;2025-03-15 10:20:00;4.6;1014.9;70;-0.4;0;;;;
000EW;2025-03-15 10:30:00;4.9;1014.9;69;-0.3;0.8;;0;;
000EW;2025-03-15 10:40:00;5.2;1014.9;69;-0.1;1.6;;0;;
000EW;2025-03-15 10:50:00;5.8;1014.9;67;0.1;0.8;;0;;
000EW;2025-03-15 11:00:00;5.9;1014.8;67;0.3;0.8;;0;0;0
000EW;2025-03-15 11:10:00;5.9;1014.8;66;0;0;;;;
000EW;2025-03-15 11:20:00;6.2;1014.6;66;0.3;0;;;;
000EW;2025-03-15 11:30:00;6.6;1014.6;64;0.3;0;;;;
000EW;2025-03-15 11:40:00;6.8;1014.5;63;0.2;0;;;;
000EW;2025-03-15 11:50:00;7.1;1014.6;63;0.5;0.8;;0;;
000EW;2025-03-15 12:00:00;7.2;1014.6;62;0.4;0.8;;23;0;0
000EW;2025-03-15 12:10:00;7.2;1014.5;62;0.4;0;;;;
000EW;2025-03-15 12:20:00;7.6;1014.4;61;0.5;0.8;;0;;
000EW;2025-03-15 12:30:00;7.8;1014.3;60;0.5;0.8;;23;;
000EW;2025-03-15 12:40:00;7.9;1014.3;58;0.2;1.6;;0;;
000EW;2025-03-15 12:50:00;8.2;1014.2;57;0.2;3.2;;0;;
000EW;2025-03-15 13:00:00;8.2;1014;55;-0.3;4;;11;0;0
000EW;2025-03-15 13:10:00;8.4;1014.1;54;-0.4;3.2;;11;;
000EW;2025-03-15 13:20:00;8.5;1013.9;55;-0;3.2;;23;;
000EW;2025-03-15 13:30:00;8.8;1013.8;51;-0.7;2.4;;11;;
000EW;2025-03-15 13:40:00;8.8;1013.7;50;-1;1.6;;349;;
000EW;2025-03-15 13:50:00;8.9;1013.7;50;-0.9;3.2;;0;;
000EW;2025-03-15 14:00:00;8.9;1013.6;51;-0.6;3.2;;360;0;0
000EW;2025-03-15 14:10:00;8.9;1013.6;50;-0.9;4;;45;;
000EW;2025-03-15 14:20:00;8.9;1013.7;48;-1.5;8.9;;23;;
000EW;2025-03-15 14:30:00;9.1;1013.6;51;-0.5;7.2;;0;;
000EW;2025-03-15 14:40:00;8.7;1013.7;51;-0.9;10.5;;0;;
000EW;2025-03-15 14:50:00;8.6;1013.7;52;-0.7;8.9;;0;;
000EW;2025-03-15 15:00:00;8.6;1013.9;52;-0.7;8.9;;11;0;0
000EW;2025-03-15 15:10:00;8.6;1013.6;51;-1;13.7;;0;;
000EW;2025-03-15 15:20:00;8.6;1013.7;51;-1;8.9;;11;;
000EW;2025-03-15 15:30:00;8.4;1013.8;53;-0.6;10.5;;11;;
000EW;2025-03-15 15:40:00;8.4;1013.7;53;-0.6;8;;23;;
000EW;2025-03-15 15:50:00;8.4;1013.9;52;-0.8;7.2;;34;;
000EW;2025-03-15 16:00:00;8.4;1014;49;-1.7;8;;0;0;0
000EW;2025-03-15 16:10:00;8.3;1014;49;-1.8;13.7;;0;;
000EW;2025-03-15 16:20:00;8.2;1014.3;49;-1.9;11.3;;0;;
000EW;2025-03-15 16:30:00;8.1;1014.2;51;-1.4;16.1;;0;;
000EW;2025-03-15 16:40:00;8;1014.3;51;-1.5;7.2;;0;;
000EW;2025-03-15 16:50:00;7.9;1014.4;52;-1.4;13.7;;0;;
000EW;2025-03-15 17:00:00;7.9;1014.5;52;-1.4;10.5;;0;0;0
000EW;2025-03-15 17:10:00;7.7;1014.6;53;-1.3;4;;11;;
000EW;2025-03-15 17:20:00;7.7;1014.6;54;-1;7.2;;0;;
000EW;2025-03-15 17:30:00;7.6;1014.8;54;-1.1;10.5;;0;;
000EW;2025-03-15 17:40:00;7.6;1014.9;55;-0.9;10.5;;0;;
000EW;2025-03-15 17:50:00;7.6;1015;56;-0.7;12.1;;0;;
000EW;2025-03-15 18:00:00;7.4;1015.1;56;-0.8;10.5;;0;0;0
000EW;2025-03-15 18:10:00;7.4;1015.3;56;-0.8;5.6;;0;;
000EW;2025-03-15 18:20:00;7.4;1015.3;57;-0.6;1.6;;23;;
000EW;2025-03-15 18:30:00;7.3;1015.3;57;-0.6;2.4;;349;;
000EW;2025-03-15 18:40:00;7.3;1015.4;57;-0.7;3.2;;45;;
000EW;2025-03-15 18:50:00;7.2;1015.5;57;-0.7;7.2;;11;;
000EW;2025-03-15 19:00:00;7.2;1015.7;58;-0.5;8;;11;0;0
000EW;2025-03-15 19:10:00;7.1;1015.8;59;-0.4;16.1;;0;;
000EW;2025-03-15 19:20:00;7;1015.8;59;-0.5;6.4;;0;;
000EW;2025-03-15 19:30:00;7;1015.9;59;-0.5;3.2;;11;;
000EW;2025-03-15 19:40:00;6.9;1016;59;-0.5;1.6;;45;;
000EW;2025-03-15 19:50:00;7;1016;59;-0.5;6.4;;0;;
000EW;2025-03-15 20:00:00;7;1015.9;58;-0.7;1.6;;11;0;0
000EW;2025-03-15 20:10:00;7.1;1016;58;-0.6;0;;;;
000EW;2025-03-15 20:20:00;7.1;1016;58;-0.6;1.6;;0;;
000EW;2025-03-15 20:30:00;7;1016;58;-0.7;1.6;;0;;
000EW;2025-03-15 20:40:00;7;1015.9;58;-0.7;0;;;;
000EW;2025-03-15 20:50:00;6.9;1015.9;58;-0.7;1.6;;23;;
000EW;2025-03-15 21:00:00;6.9;1016;58;-0.8;1.6;;23;0;0
000EW;2025-03-15 21:10:00;6.8;1016;59;-0.6;0.8;;0;;
000EW;2025-03-15 21:20:00;6.8;1016.1;59;-0.7;0;;;;
000EW;2025-03-15 21:30:00;6.7;1016.1;59;-0.7;0.8;;0;;
000EW;2025-03-15 21:40:00;6.7;1016.1;59;-0.8;2.4;;23;;
000EW;2025-03-15 21:50:00;6.6;1016.1;60;-0.6;1.6;;45;;
000EW;2025-03-15 22:00:00;6.4;1016;60;-0.8;0.8;;0;0;0
000EW;2025-03-15 22:10:00;6.4;1016.1;60;-0.8;0.8;;338;;
000EW;2025-03-15 22:20:00;6.3;1016;61;-0.6;0.8;;0;;
000EW;2025-03-15 22:30:00;6.2;1016.1;61;-0.7;1.6;;11;;
000EW;2025-03-15 22:40:00;6.2;1016.1;61;-0.8;2.4;;0;;
000EW;2025-03-15 22:50:00;6.1;1016.1;62;-0.7;1.6;;0;;
000EW;2025-03-15 23:00:00;5.9;1016.1;62;-0.8;0.8;;0;0;0
000EW;2025-03-15 23:10:00;5.8;1016;63;-0.7;2.4;;0;;
000EW;2025-03-15 23:20:00;5.8;1016.1;63;-0.7;0;;;;
000EW;2025-03-15 23:30:00;5.7;1016;64;-0.6;1.6;;23;;
000EW;2025-03-15 23:40:00;5.6;1016.1;64;-0.7;4;;0;;
000EW;2025-03-15 23:50:00;5.5;1016.1;65;-0.6;1.6;;45;;
000EW;2025-03-16 00:00:00;5.4;1016;66;-0.4;0.8;;0;0;0
000EW;2025-03-16 00:10:00;5.3;1016;66;-0.5;1.6;;0;;
000EW;2025-03-16 00:20:00;5.2;1016.1;66;-0.6;0;;;;
000EW;2025-03-16 00:30:00;5.1;1016;67;-0.5;0;;;;
000EW;2025-03-16 00:40:00;5.1;1016;67;-0.6;0.8;;0;;
000EW;2025-03-16 00:50:00;5;1016.1;68;-0.4;0;;;;
000EW;2025-03-16 01:00:00;4.9;1016.1;68;-0.5;0;;;0;0
000EW;2025-03-16 01:10:00;4.8;1016.1;68;-0.6;0;;;;
000EW;2025-03-16 01:20:00;4.8;1016.1;69;-0.4;0;;;;
000EW;2025-03-16 01:30:00;4.8;1016;69;-0.4;0.8;;0;;
000EW;2025-03-16 01:40:00;4.7;1016;69;-0.5;0;;;;
000EW;2025-03-16 01:50:00;4.6;1016;70;-0.4;0;;;;
000EW;2025-03-16 02:00:00;4.5;1015.8;70;-0.5;0;;;0;0
000EW;2025-03-16 02:10:00;4.4;1015.9;71;-0.4;0;;;;
000EW;2025-03-16 02:20:00;4.4;1015.9;71;-0.4;0;;;;
000EW;2025-03-16 02:30:00;4.3;1015.8;71;-0.5;0;;;;
000EW;2025-03-16 02:40:00;4.3;1015.9;72;-0.3;0;;;;
000EW;2025-03-16 02:50:00;4.2;1016;72;-0.4;0;;;;
000EW;2025-03-16 03:00:00;4;1015.9;73;-0.4;0;;;0;0
000EW;2025-03-16 03:10:00;3.8;1016;73;-0.6;0;;;;
000EW;2025-03-16 03:20:00;3.8;1016;74;-0.4;0.8;;0;;
000EW;2025-03-16 03:30:00;3.8;1016;74;-0.4;0;;;;
000EW;2025-03-16 03:40:00;3.7;1016;74;-0.5;0;;;;
000EW;2025-03-16 03:50:00;3.7;1016.2;75;-0.3;1.6;;0;;
000EW;2025-03-16 04:00:00;3.8;1016.1;75;-0.2;0;;;0;0
000EW;2025-03-16 04:10:00;3.8;1016.1;75;-0.2;0;;;;
000EW;2025-03-16 04:20:00;3.8;1016.1;75;-0.2;0;;;;
000EW;2025-03-16 04:30:00;3.8;1016.3;75;-0.2;0;;;;
000EW;2025-03-16 04:40:00;3.9;1016.3;76;0;0;;;;
000EW;2025-03-16 04:50:00;3.9;1016.3;76;0;0;;;;
000EW;2025-03-16 05:00:00;3.9;1016.5;76;0.1;0;;;0;0
000EW;2025-03-16 05:10:00;3.9;1016.4;76;0.1;0;;;;
000EW;2025-03-16 05:20:00;3.9;1016.5;76;0.1;0;;;;
000EW;2025-03-16 05:30:00;4;1016.5;76;0.2;3.2;;0;;
000EW;2025-03-16 05:40:00;4;1016.5;76;0.2;0.8;;0;;
000EW;2025-03-16 05:50:00;4;1016.6;76;0.2;1.6;;0;;
000EW;2025-03-16 06:00:00;4.1;1016.6;76;0.2;0;;;0;0
000EW;2025-03-16 06:10:00;4.1;1016.7;76;0.2;0;;;;
000EW;2025-03-16 06:20:00;4.1;1016.7;76;0.3;0;;;;
000EW;2025-03-16 06:30:00;4.1;1016.7;76;0.3;0;;;;
000EW;2025-03-16 06:40:00;4.1;1016.8;77;0.4;1.6;;0;;
000EW;2025-03-16 06:50:00;4.1;1016.8;77;0.4;0;;;;
000EW;2025-03-16 07:00:00;4.2;1016.9;77;0.5;1.6;;338;0;0
000EW;2025-03-16 07:10:00;4.2;1017;76;0.3;0.8;;0;;
000EW;2025-03-16 07:20:00;4.2;1017.2;76;0.4;0;;;;
000EW;2025-03-16 07:30:00;4.3;1017.4;76;0.4;0;;;;
000EW;2025-03-16 07:40:00;4.3;1017.4;76;0.5;0;;;;
000EW;2025-03-16 07:50:00;4.4;1017.4;76;0.5;0;;;;
000EW;2025-03-16 08:00:00;4.4;1017.6;76;0.5;0;;;0;0
000EW;2025-03-16 08:10:00;4.4;1017.6;75;0.4;0.8;;0;;
000EW;2025-03-16 08:20:00;4.5;1017.7;75;0.5;0;;;;
000EW;2025-03-16 08:30:00;4.5;1017.6;75;0.5;0;;;;
000EW;2025-03-16 08:40:00;4.6;1017.6;75;0.6;0.8;;45;;
000EW;2025-03-16 08:50:00;4.7;1017.8;75;0.7;1.6;;0;;
000EW;2025-03-16 09:00:00;4.8;1017.8;75;0.8;0;;;0;0
000EW;2025-03-16 09:10:00;5.1;1017.9;74;0.9;0;;;;
000EW;2025-03-16 09:20:00;5.1;1017.9;74;0.8;0;;;;
000EW;2025-03-16 09:30:00;5.3;1018.2;73;0.8;0;;;;
000EW;2025-03-16 09:40:00;5.3;1018.1;73;0.9;0.8;;45;;
000EW;2025-03-16 09:50:00;5.6;1018.1;72;0.9;0;;;;
000EW;2025-03-16 10:00:00;5.7;1018;72;1.1;0.8;;338;0;0
000EW;2025-03-16 10:10:00;6.3;1018;71;1.4;0.8;;0;;
000EW;2025-03-16 10:20:00;6.5;1018.1;70;1.4;0;;;;
000EW;2025-03-16 10:30:00;6.6;1018.1;70;1.5;0.8;;0;;
000EW;2025-03-16 10:40:00;7.1;1018.1;69;1.8;0;;;;
000EW;2025-03-16 10:50:00;7.3;1018.2;67;1.6;0;;;;
000EW;2025-03-16 11:00:00;7.7;1018.1;66;1.8;0;;;0;0
000EW;2025-03-16 11:10:00;7.7;1018.1;66;1.8;0;;;;
000EW;2025-03-16 11:20:00;8.1;1018.1;65;1.9;0;;;;
000EW;2025-03-16 11:30:00;8.3;1018.3;64;1.9;0;;;;
000EW;2025-03-16 11:40:00;8.2;1018.3;64;1.8;0;;;;
000EW;2025-03-16 11:50:00;8.3;1018.2;64;1.9;0.8;;0;;
000EW;2025-03-16 12:00:00;8.7;1018.2;63;2;0;;;0;0
000EW;2025-03-16 12:10:00;8.8;1018.2;62;1.9;0;;;;
000EW;2025-03-16 12:20:00;9.1;1018.2;61;1.9;0;;;;
000EW;2025-03-16 12:30:00;9.2;1018.3;61;2;0;;;;
000EW;2025-03-16 12:40:00;9.3;1018.2;61;2.1;0;;;;
000EW;2025-03-16 12:50:00;9.4;1018;60;2.1;0;;;;
000EW;2025-03-16 13:00:00;9.6;1018;59;1.9;0;;;0;0
000EW;2025-03-16 13:10:00;9.8;1018.1;59;2.1;0;;;;
000EW;2025-03-16 13:20:00;10.2;1017.9;58;2.3;0;;;;
000EW;2025-03-16 13:30:00;10.3;1017.8;57;2.2;0;;;;
000EW;2025-03-16 13:40:00;10.6;1017.9;55;1.9;0;;;;
000EW;2025-03-16 13:50:00;10.8;1017.8;54;1.9;0;;;;
000EW;2025-03-16 14:00:00;10.7;1017.8;54;1.7;0;;;0;0
000EW;2025-03-16 14:10:00;10.7;1017.9;54;1.7;0.8;;0;;
000EW;2025-03-16 14:20:00;10.6;1017.9;55;1.9;0;;;;
000EW;2025-03-16 14:30:00;10.6;1017.9;56;2.1;3.2;;23;;
000EW;2025-03-16 14:40:00;10.8;1017.9;55;2.2;0;;;;
000EW;2025-03-16 14:50:00;11;1018;54;2;0;;;;
000EW;2025-03-16 15:00:00;11;1018;53;1.8;0;;;0;0
000EW;2025-03-16 15:10:00;11.3;1018;52;1.8;0;;;;
000EW;2025-03-16 15:20:00;11.2;1017.9;53;1.9;0.8;;0;;
000EW;2025-03-16 15:30:00;11.2;1017.9;53;1.9;0.8;;23;;
000EW;2025-03-16 15:40:00;11.2;1018.1;53;1.9;0;;;;
000EW;2025-03-16 15:50:00;11.1;1018;53;1.9;0.8;;23;;
000EW;2025-03-16 16:00:00;11.2;1018.1;53;1.9;0;;;0;0
000EW;2025-03-16 16:10:00;11.1;1018.2;52;1.6;0;;;;
000EW;2025-03-16 16:20:00;11.2;1018.1;52;1.7;0;;;;
000EW;2025-03-16 16:30:00;11.2;1018.2;51;1.4;0;;;;
000EW;2025-03-16 16:40:00;11.2;1018.3;51;1.4;1.6;;45;;
000EW;2025-03-16 16:50:00;11.2;1018.3;51;1.5;0;;;;
000EW;2025-03-16 17:00:00;11.2;1018.5;51;1.5;0;;;0;0
000EW;2025-03-16 17:10:00;11.2;1018.5;51;1.5;0;;;;
000EW;2025-03-16 17:20:00;11.2;1018.7;51;1.5;0;;;;
000EW;2025-03-16 17:30:00;11.2;1018.8;51;1.4;0;;;;
000EW;2025-03-16 17:40:00;11.2;1018.8;51;1.4;0;;;;
000EW;2025-03-16 17:50:00;11.1;1018.9;51;1.3;0;;;;
000EW;2025-03-16 18:00:00;11.1;1019.1;51;1.3;0;;;0;0
000EW;2025-03-16 18:10:00;10.9;1019.2;51;1.2;0;;;;
000EW;2025-03-16 18:20:00;10.8;1019.5;51;1.1;0;;;;
000EW;2025-03-16 18:30:00;10.7;1019.6;52;1.3;0;;;;
000EW;2025-03-16 18:40:00;10.6;1019.7;51;0.8;1.6;;0;;
000EW;2025-03-16 18:50:00;10.3;1020;52;0.9;0.8;;0;;
000EW;2025-03-16 19:00:00;10.2;1020.1;53;1;0;;;0;0
000EW;2025-03-16 19:10:00;10;1020.3;53;0.9;0;;;;
000EW;2025-03-16 19:20:00;9.9;1020.4;53;0.8;0.8;;0;;
000EW;2025-03-16 19:30:00;9.7;1020.6;54;0.9;0;;;;
000EW;2025-03-16 19:40:00;9.6;1020.8;54;0.7;0;;;;
000EW;2025-03-16 19:50:00;9.4;1020.9;54;0.6;0;;;;
000EW;2025-03-16 20:00:00;9.2;1021;55;0.7;0;;;0;0
000EW;2025-03-16 20:10:00;9;1021.1;56;0.7;0;;;;
000EW;2025-03-16 20:20:00;8.8;1021.2;56;0.5;0;;;;
000EW;2025-03-16 20:30:00;8.7;1021.3;57;0.7;0;;;;
000EW;2025-03-16 20:40:00;8.6;1021.3;57;0.5;0;;;;
000EW;2025-03-16 20:50:00;8.4;1021.3;58;0.7;0;;;;
000EW;2025-03-16 21:00:00;8.3;1021.4;58;0.5;2.4;;349;0;0
000EW;2025-03-16 21:10:00;8.2;1021.4;59;0.6;1.6;;0;;
000EW;2025-03-16 21:20:00;8.1;1021.5;59;0.5;0;;;;
000EW;2025-03-16 21:30:00;7.9;1021.6;59;0.4;0.8;;0;;
000EW;2025-03-16 21:40:00;7.8;1021.6;60;0.5;0.8;;338;;
000EW;2025-03-16 21:50:00;7.7;1021.8;60;0.4;0;;;;
000EW;2025-03-16 22:00:00;7.6;1021.8;60;0.3;0.8;;0;0;0
000EW;2025-03-16 22:10:00;7.4;1021.9;61;0.4;0;;;;
000EW;2025-03-16 22:20:00;7.4;1022;61;0.4;0.8;;45;;
000EW;2025-03-16 22:30:00;7.3;1022.1;61;0.3;0;;;;
000EW;2025-03-16 22:40:00;7.2;1022.2;61;0.2;0;;;;
000EW;2025-03-16 22:50:00;7.1;1022.2;61;0.1;0;;;;
000EW;2025-03-16 23:00:00;7.1;1022.2;61;0;3.2;;0;0;0
000EW;2025-03-16 23:10:00;6.9;1022.2;61;-0.1;0;;;;
000EW;2025-03-16 23:20:00;6.7;1022.3;63;0.1;0;;;;
000EW;2025-03-16 23:30:00;6.4;1022.3;64;0.1;0;;;;
000EW;2025-03-16 23:40:00;6.3;1022.4;64;0;0;;;;
000EW;2025-03-16 23:50:00;6.3;1022.4;65;0.2;0;;;;
000EW;2025-03-17 00:00:00;6.2;1022.5;65;0.1;0;;;0;0
000EW;2025-03-17 00:10:00;6.1;1022.5;65;-0;0;;;;
000EW;2025-03-17 00:20:00;5.9;1022.5;65;-0.1;0;;;;
000EW;2025-03-17 00:30:00;5.8;1022.6;66;-0;0;;;;
000EW;2025-03-17 00:40:00;5.7;1022.5;66;-0.2;0;;;;
000EW;2025-03-17 00:50:00;5.5;1022.7;67;-0.1;0;;;;
000EW;2025-03-17 01:00:00;5.4;1022.7;67;-0.2;0;;;0;0
000EW;2025-03-17 01:10:00;5.3;1022.7;68;-0.1;0;;;;
000EW;2025-03-17 01:20:00;5.2;1022.8;68;-0.2;0;;;;
000EW;2025-03-17 01:30:00;5.1;1022.9;68;-0.3;0;;;;
000EW;2025-03-17 01:40:00;5;1022.8;68;-0.4;0;;;;
000EW;2025-03-17 01:50:00;4.9;1022.7;68;-0.5;0;;;;
000EW;2025-03-17 02:00:00;4.8;1022.7;68;-0.6;0;;;0;0
000EW;2025-03-17 02:10:00;4.7;1022.7;68;-0.7;0;;;;
000EW;2025-03-17 02:20:00;4.6;1022.7;69;-0.6;0.8;;0;;
000EW;2025-03-17 02:30:00;4.4;1022.7;69;-0.8;0;;;;
000EW;2025-03-17 02:40:00;4.3;1022.6;70;-0.7;0;;;;
000EW;2025-03-17 02:50:00;4.2;1022.6;70;-0.8;0;;;;
000EW;2025-03-17 03:00:00;4.1;1022.7;70;-0.9;0;;;0;0
000EW;2025-03-17 03:10:00;4;1022.6;71;-0.8;0;;;;
000EW;2025-03-17 03:20:00;3.9;1022.6;71;-0.8;0;;;;
000EW;2025-03-17 03:30:00;3.9;1022.7;71;-0.9;0;;;;
000EW;2025-03-17 03:40:00;3.8;1022.8;71;-0.9;0;;;;
000EW;2025-03-17 03:50:00;3.8;1022.8;71;-1;0;;;;
000EW;2025-03-17 04:00:00;3.7;1022.8;71;-1;0;;;0;0
000EW;2025-03-17 04:10:00;3.7;1022.7;71;-1.1;0;;;;
000EW;2025-03-17 04:20:00;3.7;1022.8;71;-1.1;0.8;;0;;
000EW;2025-03-17 04:30:00;3.6;1022.7;71;-1.2;0;;;;
000EW;2025-03-17 04:40:00;3.6;1022.7;71;-1.2;0;;;;
000EW;2025-03-17 04:50:00;3.5;1022.7;71;-1.3;0;;;;
000EW;2025-03-17 05:00:00;3.4;1022.7;71;-1.3;0;;;0;0
000EW;2025-03-17 05:10:00;3.4;1022.8;71;-1.3;0;;;;
000EW;2025-03-17 05:20:00;3.4;1023;71;-1.4;0;;;;
000EW;2025-03-17 05:30:00;3.3;1023;71;-1.4;0;;;;
000EW;2025-03-17 05:40:00;3.3;1023;71;-1.4;0;;;;
000EW;2025-03-17 05:50:00;3.3;1022.9;71;-1.5;0;;;;
000EW;2025-03-17 06:00:00;3.3;1022.9;71;-1.5;0;;;0;0
000EW;2025-03-17 06:10:00;3.3;1023;71;-1.5;0;;;;
000EW;2025-03-17 06:20:00;3.3;1023;71;-1.5;0;;;;
000EW;2025-03-17 06:30:00;3.3;1023.1;70;-1.7;0;;;;
000EW;2025-03-17 06:40:00;3.3;1023.2;71;-1.5;0;;;;
000EW;2025-03-17 06:50:00;3.3;1023.4;71;-1.5;0;;;;
000EW;2025-03-17 07:00:00;3.2;1023.4;72;-1.4;0.8;;0;0;0
000EW;2025-03-17 07:10:00;3.2;1023.4;72;-1.3;0.8;;0;;
000EW;2025-03-17 07:20:00;3.3;1023.4;71;-1.4;0;;;;
000EW;2025-03-17 07:30:00;3.6;1023.6;70;-1.4;0;;;;
000EW;2025-03-17 07:40:00;3.9;1023.7;69;-1.2;0;;;;
000EW;2025-03-17 07:50:00;4.2;1023.7;68;-1.2;0;;;;
000EW;2025-03-17 08:00:00;4.4;1023.8;67;-1.1;0;;;0;0
000EW;2025-03-17 08:10:00;4.8;1023.9;65;-1.2;0.8;;23;;
000EW;2025-03-17 08:20:00;5;1024;64;-1.2;0;;;;
000EW;2025-03-17 08:30:00;5.3;1024.1;64;-0.9;0;;;;
000EW;2025-03-17 08:40:00;5.4;1024;63;-1;0;;;;
000EW;2025-03-17 08:50:00;5.7;1024.1;63;-0.8;0;;;;
000EW;2025-03-17 09:00:00;5.8;1024.1;61;-1.1;0;;;0;0
000EW;2025-03-17 09:10:00;6.1;1024;61;-0.8;0;;;;
000EW;2025-03-17 09:20:00;6.2;1024;61;-0.7;0;;;;
000EW;2025-03-17 09:30:00;6.7;1024;60;-0.5;0;;;;
000EW;2025-03-17 09:40:00;7.2;1024;58;-0.5;0;;;;
000EW;2025-03-17 09:50:00;7.4;1023.9;58;-0.3;0;;;;
000EW;2025-03-17 10:00:00;7.8;1023.9;57;-0.2;0;;;0;0
000EW;2025-03-17 10:10:00;8.1;1023.9;56;-0.1;0;;;;
000EW;2025-03-17 10:20:00;8.2;1023.8;56;-0.1;0;;;;
000EW;2025-03-17 10:30:00;8.6;1023.8;55;0;0;;;;
000EW;2025-03-17 10:40:00;8.6;1023.8;55;0;0;;;;
000EW;2025-03-17 10:50:00;8.6;1023.8;55;0.1;0;;;;
000EW;2025-03-17 11:00:00;8.8;1023.8;55;0.2;0;;;0;0
000EW;2025-03-17 11:10:00;9.2;1023.8;54;0.4;0.8;;0;;
000EW;2025-03-17 11:20:00;9.7;1023.8;52;0.3;0;;;;
000EW;2025-03-17 11:30:00;10.1;1023.8;50;0.1;1.6;;23;;
000EW;2025-03-17 11:40:00;9.9;1023.7;51;0.3;0.8;;0;;
000EW;2025-03-17 11:50:00;10.2;1023.5;50;0.2;0;;;;
000EW;2025-03-17 12:00:00;10.4;1023.5;50;0.5;0;;;0;0
000EW;2025-03-17 12:10:00;10.7;1023.4;49;0.4;0;;;;
000EW;2025-03-17 12:20:00;10.7;1023.3;48;0.2;0;;;;
000EW;2025-03-17 12:30:00;10.9;1023.3;48;0.3;0.8;;68;;
000EW;2025-03-17 12:40:00;11.3;1023.3;47;0.4;0.8;;135;;
000EW;2025-03-17 12:50:00;11.2;1023.2;46;-0;0.8;;135;;
000EW;2025-03-17 13:00:00;11.6;1023.1;45;0;0;;;0;0
000EW;2025-03-17 13:10:00;11.7;1022.9;45;0.2;0;;;;
000EW;2025-03-17 13:20:00;12.1;1022.8;44;0.2;0;;;;
000EW;2025-03-17 13:30:00;11.7;1022.8;44;-0.1;0.8;;45;;
000EW;2025-03-17 13:40:00;11.9;1022.9;43;-0.2;0;;;;
000EW;2025-03-17 13:50:00;11.8;1022.8;43;-0.3;0.8;;23;;
000EW;2025-03-17 14:00:00;11.9;1022.9;43;-0.2;2.4;;23;0;0
000EW;2025-03-17 14:10:00;11.9;1022.7;44;0.1;2.4;;34;;
000EW;2025-03-17 14:20:00;11.8;1022.7;44;-0.1;3.2;;23;;
000EW;2025-03-17 14:30:00;11.9;1022.7;44;0.1;2.4;;315;;
000EW;2025-03-17 14:40:00;12.1;1022.5;43;-0.1;1.6;;11;;
000EW;2025-03-17 14:50:00;12;1022.4;43;-0.2;2.4;;349;;
000EW;2025-03-17 15:00:00;11.9;1022.2;44;0;2.4;;45;0;0
000EW;2025-03-17 15:10:00;12.2;1022.1;43;-0;3.2;;90;;
000EW;2025-03-17 15:20:00;12;1022;43;-0.2;4;;0;;
000EW;2025-03-17 15:30:00;11.9;1022;44;0.1;4.8;;34;;
000EW;2025-03-17 15:40:00;12.2;1021.9;43;-0;4.8;;79;;
000EW;2025-03-17 15:50:00;12.2;1022;43;0;4.8;;259;;
000EW;2025-03-17 16:00:00;12.1;1021.8;43;-0.1;0;;;0;0
000EW;2025-03-17 16:10:00;12.1;1021.8;43;-0.1;3.2;;0;;
000EW;2025-03-17 16:20:00;12.1;1021.8;43;-0.1;0.8;;315;;
000EW;2025-03-17 16:30:00;12.2;1021.7;43;-0;1.6;;34;;
000EW;2025-03-17 16:40:00;11.9;1021.7;44;0.1;4;;11;;
000EW;2025-03-17 16:50:00;12.1;1021.6;44;0.2;2.4;;56;;
000EW;2025-03-17 17:00:00;11.9;1021.9;45;0.4;2.4;;11;0;0
000EW;2025-03-17 17:10:00;11.8;1021.9;46;0.6;4;;11;;
000EW;2025-03-17 17:20:00;11.8;1022;46;0.5;5.6;;56;;
000EW;2025-03-17 17:30:00;11.6;1022;47;0.7;1.6;;0;;
000EW;2025-03-17 17:40:00;11.4;1022.1;48;0.8;0.8;;0;;
000EW;2025-03-17 17:50:00;11.3;1022.1;49;1;0;;;;
000EW;2025-03-17 18:00:00;11.1;1022.1;49;0.7;1.6;;23;0;0
000EW;2025-03-17 18:10:00;10.9;1022.3;50;0.9;5.6;;11;;
000EW;2025-03-17 18:20:00;10.8;1022.3;51;1;4;;0;;
000EW;2025-03-17 18:30:00;10.6;1022.4;51;0.8;4;;23;;
000EW;2025-03-17 18:40:00;10.4;1022.6;51;0.7;2.4;;326;;
000EW;2025-03-17 18:50:00;10.2;1022.7;52;0.8;2.4;;34;;
000EW;2025-03-17 19:00:00;10.1;1022.7;53;0.9;5.6;;11;0;0
000EW;2025-03-17 19:10:00;9.9;1022.8;53;0.8;1.6;;23;;
000EW;2025-03-17 19:20:00;9.8;1022.9;53;0.7;5.6;;349;;
000EW;2025-03-17 19:30:00;9.6;1022.9;54;0.8;0.8;;90;;
000EW;2025-03-17 19:40:00;9.5;1023;54;0.7;2.4;;349;;
000EW;2025-03-17 19:50:00;9.3;1022.9;55;0.8;0.8;;338;;
000EW;2025-03-17 20:00:00;9.2;1022.9;54;0.3;0.8;;338;0;0
000EW;2025-03-17 20:10:00;9;1023;54;0.2;4.8;;11;;
000EW;2025-03-17 20:20:00;8.9;1023.1;55;0.3;2.4;;124;;
000EW;2025-03-17 20:30:00;8.8;1023.1;55;0.2;0.8;;0;;
000EW;2025-03-17 20:40:00;8.7;1023.2;55;0.1;0.8;;45;;
000EW;2025-03-17 20:50:00;8.5;1023.1;55;-0;0.8;;0;;
000EW;2025-03-17 21:00:00;8.3;1023.3;55;-0.2;0;;;0;0
000EW;2025-03-17 21:10:00;8.2;1023.3;55;-0.3;0.8;;90;;
000EW;2025-03-17 21:20:00;8.1;1023.4;56;-0.1;0;;;;
000EW;2025-03-17 21:30:00;8;1023.5;56;-0.2;2.4;;23;;
000EW;2025-03-17 21:40:00;7.9;1023.4;56;-0.3;0.8;;0;;
000EW;2025-03-17 21:50:00;7.9;1023.4;56;-0.3;1.6;;0;;
000EW;2025-03-17 22:00:00;7.8;1023.5;55;-0.6;0;;;0;0
000EW;2025-03-17 22:10:00;7.8;1023.4;55;-0.7;1.6;;23;;
000EW;2025-03-17 22:20:00;7.7;1023.4;55;-0.7;1.6;;45;;
000EW;2025-03-17 22:30:00;7.7;1023.2;56;-0.6;1.6;;338;;
000EW;2025-03-17 22:40:00;7.5;1023.1;56;-0.7;1.6;;11;;
000EW;2025-03-17 22:50:00;7.3;1023.1;57;-0.6;1.6;;349;;
000EW;2025-03-17 23:00:00;7.3;1023.1;57;-0.7;0;;;0;0
000EW;2025-03-17 23:10:00;7.2;1023;57;-0.8;0;;;;
000EW;2025-03-17 23:20:00;7.1;1023;57;-0.9;1.6;;0;;
000EW;2025-03-17 23:30:00;6.9;1023;57;-1;0;;;;
000EW;2025-03-17 23:40:00;6.8;1022.9;57;-1.1;2.4;;34;;
000EW;2025-03-17 23:50:00;6.7;1022.8;58;-1;0;;;;
000EW;2025-03-18 00:00:00;6.6;1022.7;58;-1.1;0;;;0;0
000EW;2025-03-18 00:10:00;6.5;1022.7;58;-1.2;0;;;;
000EW;2025-03-18 00:20:00;6.4;1022.7;59;-1;0;;;;
000EW;2025-03-18 00:30:00;6.3;1022.6;59;-1.1;1.6;;349;;
000EW;2025-03-18 00:40:00;6.2;1022.7;59;-1.2;0.8;;338;;
000EW;2025-03-18 00:50:00;6.1;1022.8;59;-1.3;0;;;;
000EW;2025-03-18 01:00:00;6;1022.8;60;-1.2;0;;;0;0
000EW;2025-03-18 01:10:00;5.9;1022.8;60;-1.2;0;;;;
000EW;2025-03-18 01:20:00;5.8;1022.7;60;-1.3;0;;;;
000EW;2025-03-18 01:30:00;5.8;1022.7;60;-1.4;0;;;;
000EW;2025-03-18 01:40:00;5.7;1022.6;61;-1.3;0;;;;
000EW;2025-03-18 01:50:00;5.6;1022.6;61;-1.4;0;;;;
000EW;2025-03-18 02:00:00;5.5;1022.5;61;-1.4;0;;;0;0
000EW;2025-03-18 02:10:00;5.5;1022.4;60;-1.6;1.6;;360;;
000EW;2025-03-18 02:20:00;5.4;1022.4;60;-1.7;3.2;;0;;
000EW;2025-03-18 02:30:00;5.3;1022.4;60;-1.8;0;;;;
000EW;2025-03-18 02:40:00;5.2;1022.2;60;-1.9;0;;;;
000EW;2025-03-18 02:50:00;5.2;1022.1;60;-1.9;0.8;;315;;
000EW;2025-03-18 03:00:00;5.1;1022.1;59;-2.2;2.4;;0;0;0
000EW;2025-03-18 03:10:00;5.1;1022;59;-2.3;0;;;;
000EW;2025-03-18 03:20:00;4.9;1021.9;59;-2.4;0;;;;
000EW;2025-03-18 03:30:00;4.8;1022;59;-2.5;0.8;;338;;
000EW;2025-03-18 03:40:00;4.7;1021.9;59;-2.6;0;;;;
000EW;2025-03-18 03:50:00;4.7;1021.9;59;-2.7;1.6;;0;;
000EW;2025-03-18 04:00:00;4.6;1021.9;59;-2.8;2.4;;0;0;0
000EW;2025-03-18 04:10:00;4.5;1022;59;-2.8;1.6;;90;;
000EW;2025-03-18 04:20:00;4.4;1021.9;59;-2.9;0;;;;
000EW;2025-03-18 04:30:00;4.3;1021.9;59;-3;4;;349;;
000EW;2025-03-18 04:40:00;4.2;1021.7;60;-2.9;0;;;;
000EW;2025-03-18 04:50:00;4.1;1021.7;60;-3;0;;;;
000EW;2025-03-18 05:00:00;4;1021.7;60;-3.1;0.8;;338;0;0
000EW;2025-03-18 05:10:00;3.9;1021.6;60;-3.1;0.8;;315;;
000EW;2025-03-18 05:20:00;3.8;1021.6;60;-3.2;0.8;;0;;
000EW;2025-03-18 05:30:00;3.8;1021.7;60;-3.3;0;;;;
000EW;2025-03-18 05:40:00;3.7;1021.8;60;-3.3;0;;;;
000EW;2025-03-18 05:50:00;3.7;1021.8;60;-3.4;2.4;;349;;
000EW;2025-03-18 06:00:00;3.7;1021.7;60;-3.4;0.8;;0;0;0
000EW;2025-03-18 06:10:00;3.6;1021.8;60;-3.5;1.6;;338;;
000EW;2025-03-18 06:20:00;3.4;1021.9;61;-3.4;2.4;;11;;
000EW;2025-03-18 06:30:00;3.4;1022;61;-3.4;0.8;;315;;
000EW;2025-03-18 06:40:00;3.4;1022;61;-3.4;0;;;;
000EW;2025-03-18 06:50:00;3.5;1022;60;-3.5;1.6;;338;;
000EW;2025-03-18 07:00:00;3.6;1022;60;-3.5;1.6;;0;0;0
000EW;2025-03-18 07:10:00;3.6;1022.1;60;-3.4;3.2;;0;;
000EW;2025-03-18 07:20:00;3.7;1021.9;60;-3.3;3.2;;45;;
000EW;2025-03-18 07:30:00;3.9;1021.9;59;-3.4;0;;;;
000EW;2025-03-18 07:40:00;4.2;1022;58;-3.4;0;;;;
000EW;2025-03-18 07:50:00;4.3;1022;57;-3.4;0.8;;0;;
000EW;2025-03-18 08:00:00;4.7;1021.9;56;-3.3;3.2;;68;0;0
000EW;2025-03-18 08:10:00;4.9;1022.1;56;-3.1;4;;349;;
000EW;2025-03-18 08:20:00;5.3;1022;55;-3;3.2;;34;;
000EW;2025-03-18 08:30:00;5.6;1022.1;54;-3;2.4;;113;;
000EW;2025-03-18 08:40:00;5.9;1022.1;53;-2.9;2.4;;158;;
000EW;2025-03-18 08:50:00;6.2;1022;53;-2.7;3.2;;11;;
000EW;2025-03-18 09:00:00;6.6;1021.9;52;-2.6;1.6;;56;0;0
000EW;2025-03-18 09:10:00;7.2;1021.9;50;-2.6;5.6;;79;;
000EW;2025-03-18 09:20:00;7;1021.9;50;-2.7;5.6;;158;;
000EW;2025-03-18 09:30:00;7.1;1021.9;51;-2.4;12.1;;158;;
000EW;2025-03-18 09:40:00;7.1;1021.8;51;-2.3;12.1;;158;;
000EW;2025-03-18 09:50:00;7.5;1021.6;51;-2;6.4;;146;;
000EW;2025-03-18 10:00:00;7.9;1021.6;50;-1.8;4;;158;0;0
000EW;2025-03-18 10:10:00;7.7;1021.5;51;-1.8;8.9;;169;;
000EW;2025-03-18 10:20:00;8.1;1021.4;51;-1.5;6.4;;146;;
000EW;2025-03-18 10:30:00;8.7;1021.4;50;-1.2;1.6;;113;;
000EW;2025-03-18 10:40:00;8.7;1021.2;49;-1.4;4;;146;;
000EW;2025-03-18 10:50:00;9.2;1021.3;49;-1;2.4;;0;;
000EW;2025-03-18 11:00:00;9.3;1021.1;48;-1.1;3.2;;146;0;0
000EW;2025-03-18 11:10:00;9.5;1021.1;48;-1;2.4;;101;;
000EW;2025-03-18 11:20:00;9.6;1021.1;49;-0.6;8;;158;;
000EW;2025-03-18 11:30:00;9.6;1021;49;-0.6;6.4;;146;;
000EW;2025-03-18 11:40:00;9.7;1021;49;-0.5;8.9;;146;;
000EW;2025-03-18 11:50:00;10.2;1020.8;48;-0.3;2.4;;124;;
000EW;2025-03-18 12:00:00;10.7;1020.8;47;-0.1;2.4;;0;0;0
000EW;2025-03-18 12:10:00;10.6;1020.8;48;0;1.6;;135;;
000EW;2025-03-18 12:20:00;10.4;1020.7;49;0.2;7.2;;135;;
000EW;2025-03-18 12:30:00;10.6;1020.5;49;0.3;7.2;;135;;
000EW;2025-03-18 12:40:00;11;1020.4;49;0.7;6.4;;146;;
000EW;2025-03-18 12:50:00;11.1;1020.3;48;0.5;0.8;;135;;
000EW;2025-03-18 13:00:00;11.2;1020.1;49;0.9;8.9;;146;0;0
000EW;2025-03-18 13:10:00;11.6;1020.2;48;0.9;7.2;;146;;
000EW;2025-03-18 13:20:00;11.6;1019.9;48;1;4.8;;158;;
000EW;2025-03-18 13:30:00;12;1020;48;1.3;1.6;;135;;
000EW;2025-03-18 13:40:00;11.9;1019.8;48;1.3;0;;;;
000EW;2025-03-18 13:50:00;11.9;1019.9;49;1.5;4;;79;;
000EW;2025-03-18 14:00:00;12;1019.8;49;1.6;4.8;;146;0;0
000EW;2025-03-18 14:10:00;12.4;1019.7;48;1.7;3.2;;158;;
000EW;2025-03-18 14:20:00;12.6;1019.6;48;1.8;1.6;;135;;
000EW;2025-03-18 14:30:00;12.7;1019.5;48;1.9;0.8;;135;;
000EW;2025-03-18 14:40:00;12.4;1019.5;48;1.7;2.4;;158;;
000EW;2025-03-18 14:50:00;12.7;1019.4;48;1.9;3.2;;146;;
000EW;2025-03-18 15:00:00;12.7;1019.4;48;2;2.4;;146;0;0
000EW;2025-03-18 15:10:00;13;1019.4;48;2.2;1.6;;135;;
000EW;2025-03-18 15:20:00;13.4;1019.2;47;2.3;0;;;;
000EW;2025-03-18 15:30:00;13.7;1019.2;46;2.3;0;;;;
000EW;2025-03-18 15:40:00;13.7;1019.2;47;2.6;0;;;;
000EW;2025-03-18 15:50:00;13.7;1019.2;46;2.3;0;;;;
000EW;2025-03-18 16:00:00;13.7;1019;47;2.6;0.8;;158;0;0
000EW;2025-03-18 16:10:00;13.9;1018.8;46;2.5;0;;;;
000EW;2025-03-18 16:20:00;14.1;1018.7;46;2.6;0;;;;
000EW;2025-03-18 16:30:00;14.1;1018.8;45;2.3;0;;;;
000EW;2025-03-18 16:40:00;14.2;1018.8;45;2.4;0;;;;
000EW;2025-03-18 16:50:00;14.1;1018.9;46;2.6;0;;;;
000EW;2025-03-18 17:00:00;13.9;1018.9;47;2.8;0;;;0;0
000EW;2025-03-18 17:10:00;13.9;1018.9;47;2.8;0.8;;158;;
000EW;2025-03-18 17:20:00;13.8;1018.9;47;2.7;0.8;;180;;
000EW;2025-03-18 17:30:00;13.8;1019;47;2.7;0;;;;
000EW;2025-03-18 17:40:00;13.7;1019;48;2.9;0.8;;135;;
000EW;2025-03-18 17:50:00;13.6;1019;48;2.8;0;;;;
000EW;2025-03-18 18:00:00;13.6;1019.2;49;3;0.8;;158;0;0
000EW;2025-03-18 18:10:00;13.4;1019.2;49;2.9;0.8;;158;;
000EW;2025-03-18 18:20:00;13.2;1019.2;50;3;0;;;;
000EW;2025-03-18 18:30:00;13.1;1019.2;51;3.1;0;;;;
000EW;2025-03-18 18:40:00;12.9;1019.3;51;3;0;;;;
000EW;2025-03-18 18:50:00;12.8;1019.3;52;3.2;0;;;;
000EW;2025-03-18 19:00:00;12.8;1019.3;52;3.2;0;;;0;0
000EW;2025-03-18 19:10:00;12.7;1019.4;52;3.1;0;;;;
000EW;2025-03-18 19:20:00;12.6;1019.4;52;3;0;;;;
000EW;2025-03-18 19:30:00;12.3;1019.4;53;3;0;;;;
000EW;2025-03-18 19:40:00;12.2;1019.3;54;3.1;0;;;;
000EW;2025-03-18 19:50:00;12.1;1019.4;54;3.1;0;;;;
000EW;2025-03-18 20:00:00;12.1;1019.5;54;3;0;;;0;0
000EW;2025-03-18 20:10:00;11.9;1019.6;54;2.9;0;;;;
000EW;2025-03-18 20:20:00;11.9;1019.5;55;3.2;0;;;;
000EW;2025-03-18 20:30:00;11.8;1019.6;55;3.1;0;;;;
000EW;2025-03-18 20:40:00;11.7;1019.6;55;3;0;;;;
000EW;2025-03-18 20:50:00;11.6;1019.7;56;3.1;0;;;;
000EW;2025-03-18 21:00:00;11.4;1019.7;56;3;0;;;0;0
000EW;2025-03-18 21:10:00;11.3;1019.7;56;2.9;0;;;;
000EW;2025-03-18 21:20:00;11.3;1019.7;57;3.1;0;;;;
000EW;2025-03-18 21:30:00;11.2;1019.7;57;3;0;;;;
000EW;2025-03-18 21:40:00;11.2;1019.7;57;3;0;;;;
000EW;2025-03-18 21:50:00;11;1019.7;57;2.8;0;;;;
000EW;2025-03-18 22:00:00;10.9;1019.7;58;3;0;;;0;0
000EW;2025-03-18 22:10:00;10.8;1019.7;58;2.9;0;;;;
000EW;2025-03-18 22:20:00;10.7;1019.7;58;2.8;0;;;;
000EW;2025-03-18 22:30:00;10.7;1019.8;59;3;0;;;;
000EW;2025-03-18 22:40:00;10.6;1019.8;59;2.9;0;;;;
000EW;2025-03-18 22:50:00;10.5;1019.8;60;3.1;0;;;;
000EW;2025-03-18 23:00:00;10.4;1019.8;61;3.2;0;;;0;0
000EW;2025-03-18 23:10:00;10.3;1019.8;61;3.1;0.8;;135;;
000EW;2025-03-18 23:20:00;10.2;1019.9;62;3.2;0;;;;
000EW;2025-03-18 23:30:00;10.1;1019.9;62;3.1;0;;;;
000EW;2025-03-18 23:40:00;9.9;1019.9;63;3.2;0;;;;
000EW;2025-03-18 23:50:00;9.8;1019.9;64;3.3;0;;;;
000EW;2025-03-19 00:00:00;9.8;1020;65;3.6;0;;;0;0
000EW;2025-03-19 00:10:00;9.9;1020;65;3.7;0.8;;173;;
000EW;2025-03-19 00:20:00;9.9;1020.2;65;3.7;0.8;;158;;
000EW;2025-03-19 00:30:00;9.8;1020.1;66;3.8;0;;;;
000EW;2025-03-19 00:40:00;9.8;1020.3;66;3.8;1.6;;158;;
000EW;2025-03-19 00:50:00;9.8;1020.3;66;3.7;2.4;;146;;
000EW;2025-03-19 01:00:00;9.8;1020.4;67;3.9;0;;;0;0
000EW;2025-03-19 01:10:00;9.8;1020.5;67;4;2.4;;135;;
000EW;2025-03-19 01:20:00;9.8;1020.5;67;4;0;;;;
000EW;2025-03-19 01:30:00;9.8;1020.6;68;4.2;0.8;;135;;
000EW;2025-03-19 01:40:00;9.6;1020.6;68;4;0.8;;158;;
000EW;2025-03-19 01:50:00;9.4;1020.6;69;4;0.8;;135;;
000EW;2025-03-19 02:00:00;9.4;1020.7;69;4;1.6;;135;0;0
000EW;2025-03-19 02:10:00;9.2;1020.6;70;4;0;;;;
000EW;2025-03-19 02:20:00;9.1;1020.7;70;3.9;0;;;;
000EW;2025-03-19 02:30:00;9;1020.7;71;4;0;;;;
000EW;2025-03-19 02:40:00;8.8;1020.7;71;3.9;0;;;;
000EW;2025-03-19 02:50:00;8.8;1020.7;72;4;0;;;;
000EW;2025-03-19 03:00:00;8.6;1020.8;72;3.8;0;;;0;0
000EW;2025-03-19 03:10:00;8.5;1020.8;73;3.9;0;;;;
000EW;2025-03-19 03:20:00;8.4;1020.9;73;3.9;0;;;;
000EW;2025-03-19 03:30:00;8.3;1021;74;4;0;;;;
000EW;2025-03-19 03:40:00;8.3;1021;74;3.9;0;;;;
000EW;2025-03-19 03:50:00;8.2;1021.1;74;3.9;0;;;;
000EW;2025-03-19 04:00:00;8.2;1021.1;75;4.1;0;;;0;0
000EW;2025-03-19 04:10:00;8.2;1021.1;75;4;0;;;;
000EW;2025-03-19 04:20:00;8.1;1021.1;75;3.9;0;;;;
000EW;2025-03-19 04:30:00;8;1021.1;75;3.8;0;;;;
000EW;2025-03-19 04:40:00;7.9;1021.1;75;3.8;0;;;;
000EW;2025-03-19 04:50:00;7.9;1021.1;76;3.9;0;;;;
000EW;2025-03-19 05:00:00;7.8;1021.2;76;3.8;0;;;0;0
000EW;2025-03-19 05:10:00;7.8;1021.4;76;3.8;0;;;;
000EW;2025-03-19 05:20:00;7.7;1021.4;77;3.9;0;;;;
000EW;2025-03-19 05:30:00;7.7;1021.5;77;3.9;0;;;;
000EW;2025-03-19 05:40:00;7.5;1021.6;77;3.7;0;;;;
000EW;2025-03-19 05:50:00;7.4;1021.7;78;3.8;0;;;;
000EW;2025-03-19 06:00:00;7.4;1021.7;78;3.8;0;;;0;0
000EW;2025-03-19 06:10:00;7.4;1021.8;78;3.9;0;;;;
000EW;2025-03-19 06:20:00;7.4;1021.8;78;3.9;0;;;;
000EW;2025-03-19 06:30:00;7.4;1021.8;78;3.9;0;;;;
000EW;2025-03-19 06:40:00;7.6;1021.9;77;3.8;0;;;;
000EW;2025-03-19 06:50:00;7.7;1022;77;3.9;0;;;;
000EW;2025-03-19 07:00:00;7.7;1022;77;3.9;0;;;0;0
000EW;2025-03-19 07:10:00;7.9;1022;76;4;0;;;;
000EW;2025-03-19 07:20:00;8.2;1022;76;4.2;0;;;;
000EW;2025-03-19 07:30:00;8.4;1022;75;4.3;0;;;;
000EW;2025-03-19 07:40:00;9;1022.1;74;4.6;0;;;;
000EW;2025-03-19 07:50:00;9.7;1022.1;71;4.7;0;;;;
000EW;2025-03-19 08:00:00;10.2;1022.2;69;4.7;0;;;0;0
000EW;2025-03-19 08:10:00;10.3;1022.2;68;4.7;0.8;;158;;
000EW;2025-03-19 08:20:00;10.6;1022.2;67;4.7;0;;;;
000EW;2025-03-19 08:30:00;10.8;1022.2;66;4.7;0;;;;
000EW;2025-03-19 08:40:00;11.2;1022.3;65;4.8;0;;;;
000EW;2025-03-19 08:50:00;11.4;1022.3;64;4.8;0;;;;
000EW;2025-03-19 09:00:00;11.6;1022.3;64;5;0;;;0;0
000EW;2025-03-19 09:10:00;11.9;1022.1;63;5.1;0;;;;
000EW;2025-03-19 09:20:00;12.2;1022.2;62;5.1;0;;;;
000EW;2025-03-19 09:30:00;12.5;1022.1;62;5.4;0;;;;
000EW;2025-03-19 09:40:00;12.6;1022.1;61;5.3;0;;;;
000EW;2025-03-19 09:50:00;13.2;1022.1;60;5.6;0;;;;
000EW;2025-03-19 10:00:00;13.7;1022.1;58;5.6;0;;;0;0
000EW;2025-03-19 10:10:00;13.9;1022;58;5.8;0;;;;
000EW;2025-03-19 10:20:00;13.9;1022;57;5.6;0;;;;
000EW;2025-03-19 10:30:00;14.1;1022;57;5.7;0;;;;
000EW;2025-03-19 10:40:00;14.3;1021.9;55;5.4;0;;;;
000EW;2025-03-19 10:50:00;14.8;1021.8;55;5.9;0;;;;
000EW;2025-03-19 11:00:00;15.4;1021.6;53;5.9;0;;;0;0
000EW;2025-03-19 11:10:00;15.8;1021.6;51;5.7;0;;;;
000EW;2025-03-19 11:20:00;15.6;1021.6;51;5.5;0;;;;
000EW;2025-03-19 11:30:00;15.6;1021.5;51;5.5;0;;;;
000EW;2025-03-19 11:40:00;15.7;1021.6;51;5.6;0;;;;
000EW;2025-03-19 11:50:00;16;1021.5;49;5.3;0;;;;
000EW;2025-03-19 12:00:00;15.9;1021.4;50;5.5;0.8;;225;0;0
000EW;2025-03-19 12:10:00;16.2;1021.3;48;5.1;0;;;;
000EW;2025-03-19 12:20:00;16.6;1021.3;47;5.2;0;;;;
000EW;2025-03-19 12:30:00;16.7;1021.1;47;5.3;0;;;;
000EW;2025-03-19 12:40:00;17.1;1021;47;5.7;0;;;;
000EW;2025-03-19 12:50:00;17.2;1020.9;46;5.5;0;;;;
000EW;2025-03-19 13:00:00;17.4;1020.9;44;5;0;;;0;0
000EW;2025-03-19 13:10:00;17.3;1020.7;44;5;0;;;;
000EW;2025-03-19 13:20:00;17.5;1020.7;45;5.4;0;;;;
000EW;2025-03-19 13:30:00;17.4;1020.7;46;5.7;0;;;;
000EW;2025-03-19 13:40:00;17.3;1020.6;46;5.5;0;;;;
000EW;2025-03-19 13:50:00;17.7;1020.6;45;5.6;0;;;;
000EW;2025-03-19 14:00:00;17.7;1020.5;44;5.3;0;;;0;0
000EW;2025-03-19 14:10:00;17.9;1020.5;44;5.5;0;;;;
000EW;2025-03-19 14:20:00;17.8;1020.5;45;5.7;0;;;;
000EW;2025-03-19 14:30:00;17.8;1020.5;45;5.7;0;;;;
000EW;2025-03-19 14:40:00;17.9;1020.4;45;5.8;0;;;;
000EW;2025-03-19 14:50:00;18.2;1020.4;44;5.7;0;;;;
000EW;2025-03-19 15:00:00;18.2;1020.3;44;5.7;0;;;0;0
000EW;2025-03-19 15:10:00;18.1;1020.3;44;5.7;0;;;;
000EW;2025-03-19 15:20:00;18.2;1020.3;44;5.7;0;;;;
000EW;2025-03-19 15:30:00;18.2;1020.2;44;5.7;0;;;;
000EW;2025-03-19 15:40:00;17.9;1020.1;43;5.2;0;;;;
000EW;2025-03-19 15:50:00;17.8;1019.9;44;5.4;0.8;;135;;
000EW;2025-03-19 16:00:00;17.9;1019.9;44;5.5;0;;;0;0
000EW;2025-03-19 16:10:00;17.7;1019.8;44;5.3;0.8;;158;;
000EW;2025-03-19 16:20:00;17.7;1019.8;44;5.3;0;;;;
000EW;2025-03-19 16:30:00;17.7;1019.8;44;5.3;0.8;;135;;
000EW;2025-03-19 16:40:00;17.7;1019.8;44;5.3;0;;;;
000EW;2025-03-19 16:50:00;17.7;1019.8;44;5.3;0.8;;158;;
000EW;2025-03-19 17:00:00;17.5;1019.8;44;5.1;0;;;0;0
000EW;2025-03-19 17:10:00;17.4;1019.8;44;5.1;0;;;;
000EW;2025-03-19 17:20:00;17.3;1019.8;44;5;0;;;;
000EW;2025-03-19 17:30:00;17.3;1019.9;44;4.9;0;;;;
000EW;2025-03-19 17:40:00;17.1;1019.9;44;4.8;0;;;;
000EW;2025-03-19 17:50:00;17;1019.9;44;4.7;0;;;;
000EW;2025-03-19 18:00:00;16.8;1020;44;4.5;0;;;0;0
000EW;2025-03-19 18:10:00;16.7;1020;44;4.4;0.8;;135;;
000EW;2025-03-19 18:20:00;16.5;1020.1;45;4.5;0;;;;
000EW;2025-03-19 18:30:00;16.3;1020.2;45;4.4;0;;;;
000EW;2025-03-19 18:40:00;16.2;1020.2;45;4.2;0;;;;
000EW;2025-03-19 18:50:00;15.9;1020.3;46;4.3;0;;;;
000EW;2025-03-19 19:00:00;15.8;1020.4;46;4.2;0;;;0;0
000EW;2025-03-19 19:10:00;15.6;1020.3;47;4.3;0;;;;
000EW;2025-03-19 19:20:00;15.4;1020.4;48;4.5;0;;;;
000EW;2025-03-19 19:30:00;15.3;1020.5;48;4.3;0;;;;
000EW;2025-03-19 19:40:00;15.1;1020.6;49;4.4;0;;;;
000EW;2025-03-19 19:50:00;14.9;1020.6;50;4.6;0.8;;135;;
000EW;2025-03-19 20:00:00;14.8;1020.6;50;4.5;0.8;;158;0;0
000EW;2025-03-19 20:10:00;14.6;1020.7;51;4.6;0;;;;
000EW;2025-03-19 20:20:00;14.5;1020.7;51;4.5;0;;;;
000EW;2025-03-19 20:30:00;14.4;1020.7;51;4.4;0;;;;
000EW;2025-03-19 20:40:00;14.2;1020.7;52;4.5;0;;;;
000EW;2025-03-19 20:50:00;14.1;1020.8;52;4.3;0;;;;
000EW;2025-03-19 21:00:00;13.9;1020.7;53;4.5;0;;;0;0
000EW;2025-03-19 21:10:00;13.8;1020.7;54;4.7;0;;;;
000EW;2025-03-19 21:20:00;13.6;1020.7;54;4.5;0;;;;
000EW;2025-03-19 21:30:00;13.5;1020.7;55;4.6;0;;;;
000EW;2025-03-19 21:40:00;13.3;1020.8;55;4.5;0;;;;
000EW;2025-03-19 21:50:00;13.2;1020.9;55;4.4;0;;;;
000EW;2025-03-19 22:00:00;13.1;1020.8;56;4.5;0;;;0;0
000EW;2025-03-19 22:10:00;13;1020.7;56;4.4;0;;;;
000EW;2025-03-19 22:20:00;12.9;1020.8;56;4.4;0;;;;
000EW;2025-03-19 22:30:00;13;1020.7;56;4.4;0;;;;
000EW;2025-03-19 22:40:00;13;1020.8;56;4.4;0;;;;
000EW;2025-03-19 22:50:00;12.9;1020.8;56;4.4;0;;;;
000EW;2025-03-19 23:00:00;12.8;1020.8;57;4.5;0;;;0;0
000EW;2025-03-19 23:10:00;12.6;1020.8;58;4.6;0;;;;
000EW;2025-03-19 23:20:00;12.3;1020.8;59;4.5;0;;;;
000EW;2025-03-19 23:30:00;12.2;1020.8;59;4.4;0;;;;
000EW;2025-03-19 23:40:00;12.1;1020.9;60;4.5;0;;;;
000EW;2025-03-19 23:50:00;12;1020.8;61;4.7;0;;;;
000EW;2025-03-20 00:00:00;12.3;1020.7;60;4.8;0;;;0;0
000EW;2025-03-20 00:10:00;12.3;1020.8;59;4.5;0;;;;
000EW;2025-03-20 00:20:00;12.1;1020.7;60;4.6;0;;;;
000EW;2025-03-20 00:30:00;11.9;1020.7;61;4.7;0;;;;
000EW;2025-03-20 00:40:00;11.7;1020.7;62;4.6;0;;;;
000EW;2025-03-20 00:50:00;11.7;1020.7;62;4.6;0;;;;
000EW;2025-03-20 01:00:00;11.6;1020.7;62;4.5;0;;;0;0
000EW;2025-03-20 01:10:00;11.6;1020.7;63;4.8;0;;;;
000EW;2025-03-20 01:20:00;11.5;1020.6;62;4.5;0;;;;
000EW;2025-03-20 01:30:00;11.5;1020.7;63;4.7;0;;;;
000EW;2025-03-20 01:40:00;11.4;1020.7;63;4.6;0;;;;
000EW;2025-03-20 01:50:00;11.2;1020.7;63;4.4;0;;;;
000EW;2025-03-20 02:00:00;11.1;1020.6;64;4.6;0;;;0;0
000EW;2025-03-20 02:10:00;11.1;1020.6;64;4.5;1.6;;135;;
000EW;2025-03-20 02:20:00;10.9;1020.7;65;4.6;0;;;;
000EW;2025-03-20 02:30:00;10.8;1020.7;65;4.5;0.8;;158;;
000EW;2025-03-20 02:40:00;10.7;1020.6;66;4.6;0;;;;
000EW;2025-03-20 02:50:00;10.6;1020.5;66;4.5;0;;;;
000EW;2025-03-20 03:00:00;10.5;1020.6;67;4.6;0;;;0;0
000EW;2025-03-20 03:10:00;10.4;1020.6;67;4.6;0;;;;
000EW;2025-03-20 03:20:00;10.3;1020.5;68;4.6;0;;;;
000EW;2025-03-20 03:30:00;10.1;1020.5;69;4.6;0;;;;
000EW;2025-03-20 03:40:00;9.9;1020.5;69;4.5;0;;;;
000EW;2025-03-20 03:50:00;9.8;1020.5;70;4.6;0;;;;
000EW;2025-03-20 04:00:00;9.7;1020.6;71;4.7;0;;;0;0
000EW;2025-03-20 04:10:00;9.5;1020.6;71;4.5;0;;;;
000EW;2025-03-20 04:20:00;9.3;1020.6;72;4.5;0;;;;
000EW;2025-03-20 04:30:00;9.3;1020.6;73;4.7;0;;;;
000EW;2025-03-20 04:40:00;9.2;1020.7;73;4.6;0.8;;135;;
000EW;2025-03-20 04:50:00;9.2;1020.7;74;4.8;0;;;;
000EW;2025-03-20 05:00:00;9.2;1020.7;74;4.8;0;;;0;0
000EW;2025-03-20 05:10:00;9.1;1020.7;74;4.7;0;;;;
000EW;2025-03-20 05:20:00;9;1020.6;75;4.8;0;;;;
000EW;2025-03-20 05:30:00;8.9;1020.6;75;4.8;0;;;;
000EW;2025-03-20 05:40:00;8.9;1020.7;76;4.9;0;;;;
000EW;2025-03-20 05:50:00;8.9;1020.6;76;4.9;0;;;;
000EW;2025-03-20 06:00:00;8.9;1020.7;76;4.9;0;;;0;0
000EW;2025-03-20 06:10:00;8.9;1020.7;76;4.9;0;;;;
000EW;2025-03-20 06:20:00;8.9;1020.7;77;5.1;0;;;;
000EW;2025-03-20 06:30:00;8.8;1020.7;77;5;0;;;;
000EW;2025-03-20 06:40:00;8.7;1020.8;77;4.9;0;;;;
000EW;2025-03-20 06:50:00;8.7;1020.9;78;5;0;;;;
000EW;2025-03-20 07:00:00;8.7;1021;78;5;0;;;0;0
000EW;2025-03-20 07:10:00;8.8;1021;78;5.2;0;;;;
000EW;2025-03-20 07:20:00;8.9;1021.1;78;5.3;0;;;;
000EW;2025-03-20 07:30:00;9.2;1021.1;77;5.3;0;;;;
000EW;2025-03-20 07:40:00;9.7;1021.1;76;5.7;0.8;;180;;
000EW;2025-03-20 07:50:00;10.4;1020.9;74;6;0;;;;
000EW;2025-03-20 08:00:00;10.8;1020.9;72;6;0;;;0;0
000EW;2025-03-20 08:10:00;11.1;1020.8;71;6;0;;;;
000EW;2025-03-20 08:20:00;11.3;1020.8;70;6.1;0;;;;
000EW;2025-03-20 08:30:00;11.7;1020.9;69;6.2;0;;;;
000EW;2025-03-20 08:40:00;11.9;1020.9;68;6.2;0;;;;
000EW;2025-03-20 08:50:00;12.4;1020.9;67;6.5;0;;;;
000EW;2025-03-20 09:00:00;12.7;1021;65;6.3;0;;;0;0
000EW;2025-03-20 09:10:00;12.9;1021.1;65;6.5;0;;;;
000EW;2025-03-20 09:20:00;13.1;1021.1;65;6.6;0;;;;
000EW;2025-03-20 09:30:00;13.6;1020.9;63;6.7;0;;;;
000EW;2025-03-20 09:40:00;13.8;1020.9;62;6.7;0;;;;
000EW;2025-03-20 09:50:00;14;1020.7;62;6.8;0;;;;
000EW;2025-03-20 10:00:00;14.6;1020.6;61;7.1;0;;;0;0
000EW;2025-03-20 10:10:00;15;1020.5;59;7.1;0;;;;
000EW;2025-03-20 10:20:00;15.2;1020.5;59;7.3;0;;;;
000EW;2025-03-20 10:30:00;15.4;1020.5;59;7.4;0;;;;
000EW;2025-03-20 10:40:00;15.8;1020.4;58;7.6;0;;;;
000EW;2025-03-20 10:50:00;16.3;1020;56;7.5;0;;;;
000EW;2025-03-20 11:00:00;16.4;1020;55;7.4;0;;;0;0
000EW;2025-03-20 11:10:00;16.5;1019.8;55;7.4;0;;;;
000EW;2025-03-20 11:20:00;16.8;1019.6;55;7.7;0;;;;
000EW;2025-03-20 11:30:00;17.3;1019.6;53;7.7;0;;;;
000EW;2025-03-20 11:40:00;17.3;1019.5;53;7.7;0;;;;
000EW;2025-03-20 11:50:00;17.7;1019.5;52;7.7;0.8;;158;;
000EW;2025-03-20 12:00:00;17.8;1019.4;52;7.8;0;;;0;0
000EW;2025-03-20 12:10:00;17.9;1019.3;52;7.9;0;;;;
000EW;2025-03-20 12:20:00;18.2;1019.1;50;7.6;0;;;;
000EW;2025-03-20 12:30:00;18.1;1019;51;7.8;0;;;;
000EW;2025-03-20 12:40:00;18.4;1018.9;50;7.8;0;;;;
000EW;2025-03-20 12:50:00;18.3;1018.7;50;7.7;0;;;;
000EW;2025-03-20 13:00:00;18.3;1018.4;49;7.4;0;;;0;0
000EW;2025-03-20 13:10:00;18.8;1018.2;49;7.8;0;;;;
000EW;2025-03-20 13:20:00;19.2;1017.9;47;7.6;0;;;;
000EW;2025-03-20 13:30:00;19.2;1017.8;47;7.6;0;;;;
000EW;2025-03-20 13:40:00;19.6;1017.7;46;7.7;0;;;;
000EW;2025-03-20 13:50:00;19.9;1017.6;46;7.9;0;;;;
000EW;2025-03-20 14:00:00;19.9;1017.7;46;8;0;;;0;0
000EW;2025-03-20 14:10:00;19.9;1017.6;46;8;0;;;;
000EW;2025-03-20 14:20:00;19.8;1017.6;46;7.9;0;;;;
000EW;2025-03-20 14:30:00;19.6;1017.5;47;7.9;0;;;;
000EW;2025-03-20 14:40:00;19.7;1017.4;47;8;0;;;;
000EW;2025-03-20 14:50:00;19.8;1017.4;46;7.9;0;;;;
000EW;2025-03-20 15:00:00;19.8;1017.3;46;7.9;0;;;0;0
000EW;2025-03-20 15:10:00;19.5;1017.3;47;7.9;0;;;;
000EW;2025-03-20 15:20:00;19.4;1017.1;47;7.8;0;;;;
000EW;2025-03-20 15:30:00;19.3;1017.1;47;7.7;0;;;;
000EW;2025-03-20 15:40:00;19.2;1016.8;48;7.9;0;;;;
000EW;2025-03-20 15:50:00;19.1;1016.6;48;7.8;1.6;;146;;
000EW;2025-03-20 16:00:00;19;1016.6;48;7.7;0;;;0;0
000EW;2025-03-20 16:10:00;18.9;1016.7;49;7.9;1.6;;135;;
000EW;2025-03-20 16:20:00;18.9;1016.8;48;7.6;0;;;;
000EW;2025-03-20 16:30:00;18.9;1016.7;48;7.6;0;;;;
000EW;2025-03-20 16:40:00;18.7;1016.7;49;7.8;0;;;;
000EW;2025-03-20 16:50:00;18.7;1016.6;49;7.7;0.8;;135;;
000EW;2025-03-20 17:00:00;18.6;1016.6;49;7.6;0.8;;135;0;0
000EW;2025-03-20 17:10:00;18.4;1016.6;49;7.5;0;;;;
000EW;2025-03-20 17:20:00;18.3;1016.4;49;7.4;0;;;;
000EW;2025-03-20 17:30:00;18.2;1016.4;49;7.3;0;;;;
000EW;2025-03-20 17:40:00;18.1;1016.4;50;7.5;0;;;;
000EW;2025-03-20 17:50:00;17.9;1016.5;50;7.4;0;;;;
000EW;2025-03-20 18:00:00;17.8;1016.5;51;7.6;0;;;0;0
000EW;2025-03-20 18:10:00;17.7;1016.6;51;7.5;0;;;;
000EW;2025-03-20 18:20:00;17.6;1016.6;51;7.3;0;;;;
000EW;2025-03-20 18:30:00;17.4;1016.6;52;7.5;0;;;;
000EW;2025-03-20 18:40:00;17.3;1016.5;52;7.3;0;;;;
000EW;2025-03-20 18:50:00;17.2;1016.5;53;7.5;0;;;;
000EW;2025-03-20 19:00:00;17;1016.5;53;7.3;0;;;0;0
000EW;2025-03-20 19:10:00;16.9;1016.4;54;7.5;0;;;;
000EW;2025-03-20 19:20:00;16.7;1016.4;54;7.4;0;;;;
000EW;2025-03-20 19:30:00;16.6;1016.4;55;7.5;0;;;;
000EW;2025-03-20 19:40:00;16.4;1016.3;55;7.4;0;;;;
000EW;2025-03-20 19:50:00;16.3;1016.3;56;7.5;0;;;;
000EW;2025-03-20 20:00:00;16.2;1016.1;56;7.4;0;;;0;0
000EW;2025-03-20 20:10:00;16.1;1016.1;56;7.3;0;;;;
000EW;2025-03-20 20:20:00;16;1016.1;57;7.5;0;;;;
000EW;2025-03-20 20:30:00;15.9;1016;57;7.4;0;;;;
000EW;2025-03-20 20:40:00;15.8;1016;57;7.3;0;;;;
000EW;2025-03-20 20:50:00;15.7;1016;57;7.2;0;;;;
000EW;2025-03-20 21:00:00;15.6;1015.9;57;7.1;0;;;0;0
000EW;2025-03-20 21:10:00;15.5;1015.8;58;7.3;0;;;;
000EW;2025-03-20 21:20:00;15.4;1015.8;58;7.2;0;;;;
000EW;2025-03-20 21:30:00;15.3;1015.8;58;7.1;0;;;;
000EW;2025-03-20 21:40:00;15.2;1015.6;59;7.2;0;;;;
000EW;2025-03-20 21:50:00;15.1;1015.6;59;7.1;0;;;;
000EW;2025-03-20 22:00:00;14.9;1015.5;60;7.2;0;;;0;0
000EW;2025-03-20 22:10:00;14.8;1015.3;60;7.1;0;;;;
000EW;2025-03-20 22:20:00;14.6;1015.3;61;7.1;0;;;;
000EW;2025-03-20 22:30:00;14.5;1015.3;61;7.1;0;;;;
000EW;2025-03-20 22:40:00;14.4;1015.2;61;7;0;;;;
000EW;2025-03-20 22:50:00;14.3;1015;62;7.1;0;;;;
000EW;2025-03-20 23:00:00;14.2;1015;62;7;0;;;0;0
000EW;2025-03-20 23:10:00;14.2;1015;62;7;0;;;;
000EW;2025-03-20 23:20:00;14.1;1014.9;62;6.9;0;;;;
000EW;2025-03-20 23:30:00;13.9;1014.7;63;7;0;;;;
000EW;2025-03-20 23:40:00;13.8;1014.6;63;6.9;0;;;;
000EW;2025-03-20 23:50:00;13.8;1014.2;63;6.9;0;;;;
000EW;2025-03-21 00:00:00;13.8;1014.1;63;6.9;0;;;0;0
000EW;2025-03-21 00:10:00;13.7;1014.1;63;6.8;0;;;;
000EW;2025-03-21 00:20:00;13.6;1013.9;63;6.7;0;;;;
000EW;2025-03-21 00:30:00;13.5;1014;63;6.6;0;;;;
000EW;2025-03-21 00:40:00;13.5;1014.2;64;6.8;0;;;;
000EW;2025-03-21 00:50:00;13.6;1014;63;6.6;0;;;;
000EW;2025-03-21 01:00:00;13.6;1013.6;63;6.7;0;;;0;0
000EW;2025-03-21 01:10:00;13.6;1013.5;63;6.7;0;;;;
000EW;2025-03-21 01:20:00;13.4;1013.2;63;6.5;0;;;;
000EW;2025-03-21 01:30:00;13.4;1013.1;64;6.7;0;;;;
000EW;2025-03-21 01:40:00;13.4;1013.1;64;6.8;0;;;;
000EW;2025-03-21 01:50:00;13.4;1012.8;64;6.7;0;;;;
000EW;2025-03-21 02:00:00;13.3;1012.7;64;6.7;0;;;0;0
000EW;2025-03-21 02:10:00;13.3;1012.4;64;6.7;0;;;;
000EW;2025-03-21 02:20:00;13.3;1012.3;64;6.7;0;;;;
000EW;2025-03-21 02:30:00;13.3;1012.2;64;6.7;0;;;;
000EW;2025-03-21 02:40:00;13.3;1012.2;64;6.7;0;;;;
000EW;2025-03-21 02:50:00;13.2;1012.2;64;6.6;0;;;;
000EW;2025-03-21 03:00:00;13.2;1012.1;65;6.8;0;;;0;0
000EW;2025-03-21 03:10:00;13.2;1012;65;6.7;0;;;;
000EW;2025-03-21 03:20:00;13.1;1011.8;65;6.7;0;;;;
000EW;2025-03-21 03:30:00;13.1;1011.6;65;6.6;0;;;;
000EW;2025-03-21 03:40:00;13;1011.6;65;6.6;0;;;;
000EW;2025-03-21 03:50:00;12.9;1011.5;65;6.5;0;;;;
000EW;2025-03-21 04:00:00;12.8;1011.4;66;6.6;0;;;0;0
000EW;2025-03-21 04:10:00;12.7;1011.3;66;6.5;0;;;;
000EW;2025-03-21 04:20:00;12.7;1011.1;66;6.5;0;;;;
000EW;2025-03-21 04:30:00;12.6;1011.1;67;6.6;0;;;;
000EW;2025-03-21 04:40:00;12.5;1010.9;67;6.5;0;;;;
000EW;2025-03-21 04:50:00;12.4;1010.6;68;6.7;0;;;;
000EW;2025-03-21 05:00:00;12.6;1010.5;67;6.6;0;;;0;0
000EW;2025-03-21 05:10:00;12.6;1010.4;67;6.6;0;;;;
000EW;2025-03-21 05:20:00;12.7;1010.2;67;6.7;0.8;;158;;
000EW;2025-03-21 05:30:00;12.7;1010.2;67;6.8;0;;;;
000EW;2025-03-21 05:40:00;12.7;1010;67;6.8;0;;;;
000EW;2025-03-21 05:50:00;12.7;1009.8;67;6.7;0;;;;
000EW;2025-03-21 06:00:00;12.7;1009.6;67;6.8;0;;;0;0
000EW;2025-03-21 06:10:00;12.8;1009.5;67;6.8;0;;;;
000EW;2025-03-21 06:20:00;12.9;1009.6;67;6.9;0;;;;
000EW;2025-03-21 06:30:00;12.9;1009.6;67;6.9;0;;;;
000EW;2025-03-21 06:40:00;12.9;1009.6;67;6.9;0;;;;
000EW;2025-03-21 06:50:00;12.9;1009.6;67;7;1.6;;146;;
000EW;2025-03-21 07:00:00;13;1009.6;67;7;0.8;;135;0;0
000EW;2025-03-21 07:10:00;13.1;1009.3;67;7.1;0.8;;135;;
000EW;2025-03-21 07:20:00;13.3;1009.2;67;7.3;0.8;;135;;
000EW;2025-03-21 07:30:00;13.4;1009.2;66;7.2;0.8;;135;;
000EW;2025-03-21 07:40:00;13.6;1009;66;7.3;0.8;;135;;
000EW;2025-03-21 07:50:00;13.8;1008.8;65;7.4;0;;;;
000EW;2025-03-21 08:00:00;13.9;1008.7;65;7.5;2.4;;146;0;0
000EW;2025-03-21 08:10:00;14.1;1008.8;64;7.3;0;;;;
000EW;2025-03-21 08:20:00;14.2;1008.6;64;7.5;1.6;;135;;
000EW;2025-03-21 08:30:00;14.3;1008.5;64;7.6;3.2;;135;;
000EW;2025-03-21 08:40:00;14.3;1008.6;64;7.6;1.6;;146;;
000EW;2025-03-21 08:50:00;14.5;1008.4;64;7.8;1.6;;135;;
000EW;2025-03-21 09:00:00;14.6;1008.2;64;7.9;0;;;0;0
000EW;2025-03-21 09:10:00;14.7;1008.2;63;7.7;3.2;;146;;
000EW;2025-03-21 09:20:00;15.1;1008.1;63;8.1;1.6;;135;;
000EW;2025-03-21 09:30:00;15.2;1008.1;62;8;0.8;;135;;
000EW;2025-03-21 09:40:00;15.2;1008.1;62;8;1.6;;146;;
000EW;2025-03-21 09:50:00;15.4;1007.9;62;8.2;0.8;;158;;
000EW;2025-03-21 10:00:00;15.4;1007.7;62;8.2;0.8;;135;0;0
000EW;2025-03-21 10:10:00;15.4;1007.7;62;8.2;3.2;;135;;
000EW;2025-03-21 10:20:00;15.4;1007.6;63;8.4;1.6;;135;;
000EW;2025-03-21 10:30:00;15.6;1007.4;63;8.5;0;;;;
000EW;2025-03-21 10:40:00;15.8;1007.5;62;8.5;0.8;;135;;
000EW;2025-03-21 10:50:00;15.9;1007.5;62;8.7;1.6;;146;;
000EW;2025-03-21 11:00:00;16.1;1007.3;62;8.8;0.8;;135;0;0
000EW;2025-03-21 11:10:00;16.1;1007.3;62;8.8;0.8;;135;;
000EW;2025-03-21 11:20:00;16.2;1007.1;62;8.9;2.4;;135;;
000EW;2025-03-21 11:30:00;16.4;1007.1;61;8.8;1.6;;135;;
000EW;2025-03-21 11:40:00;16.4;1006.9;62;9.1;1.6;;135;;
000EW;2025-03-21 11:50:00;16.6;1006.8;62;9.2;2.4;;135;;
000EW;2025-03-21 12:00:00;16.6;1006.7;62;9.3;1.6;;146;0;0
000EW;2025-03-21 12:10:00;16.8;1006.7;61;9.2;0.8;;180;;
000EW;2025-03-21 12:20:00;16.9;1006.6;61;9.4;0.8;;135;;
000EW;2025-03-21 12:30:00;17.3;1006.5;61;9.7;0.8;;135;;
000EW;2025-03-21 12:40:00;17.6;1006.2;60;9.7;0.8;;135;;
000EW;2025-03-21 12:50:00;17.9;1006;59;9.8;0.8;;135;;
000EW;2025-03-21 13:00:00;18.1;1005.9;59;9.9;0.8;;180;0;0
000EW;2025-03-21 13:10:00;18.3;1005.9;58;9.9;0.8;;180;;
000EW;2025-03-21 13:20:00;18.6;1005.9;58;10.1;1.6;;169;;
000EW;2025-03-21 13:30:00;18.7;1005.8;57;10;1.6;;146;;
000EW;2025-03-21 13:40:00;18.8;1005.6;57;10.1;0.8;;180;;
000EW;2025-03-21 13:50:00;19.1;1005.4;56;10.1;0;;;;
000EW;2025-03-21 14:00:00;19.6;1005.2;53;9.8;0;;;0;0
000EW;2025-03-21 14:10:00;19.8;1005.1;52;9.6;0;;;;
000EW;2025-03-21 14:20:00;19.7;1005.1;51;9.2;0;;;;
000EW;2025-03-21 14:30:00;19.7;1004.8;52;9.5;0;;;;
000EW;2025-03-21 14:40:00;19.7;1004.5;51;9.3;0.8;;180;;
000EW;2025-03-21 14:50:00;19.8;1004.6;52;9.6;0.8;;135;;
000EW;2025-03-21 15:00:00;19.8;1004.3;51;9.4;0.8;;135;0;0
000EW;2025-03-21 15:10:00;19.7;1004.2;51;9.2;0;;;;
000EW;2025-03-21 15:20:00;19.6;1004.2;51;9.2;0.8;;135;;
000EW;2025-03-21 15:30:00;19.7;1004.4;51;9.3;0.8;;225;;
000EW;2025-03-21 15:40:00;19.6;1004.1;51;9.2;0;;;;
000EW;2025-03-21 15:50:00;19.6;1004.1;52;9.5;0.8;;158;;
000EW;2025-03-21 16:00:00;19.6;1003.8;52;9.4;0;;;0;0
000EW;2025-03-21 16:10:00;19.4;1003.5;53;9.6;0.8;;135;;
000EW;2025-03-21 16:20:00;19.3;1003.7;53;9.5;0;;;;
000EW;2025-03-21 16:30:00;19.3;1003.6;54;9.7;0;;;;
000EW;2025-03-21 16:40:00;19.2;1003.4;54;9.7;0;;;;
000EW;2025-03-21 16:50:00;19.1;1003;55;9.8;0.8;;135;;
000EW;2025-03-21 17:00:00;18.9;1003;56;10;0;;;0;0
000EW;2025-03-21 17:10:00;18.9;1003;56;9.9;0;;;;
000EW;2025-03-21 17:20:00;18.9;1003.4;56;9.9;0;;;;
000EW;2025-03-21 17:30:00;18.9;1003.6;56;9.9;0;;;;
000EW;2025-03-21 17:40:00;18.8;1003.6;57;10.1;0;;;;
000EW;2025-03-21 17:50:00;18.7;1003.6;59;10.5;0;;;;
000EW;2025-03-21 18:00:00;18.4;1003.5;60;10.5;0;;;0;0
000EW;2025-03-21 18:10:00;18.2;1003.4;61;10.6;0;;;;
000EW;2025-03-21 18:20:00;18.1;1003.4;62;10.7;0;;;;
000EW;2025-03-21 18:30:00;17.9;1003.6;64;11;0;;;;
000EW;2025-03-21 18:40:00;17.6;1003.9;66;11.2;0;;;;
000EW;2025-03-21 18:50:00;17.2;1003.8;68;11.2;0;;;;
000EW;2025-03-21 19:00:00;16.6;1003.7;71;11.3;0;;;0;0.2
000EW;2025-03-21 19:10:00;16.2;1003.7;73;11.3;0;;;;
000EW;2025-03-21 19:20:00;15.9;1003.5;76;11.7;0;;;;
000EW;2025-03-21 19:30:00;15.7;1003.4;77;11.7;0;;;;
000EW;2025-03-21 19:40:00;15.5;1003.4;78;11.7;0;;;;
000EW;2025-03-21 19:50:00;15.3;1003.4;79;11.7;0;;;;
000EW;2025-03-21 20:00:00;15.1;1003.3;80;11.7;0;;;0;0.6
000EW;2025-03-21 20:10:00;15;1003.2;80;11.6;0;;;;
000EW;2025-03-21 20:20:00;14.9;1003.3;81;11.7;0;;;;
000EW;2025-03-21 20:30:00;14.9;1003.3;82;11.8;0;;;;
000EW;2025-03-21 20:40:00;14.8;1003.5;82;11.8;0;;;;
000EW;2025-03-21 20:50:00;14.8;1003.5;83;12;0;;;;
000EW;2025-03-21 21:00:00;14.7;1003.6;83;11.9;0;;;0.8;0
000EW;2025-03-21 21:10:00;14.6;1003.6;84;11.9;0;;;;
000EW;2025-03-21 21:20:00;14.3;1003.5;85;11.8;0;;;;
000EW;2025-03-21 21:30:00;14.2;1003.5;86;11.9;0;;;;
000EW;2025-03-21 21:40:00;14;1003.3;87;11.9;0;;;;
000EW;2025-03-21 21:50:00;13.8;1003.2;87;11.7;0;;;;
000EW;2025-03-21 22:00:00;13.8;1003.2;88;11.8;0;;;0;1.8
000EW;2025-03-21 22:10:00;13.7;1003.1;89;11.9;0;;;;
000EW;2025-03-21 22:20:00;13.7;1003;89;11.9;0;;;;
000EW;2025-03-21 22:30:00;13.7;1003;90;12.1;0;;;;
000EW;2025-03-21 22:40:00;13.7;1002.9;90;12.1;0;;;;
000EW;2025-03-21 22:50:00;13.6;1002.7;90;11.9;0.8;;158;;
000EW;2025-03-21 23:00:00;13.5;1002.7;90;11.9;1.6;;135;0;1.6
000EW;2025-03-21 23:10:00;13.4;1002.4;90;11.8;0.8;;135;;
000EW;2025-03-21 23:20:00;13.4;1002.3;90;11.8;0;;;;
000EW;2025-03-21 23:30:00;13.4;1002.1;90;11.8;0;;;;
000EW;2025-03-21 23:40:00;13.4;1001.9;90;11.8;0;;;;
000EW;2025-03-21 23:50:00;13.4;1001.8;90;11.8;0;;;;
000EW;2025-03-22 00:00:00;13.4;1001.7;90;11.8;0;;;0;0.4
000EW;2025-03-22 00:10:00;13.4;1001.5;90;11.8;0;;;;
000EW;2025-03-22 00:20:00;13.4;1001.4;90;11.8;0;;;;
000EW;2025-03-22 00:30:00;13.4;1001.5;90;11.8;0;;;;
000EW;2025-03-22 00:40:00;13.3;1001.3;90;11.7;0;;;;
000EW;2025-03-22 00:50:00;13.3;1001.3;90;11.7;0;;;;
000EW;2025-03-22 01:00:00;13.3;1001.2;90;11.7;0;;;0;0
000EW;2025-03-22 01:10:00;13.3;1001.1;90;11.7;0;;;;
000EW;2025-03-22 01:20:00;13.3;1001.1;90;11.7;0;;;;
000EW;2025-03-22 01:30:00;13.3;1001;89;11.6;0;;;;
000EW;2025-03-22 01:40:00;13.3;1000.9;89;11.6;0;;;;
000EW;2025-03-22 01:50:00;13.3;1000.9;89;11.6;0;;;;
000EW;2025-03-22 02:00:00;13.3;1000.9;89;11.6;0;;;0;0.2
000EW;2025-03-22 02:10:00;13.3;1000.9;89;11.6;0;;;;
000EW;2025-03-22 02:20:00;13.3;1000.9;89;11.5;0;;;;
000EW;2025-03-22 02:30:00;13.3;1000.8;89;11.5;0;;;;
000EW;2025-03-22 02:40:00;13.2;1000.8;89;11.4;0;;;;
000EW;2025-03-22 02:50:00;13.2;1000.8;89;11.4;0;;;;
000EW;2025-03-22 03:00:00;13.2;1001;89;11.4;0;;;0;0
000EW;2025-03-22 03:10:00;13.2;1001;89;11.4;0.8;;225;;
000EW;2025-03-22 03:20:00;13.2;1001;89;11.4;0.8;;180;;
000EW;2025-03-22 03:30:00;13.2;1001;89;11.4;0;;;;
000EW;2025-03-22 03:40:00;13.1;1001.1;89;11.3;0;;;;
000EW;2025-03-22 03:50:00;13.1;1001;89;11.3;0;;;;
000EW;2025-03-22 04:00:00;13;1001;89;11.2;0.8;;203;0;0
000EW;2025-03-22 04:10:00;12.9;1000.9;89;11.2;0;;;;
000EW;2025-03-22 04:20:00;12.8;1000.8;89;11.1;0;;;;
000EW;2025-03-22 04:30:00;12.7;1000.8;89;11;0;;;;
000EW;2025-03-22 04:40:00;12.7;1000.9;89;10.9;1.6;;270;;
000EW;2025-03-22 04:50:00;12.7;1001;88;10.7;0;;;;
000EW;2025-03-22 05:00:00;12.6;1001;89;10.8;1.6;;169;0;0
000EW;2025-03-22 05:10:00;12.6;1001.1;89;10.8;0;;;;
000EW;2025-03-22 05:20:00;12.5;1001.2;89;10.7;0;;;;
000EW;2025-03-22 05:30:00;12.4;1001.3;90;10.8;0;;;;
000EW;2025-03-22 05:40:00;12.3;1001.4;90;10.7;0;;;;
000EW;2025-03-22 05:50:00;12.3;1001.4;90;10.7;0;;;;
000EW;2025-03-22 06:00:00;12.3;1001.3;90;10.7;0;;;0;0
000EW;2025-03-22 06:10:00;12.2;1001.1;90;10.6;0;;;;
000EW;2025-03-22 06:20:00;12.2;1001.2;90;10.6;0;;;;
000EW;2025-03-22 06:30:00;12.2;1001.3;91;10.7;0;;;;
000EW;2025-03-22 06:40:00;12.2;1001.4;90;10.6;0.8;;180;;
000EW;2025-03-22 06:50:00;12.1;1001.4;90;10.5;0.8;;135;;
000EW;2025-03-22 07:00:00;12.1;1001.4;90;10.5;0;;;0;0
000EW;2025-03-22 07:10:00;12.1;1001.5;90;10.5;0;;;;
000EW;2025-03-22 07:20:00;12.1;1001.5;89;10.4;0;;;;
000EW;2025-03-22 07:30:00;12.1;1001.6;90;10.5;0;;;;
000EW;2025-03-22 07:40:00;12.1;1001.5;90;10.5;0;;;;
000EW;2025-03-22 07:50:00;12.1;1001.4;90;10.5;0;;;;
000EW;2025-03-22 08:00:00;11.9;1001.5;90;10.4;0;;;0;0.4
000EW;2025-03-22 08:10:00;11.9;1001.5;90;10.4;0;;;;
000EW;2025-03-22 08:20:00;11.9;1001.5;90;10.4;0;;;;
000EW;2025-03-22 08:30:00;12;1001.6;90;10.4;0;;;;
000EW;2025-03-22 08:40:00;12.1;1001.7;91;10.6;0;;;;
000EW;2025-03-22 08:50:00;12.1;1001.7;90;10.5;0;;;;
000EW;2025-03-22 09:00:00;12.2;1001.6;90;10.6;0;;;0.4;0
000EW;2025-03-22 09:10:00;12.3;1001.6;90;10.7;0;;;;
000EW;2025-03-22 09:20:00;12.3;1001.6;89;10.6;0;;;;
000EW;2025-03-22 09:30:00;12.3;1001.5;89;10.6;0;;;;
000EW;2025-03-22 09:40:00;12.4;1001.4;90;10.8;0;;;;
000EW;2025-03-22 09:50:00;12.4;1001.2;90;10.8;0;;;;
000EW;2025-03-22 10:00:00;12.4;1001.1;90;10.8;0;;;0;0.6
000EW;2025-03-22 10:10:00;12.6;1000.9;90;11;0;;;;
000EW;2025-03-22 10:20:00;12.9;1000.7;89;11.2;0;;;;
000EW;2025-03-22 10:30:00;13.4;1000.6;89;11.6;0;;;;
000EW;2025-03-22 10:40:00;13.8;1000.5;87;11.7;0;;;;
000EW;2025-03-22 10:50:00;14.5;1000.4;84;11.8;0;;;;
000EW;2025-03-22 11:00:00;15.3;1000.4;81;12.1;0;;;0;0
000EW;2025-03-22 11:10:00;16;1000.4;75;11.6;0;;;;
000EW;2025-03-22 11:20:00;16.1;1000.3;73;11.2;0;;;;
000EW;2025-03-22 11:30:00;16.3;1000.2;70;10.8;0;;;;
000EW;2025-03-22 11:40:00;16.9;1000;68;10.9;0;;;;
000EW;2025-03-22 11:50:00;17.1;999.8;66;10.7;0;;;;
000EW;2025-03-22 12:00:00;17.5;999.7;67;11.3;0;;;0.6;0
000EW;2025-03-22 12:10:00;17.5;999.6;66;11.1;0;;;;
000EW;2025-03-22 12:20:00;17.5;999.5;65;10.8;0;;;;
000EW;2025-03-22 12:30:00;17.8;999.4;63;10.7;0;;;;
000EW;2025-03-22 12:40:00;18.1;999.3;62;10.7;0;;;;
000EW;2025-03-22 12:50:00;18.2;999.2;62;10.8;0;;;;
000EW;2025-03-22 13:00:00;18.3;999;63;11.1;0;;;0;0
000EW;2025-03-22 13:10:00;18.2;998.8;61;10.5;0;;;;
000EW;2025-03-22 13:20:00;18.1;998.6;60;10.2;0;;;;
000EW;2025-03-22 13:30:00;18.3;998.3;59;10.1;0.8;;158;;
000EW;2025-03-22 13:40:00;18.4;998.2;60;10.5;0;;;;
000EW;2025-03-22 13:50:00;18.5;998;60;10.6;0;;;;
000EW;2025-03-22 14:00:00;18.6;997.9;60;10.7;0;;;0;0
000EW;2025-03-22 14:10:00;18.6;997.7;61;10.9;0;;;;
000EW;2025-03-22 14:20:00;18.7;997.5;61;11;0;;;;
000EW;2025-03-22 14:30:00;18.8;997.4;60;10.8;0;;;;
000EW;2025-03-22 14:40:00;18.6;997.4;57;9.9;0;;;;
000EW;2025-03-22 14:50:00;18.5;997.2;59;10.3;0.8;;135;;
000EW;2025-03-22 15:00:00;18.7;997.3;60;10.8;0;;;0;0
000EW;2025-03-22 15:10:00;18.8;997.1;60;10.8;0;;;;
000EW;2025-03-22 15:20:00;18.6;997.1;60;10.7;0;;;;
000EW;2025-03-22 15:30:00;18.7;996.9;60;10.7;0;;;;
000EW;2025-03-22 15:40:00;18.6;996.8;60;10.7;0;;;;
000EW;2025-03-22 15:50:00;18.6;996.6;58;10.1;0;;;;
000EW;2025-03-22 16:00:00;18.4;996.6;58;10;0;;;0;0
000EW;2025-03-22 16:10:00;18.2;996.4;61;10.5;0;;;;
000EW;2025-03-22 16:20:00;18.1;996.3;62;10.7;0;;;;
000EW;2025-03-22 16:30:00;17.9;996.4;64;11;0;;;;
000EW;2025-03-22 16:40:00;17.8;996.4;65;11.2;0;;;;
000EW;2025-03-22 16:50:00;16.6;997.4;68;10.6;0.8;;158;;
000EW;2025-03-22 17:00:00;14.8;997.6;76;10.6;0.8;;158;0;0.2
000EW;2025-03-22 17:10:00;14.2;997.7;80;10.8;0;;;;
000EW;2025-03-22 17:20:00;13.7;997.7;83;10.8;0;;;;
000EW;2025-03-22 17:30:00;13.3;997.7;85;10.8;0;;;;
000EW;2025-03-22 17:40:00;13;997.8;86;10.7;0;;;;
000EW;2025-03-22 17:50:00;12.9;997.8;87;10.8;0;;;;
000EW;2025-03-22 18:00:00;12.9;997.8;88;11;0;;;2.6;2.4
000EW;2025-03-22 18:10:00;12.8;997.8;88;10.9;0;;;;
000EW;2025-03-22 18:20:00;12.8;997.8;88;10.9;0;;;;
000EW;2025-03-22 18:30:00;12.8;997.8;88;10.8;0;;;;
000EW;2025-03-22 18:40:00;12.8;997.8;89;11;0;;;;
000EW;2025-03-22 18:50:00;12.7;997.8;88;10.8;0;;;;
000EW;2025-03-22 19:00:00;12.6;997.9;88;10.7;0;;;0;0.2
000EW;2025-03-22 19:10:00;12.3;997.8;87;10.2;0;;;;
000EW;2025-03-22 19:20:00;12.2;997.8;87;10.1;0;;;;
000EW;2025-03-22 19:30:00;12.1;997.9;87;10;0;;;;
000EW;2025-03-22 19:40:00;11.9;997.9;87;9.8;0;;;;
000EW;2025-03-22 19:50:00;11.8;998.1;87;9.7;0;;;;
000EW;2025-03-22 20:00:00;11.7;998.2;87;9.6;0;;;0;0
000EW;2025-03-22 20:10:00;11.7;998.4;88;9.7;0;;;;
000EW;2025-03-22 20:20:00;11.6;998.6;88;9.6;0;;;;
000EW;2025-03-22 20:30:00;11.4;998.7;88;9.5;0;;;;
000EW;2025-03-22 20:40:00;11.3;998.6;88;9.4;0;;;;
000EW;2025-03-22 20:50:00;11.2;998.7;87;9.1;0;;;;
000EW;2025-03-22 21:00:00;11.1;998.8;87;9;0;;;0.2;0
000EW;2025-03-22 21:10:00;10.9;998.7;87;8.9;0;;;;
000EW;2025-03-22 21:20:00;10.9;998.7;87;8.8;0;;;;
000EW;2025-03-22 21:30:00;10.9;998.7;87;8.9;0;;;;
000EW;2025-03-22 21:40:00;10.9;998.8;87;8.9;0;;;;
000EW;2025-03-22 21:50:00;10.9;998.8;87;8.8;0;;;;
000EW;2025-03-22 22:00:00;10.8;998.9;87;8.8;0;;;0;0
000EW;2025-03-22 22:10:00;10.7;998.8;87;8.6;0;;;;
000EW;2025-03-22 22:20:00;10.6;999;87;8.5;0;;;;
000EW;2025-03-22 22:30:00;10.6;999;88;8.7;0;;;;
000EW;2025-03-22 22:40:00;10.4;999;88;8.5;0;;;;
000EW;2025-03-22 22:50:00;10.3;998.8;88;8.4;0;;;;
000EW;2025-03-22 23:00:00;10.3;998.9;88;8.4;0;;;0;0
000EW;2025-03-22 23:10:00;10.2;998.8;88;8.3;0;;;;
000EW;2025-03-22 23:20:00;10.2;998.8;88;8.3;0;;;;
000EW;2025-03-22 23:30:00;10.1;999;88;8.2;0;;;;
000EW;2025-03-22 23:40:00;10;998.8;88;8.1;0;;;;
000EW;2025-03-22 23:50:00;9.9;998.8;88;8;0;;;;
000EW;2025-03-23 00:00:00;9.7;998.8;88;7.8;0;;;0;0
000EW;2025-03-23 00:10:00;9.7;999;89;7.9;0;;;;
000EW;2025-03-23 00:20:00;9.6;998.8;89;7.8;0;;;;
000EW;2025-03-23 00:30:00;9.5;998.9;89;7.8;0;;;;
000EW;2025-03-23 00:40:00;9.4;998.9;89;7.7;0;;;;
000EW;2025-03-23 00:50:00;9.3;999;88;7.4;0;;;;
000EW;2025-03-23 01:00:00;9.3;998.9;88;7.4;0;;;0;0
000EW;2025-03-23 01:10:00;9.1;999;88;7.2;0;;;;
000EW;2025-03-23 01:20:00;9;998.8;88;7.1;0;;;;
000EW;2025-03-23 01:30:00;8.9;998.9;88;7.1;0;;;;
000EW;2025-03-23 01:40:00;8.9;998.7;88;7.1;0;;;;
000EW;2025-03-23 01:50:00;8.9;998.8;88;7.1;0;;;;
000EW;2025-03-23 02:00:00;8.9;998.7;88;7.1;0;;;0;0
000EW;2025-03-23 02:10:00;8.8;998.6;87;6.8;0;;;;
000EW;2025-03-23 02:20:00;8.7;998.6;88;6.8;0;;;;
000EW;2025-03-23 02:30:00;8.6;998.5;88;6.7;0;;;;
000EW;2025-03-23 02:40:00;8.4;998.6;88;6.6;0;;;;
000EW;2025-03-23 02:50:00;8.3;998.7;89;6.6;0;;;;
000EW;2025-03-23 03:00:00;8.3;998.8;89;6.6;0;;;0;0
000EW;2025-03-23 03:10:00;8.3;998.8;89;6.6;0;;;;
000EW;2025-03-23 03:20:00;8.3;998.8;89;6.6;0;;;;
000EW;2025-03-23 03:30:00;8.4;998.8;89;6.7;0;;;;
000EW;2025-03-23 03:40:00;8.4;998.8;89;6.7;0;;;;
000EW;2025-03-23 03:50:00;8.4;998.8;89;6.7;0.8;;135;;
000EW;2025-03-23 04:00:00;8.4;998.9;89;6.7;0;;;0;0
000EW;2025-03-23 04:10:00;8.4;998.8;89;6.7;0;;;;
000EW;2025-03-23 04:20:00;8.5;998.8;88;6.6;0;;;;
000EW;2025-03-23 04:30:00;8.5;998.9;88;6.6;0;;;;
000EW;2025-03-23 04:40:00;8.4;999;88;6.6;0;;;;
000EW;2025-03-23 04:50:00;8.4;998.9;88;6.6;0;;;;
000EW;2025-03-23 05:00:00;8.4;999;88;6.6;0;;;0;0
000EW;2025-03-23 05:10:00;8.4;999.1;89;6.7;0;;;;
000EW;2025-03-23 05:20:00;8.3;999.2;89;6.6;0;;;;
000EW;2025-03-23 05:30:00;8.3;999.2;89;6.6;0;;;;
000EW;2025-03-23 05:40:00;8.4;999.3;89;6.7;0;;;;
000EW;2025-03-23 05:50:00;8.4;999.5;89;6.7;0;;;;
000EW;2025-03-23 06:00:00;8.6;999.6;89;6.8;0;;;0;0
000EW;2025-03-23 06:10:00;8.6;999.6;89;6.9;0;;;;
000EW;2025-03-23 06:20:00;8.7;999.7;89;7;0;;;;
000EW;2025-03-23 06:30:00;8.8;999.8;89;7.1;0;;;;
000EW;2025-03-23 06:40:00;8.8;999.9;89;7.1;0;;;;
000EW;2025-03-23 06:50:00;8.8;999.9;89;7.1;0;;;;
000EW;2025-03-23 07:00:00;8.8;1000;89;7.1;0;;;0;0
000EW;2025-03-23 07:10:00;8.9;1000.1;89;7.2;0;;;;
000EW;2025-03-23 07:20:00;9.1;1000.2;89;7.3;0;;;;
000EW;2025-03-23 07:30:00;9.2;1000.3;88;7.3;0;;;;
000EW;2025-03-23 07:40:00;9.3;1000.3;88;7.4;0.8;;180;;
000EW;2025-03-23 07:50:00;9.4;1000.6;88;7.5;0;;;;
000EW;2025-03-23 08:00:00;9.3;1000.6;88;7.4;0;;;0;0
000EW;2025-03-23 08:10:00;9.3;1000.7;89;7.6;0;;;;
000EW;2025-03-23 08:20:00;9.3;1000.8;90;7.7;0;;;;
000EW;2025-03-23 08:30:00;9.3;1000.9;90;7.8;0;;;;
000EW;2025-03-23 08:40:00;9.3;1001;90;7.8;0;;;;
000EW;2025-03-23 08:50:00;9.4;1001.2;91;8;0;;;;
000EW;2025-03-23 09:00:00;9.6;1001.2;91;8.2;0;;;0;0
000EW;2025-03-23 09:10:00;9.6;1001.3;91;8.2;0;;;;
000EW;2025-03-23 09:20:00;9.7;1001.4;91;8.3;0;;;;
000EW;2025-03-23 09:30:00;9.8;1001.5;92;8.5;0;;;;
000EW;2025-03-23 09:40:00;9.8;1001.5;92;8.6;0;;;;
000EW;2025-03-23 09:50:00;9.9;1001.6;92;8.7;0;;;;
000EW;2025-03-23 10:00:00;10.2;1001.7;92;8.9;0;;;0;0.6
000EW;2025-03-23 10:10:00;10.3;1001.7;91;8.9;0;;;;
000EW;2025-03-23 10:20:00;10.5;1001.8;90;8.9;0;;;;
000EW;2025-03-23 10:30:00;10.6;1001.8;90;9;0;;;;
000EW;2025-03-23 10:40:00;10.7;1001.9;90;9.1;0;;;;
000EW;2025-03-23 10:50:00;10.9;1002;90;9.3;0;;;;
000EW;2025-03-23 11:00:00;11.1;1002;90;9.5;0;;;0;0.4
000EW;2025-03-23 11:10:00;11.4;1002;89;9.6;0;;;;
000EW;2025-03-23 11:20:00;11.6;1002.1;86;9.3;0;;;;
000EW;2025-03-23 11:30:00;12;1002.2;84;9.4;0;;;;
000EW;2025-03-23 11:40:00;12.1;1002.3;83;9.3;0;;;;
000EW;2025-03-23 11:50:00;12;1002.4;83;9.2;0;;;;
000EW;2025-03-23 12:00:00;12;1002.5;82;9;0;;;1;0
000EW;2025-03-23 12:10:00;12;1002.5;82;9;0;;;;
000EW;2025-03-23 12:20:00;12.2;1002.6;81;9;0;;;;
000EW;2025-03-23 12:30:00;12.6;1002.6;80;9.2;0;;;;
000EW;2025-03-23 12:40:00;12.6;1002.7;78;8.9;0;;;;
000EW;2025-03-23 12:50:00;12.6;1002.8;79;9;0;;;;
000EW;2025-03-23 13:00:00;12.1;1002.8;81;8.9;0;;;0;0.2
000EW;2025-03-23 13:10:00;12;1002.9;82;9;0;;;;
000EW;2025-03-23 13:20:00;12.2;1002.9;84;9.5;0;;;;
000EW;2025-03-23 13:30:00;12.2;1003;83;9.4;0;;;;
000EW;2025-03-23 13:40:00;12.3;1003;83;9.5;0;;;;
000EW;2025-03-23 13:50:00;12.3;1003.1;83;9.5;0;;;;
000EW;2025-03-23 14:00:00;12.4;1003.2;83;9.6;0;;;0;0.2
000EW;2025-03-23 14:10:00;12.7;1003.2;81;9.5;0;;;;
000EW;2025-03-23 14:20:00;13;1003.1;77;9.1;0;;;;
000EW;2025-03-23 14:30:00;13.4;1003.2;75;9;0;;;;
000EW;2025-03-23 14:40:00;13.4;1003.2;71;8.3;0;;;;
000EW;2025-03-23 14:50:00;13.6;1003.3;72;8.6;0;;;;
000EW;2025-03-23 15:00:00;14;1003.2;70;8.6;0;;;0.4;0
000EW;2025-03-23 15:10:00;14.6;1003.2;67;8.5;0;;;;
000EW;2025-03-23 15:20:00;14.6;1003.2;68;8.7;0;;;;
000EW;2025-03-23 15:30:00;14.3;1003.4;68;8.5;0;;;;
000EW;2025-03-23 15:40:00;14.3;1003.5;66;8;0;;;;
000EW;2025-03-23 15:50:00;14.2;1003.7;67;8.2;0;;;;
000EW;2025-03-23 16:00:00;14.1;1003.8;67;8.1;0;;;0;0
000EW;2025-03-23 16:10:00;14.4;1003.8;66;8.1;0;;;;
000EW;2025-03-23 16:20:00;14.3;1004;66;8.1;0;;;;
000EW;2025-03-23 16:30:00;14.2;1004;67;8.1;0;;;;
000EW;2025-03-23 16:40:00;14.2;1004.1;68;8.3;0;;;;
000EW;2025-03-23 16:50:00;14.1;1004.2;68;8.2;0;;;;
000EW;2025-03-23 17:00:00;14;1004.4;68;8.2;0;;;0;0
000EW;2025-03-23 17:10:00;13.8;1004.4;67;7.8;0;;;;
000EW;2025-03-23 17:20:00;13.6;1004.6;66;7.4;0;;;;
000EW;2025-03-23 17:30:00;13.3;1004.7;68;7.5;0;;;;
000EW;2025-03-23 17:40:00;13.2;1004.7;69;7.6;0;;;;
000EW;2025-03-23 17:50:00;13;1004.8;71;7.9;0;;;;
000EW;2025-03-23 18:00:00;12.8;1005;73;8.1;0;;;0;0
000EW;2025-03-23 18:10:00;12.6;1005.1;75;8.2;0;;;;
000EW;2025-03-23 18:20:00;12.3;1005.2;76;8.2;0;;;;
000EW;2025-03-23 18:30:00;12.2;1005.3;78;8.4;0;;;;
000EW;2025-03-23 18:40:00;12.1;1005.5;79;8.5;0;;;;
000EW;2025-03-23 18:50:00;11.9;1005.6;79;8.4;0;;;;
000EW;2025-03-23 19:00:00;11.9;1005.8;80;8.5;0;;;0;0
000EW;2025-03-23 19:10:00;11.8;1006;80;8.5;0;;;;
000EW;2025-03-23 19:20:00;11.8;1006.2;80;8.4;0;;;;
000EW;2025-03-23 19:30:00;11.7;1006.4;81;8.6;0;;;;
000EW;2025-03-23 19:40:00;11.7;1006.5;81;8.5;0;;;;
000EW;2025-03-23 19:50:00;11.6;1006.6;81;8.4;0;;;;
000EW;2025-03-23 20:00:00;11.4;1006.7;80;8.1;0;;;0;0
000EW;2025-03-23 20:10:00;11.4;1006.7;80;8.1;0;;;;
000EW;2025-03-23 20:20:00;11.3;1006.7;80;8;0;;;;
000EW;2025-03-23 20:30:00;11.3;1006.9;80;8;0;;;;
000EW;2025-03-23 20:40:00;11.3;1007.1;80;8;0;;;;
000EW;2025-03-23 20:50:00;11.2;1007.2;80;7.9;0;;;;
000EW;2025-03-23 21:00:00;11.2;1007.2;80;7.9;0;;;0;0
000EW;2025-03-23 21:10:00;11.3;1007.3;80;8;0;;;;
000EW;2025-03-23 21:20:00;11.3;1007.4;80;8;0;;;;
000EW;2025-03-23 21:30:00;11.2;1007.6;80;7.9;0;;;;
000EW;2025-03-23 21:40:00;11.2;1007.7;80;7.9;0;;;;
000EW;2025-03-23 21:50:00;11.2;1007.9;81;8.1;0;;;;
000EW;2025-03-23 22:00:00;11.2;1007.9;81;8;0;;;0;0
000EW;2025-03-23 22:10:00;11.2;1008.1;81;8;0;;;;
000EW;2025-03-23 22:20:00;11.2;1008.3;81;8;0;;;;
000EW;2025-03-23 22:30:00;11.2;1008.3;81;8;0;;;;
000EW;2025-03-23 22:40:00;11.2;1008.3;82;8.2;0;;;;
000EW;2025-03-23 22:50:00;11.2;1008.3;82;8.2;0;;;;
000EW;2025-03-23 23:00:00;11.2;1008.4;82;8.2;0;;;0;0
000EW;2025-03-23 23:10:00;11.1;1008.4;82;8.2;0;;;;
000EW;2025-03-23 23:20:00;11.1;1008.4;83;8.3;0;;;;
000EW;2025-03-23 23:30:00;11.1;1008.4;83;8.3;0;;;;
000EW;2025-03-23 23:40:00;11.1;1008.5;83;8.3;0;;;;
000EW;2025-03-23 23:50:00;11.1;1008.5;83;8.3;0;;;;
000EW;2025-03-24 00:00:00;11.1;1008.6;83;8.3;0;;;0;0
000EW;2025-03-24 00:10:00;11.1;1008.7;83;8.3;0;;;;
000EW;2025-03-24 00:20:00;11.1;1008.7;83;8.3;0;;;;
000EW;2025-03-24 00:30:00;11.2;1008.8;83;8.4;0;;;;
000EW;2025-03-24 00:40:00;11.2;1008.8;83;8.4;0;;;;
000EW;2025-03-24 00:50:00;11.2;1008.8;84;8.6;0;;;;
000EW;2025-03-24 01:00:00;11.1;1008.9;84;8.5;0;;;0;0
000EW;2025-03-24 01:10:00;11.1;1009;85;8.6;0;;;;
000EW;2025-03-24 01:20:00;11.1;1009;85;8.6;0;;;;
000EW;2025-03-24 01:30:00;11;1009.1;85;8.6;0;;;;
000EW;2025-03-24 01:40:00;11;1009.1;85;8.6;0;;;;
000EW;2025-03-24 01:50:00;11.1;1009.1;86;8.9;0;;;;
000EW;2025-03-24 02:00:00;11.2;1009.2;86;8.9;0;;;0;0
000EW;2025-03-24 02:10:00;11.1;1009.2;86;8.9;0;;;;
000EW;2025-03-24 02:20:00;11.1;1009.2;86;8.8;0;;;;
000EW;2025-03-24 02:30:00;11.1;1009.2;87;9;0;;;;
000EW;2025-03-24 02:40:00;11.2;1009.1;87;9.1;0;;;;
000EW;2025-03-24 02:50:00;11.1;1009.1;87;9;0;;;;
000EW;2025-03-24 03:00:00;11.1;1009.2;87;9;0;;;0;0
000EW;2025-03-24 03:10:00;10.9;1009.2;87;8.9;0;;;;
000EW;2025-03-24 03:20:00;10.8;1009.2;88;8.9;0;;;;
000EW;2025-03-24 03:30:00;10.8;1009.3;88;8.9;0;;;;
000EW;2025-03-24 03:40:00;10.7;1009.4;88;8.8;0;;;;
000EW;2025-03-24 03:50:00;10.7;1009.6;88;8.8;0;;;;
000EW;2025-03-24 04:00:00;10.6;1009.6;88;8.7;0;;;0;0
000EW;2025-03-24 04:10:00;10.5;1009.7;89;8.8;0;;;;
000EW;2025-03-24 04:20:00;10.4;1009.7;89;8.7;0;;;;
000EW;2025-03-24 04:30:00;10.3;1009.8;89;8.6;0;;;;
000EW;2025-03-24 04:40:00;10.2;1009.9;89;8.4;0;;;;
000EW;2025-03-24 04:50:00;10.1;1010.1;89;8.3;0;;;;
000EW;2025-03-24 05:00:00;10;1010.2;90;8.4;0;;;0;0
000EW;2025-03-24 05:10:00;10;1010.3;90;8.4;0;;;;
000EW;2025-03-24 05:20:00;9.9;1010.4;90;8.3;0;;;;
000EW;2025-03-24 05:30:00;9.9;1010.5;90;8.4;0;;;;
000EW;2025-03-24 05:40:00;9.9;1010.6;91;8.5;0;;;;
000EW;2025-03-24 05:50:00;9.9;1010.8;91;8.5;0;;;;
000EW;2025-03-24 06:00:00;10.1;1011;91;8.7;0;;;0;0
000EW;2025-03-24 06:10:00;9.9;1011.1;91;8.5;0;;;;
000EW;2025-03-24 06:20:00;9.9;1011.2;91;8.5;0;;;;
000EW;2025-03-24 06:30:00;9.9;1011.2;91;8.5;0;;;;
000EW;2025-03-24 06:40:00;9.9;1011.5;91;8.5;0;;;;
000EW;2025-03-24 06:50:00;10;1011.9;91;8.6;0;;;;
000EW;2025-03-24 07:00:00;10;1012;91;8.6;0;;;0;0
000EW;2025-03-24 07:10:00;10;1012.2;91;8.6;0;;;;
000EW;2025-03-24 07:20:00;10.1;1012.4;91;8.7;0;;;;
000EW;2025-03-24 07:30:00;10.3;1012.6;91;8.9;0;;;;
000EW;2025-03-24 07:40:00;10.4;1012.7;91;9;0;;;;
000EW;2025-03-24 07:50:00;10.6;1012.8;91;9.2;0;;;;
000EW;2025-03-24 08:00:00;10.8;1013;91;9.4;0;;;0;0
000EW;2025-03-24 08:10:00;11.1;1013.1;90;9.5;0;;;;
000EW;2025-03-24 08:20:00;11.3;1013.2;89;9.6;0;;;;
000EW;2025-03-24 08:30:00;11.7;1013.4;87;9.6;0;;;;
000EW;2025-03-24 08:40:00;11.9;1013.4;85;9.4;0;;;;
000EW;2025-03-24 08:50:00;12;1013.6;83;9.2;0;;;;
000EW;2025-03-24 09:00:00;12.2;1013.7;82;9.2;0;;;0;0
000EW;2025-03-24 09:10:00;12.6;1013.8;82;9.6;0;;;;
000EW;2025-03-24 09:20:00;13.2;1013.8;79;9.6;0;;;;
000EW;2025-03-24 09:30:00;13.7;1013.9;78;9.9;0;;;;
000EW;2025-03-24 09:40:00;14;1014.1;75;9.6;0;;;;
000EW;2025-03-24 09:50:00;14.1;1014.1;75;9.7;0;;;;
000EW;2025-03-24 10:00:00;14.1;1014.1;74;9.5;0;;;0;0
000EW;2025-03-24 10:10:00;14.2;1014.1;74;9.6;0;;;;
000EW;2025-03-24 10:20:00;14.4;1014.3;74;9.8;0;;;;
000EW;2025-03-24 10:30:00;14.6;1014.4;73;9.8;0;;;;
000EW;2025-03-24 10:40:00;14.7;1014.5;71;9.5;0;;;;
000EW;2025-03-24 10:50:00;14.6;1014.5;71;9.4;0;;;;
000EW;2025-03-24 11:00:00;14.7;1014.5;72;9.7;0;;;0;0
000EW;2025-03-24 11:10:00;15.3;1014.5;71;10;0;;;;
000EW;2025-03-24 11:20:00;15.1;1014.6;70;9.7;0;;;;
000EW;2025-03-24 11:30:00;15.2;1014.6;69;9.6;0;;;;
000EW;2025-03-24 11:40:00;15.3;1014.6;69;9.7;0;;;;
000EW;2025-03-24 11:50:00;15.4;1014.6;67;9.3;0;;;;
000EW;2025-03-24 12:00:00;15.4;1014.7;69;9.8;0;;;0;0
000EW;2025-03-24 12:10:00;15.7;1014.6;69;10;0;;;;
000EW;2025-03-24 12:20:00;16;1014.6;66;9.6;0;;;;
000EW;2025-03-24 12:30:00;16.6;1014.6;65;10;0;;;;
000EW;2025-03-24 12:40:00;16.8;1014.6;63;9.7;0;;;;
000EW;2025-03-24 12:50:00;16.7;1014.6;62;9.4;0;;;;
000EW;2025-03-24 13:00:00;17.1;1014.7;61;9.5;0;;;0;0
000EW;2025-03-24 13:10:00;17.2;1014.7;60;9.3;0;;;;
000EW;2025-03-24 13:20:00;16.8;1014.7;59;8.8;0;;;;
000EW;2025-03-24 13:30:00;16.7;1014.8;62;9.3;0;;;;
000EW;2025-03-24 13:40:00;17.2;1014.8;59;9.1;0;;;;
000EW;2025-03-24 13:50:00;17.5;1014.9;58;9.1;0;;;;
000EW;2025-03-24 14:00:00;17.5;1014.9;56;8.6;0;;;0;0
000EW;2025-03-24 14:10:00;17.2;1014.9;57;8.6;0;;;;
000EW;2025-03-24 14:20:00;16.9;1015;59;8.9;0;;;;
000EW;2025-03-24 14:30:00;16.4;1015;62;9.1;0;;;;
000EW;2025-03-24 14:40:00;16.1;1014.9;63;9.1;0;;;;
000EW;2025-03-24 14:50:00;16.1;1015;62;8.8;0;;;;
000EW;2025-03-24 15:00:00;16.1;1015;61;8.5;0;;;0;0
000EW;2025-03-24 15:10:00;16.1;1015.1;62;8.8;0;;;;
000EW;2025-03-24 15:20:00;15.9;1015.2;63;8.9;0;;;;
000EW;2025-03-24 15:30:00;15.8;1015.3;64;9;0;;;;
000EW;2025-03-24 15:40:00;15.8;1015.3;64;9;0;;;;
000EW;2025-03-24 15:50:00;15.8;1015.3;65;9.2;0;;;;
000EW;2025-03-24 16:00:00;15.8;1015.4;65;9.2;0;;;0;0
000EW;2025-03-24 16:10:00;15.8;1015.5;66;9.4;0;;;;
000EW;2025-03-24 16:20:00;15.8;1015.5;66;9.5;0;;;;
000EW;2025-03-24 16:30:00;15.8;1015.6;66;9.4;0;;;;
000EW;2025-03-24 16:40:00;15.8;1015.8;66;9.5;0;;;;
000EW;2025-03-24 16:50:00;15.8;1015.8;66;9.5;0;;;;
000EW;2025-03-24 17:00:00;15.8;1016;66;9.4;0;;;0;0
000EW;2025-03-24 17:10:00;15.8;1016;66;9.4;0;;;;
000EW;2025-03-24 17:20:00;15.8;1016;65;9.2;0;;;;
000EW;2025-03-24 17:30:00;15.8;1016.1;67;9.7;0;;;;
000EW;2025-03-24 17:40:00;15.6;1016.2;68;9.7;0;;;;
000EW;2025-03-24 17:50:00;15.4;1016.3;69;9.8;0;;;;
000EW;2025-03-24 18:00:00;15.3;1016.3;70;9.8;0;;;0;0
000EW;2025-03-24 18:10:00;15.2;1016.4;70;9.8;0;;;;
000EW;2025-03-24 18:20:00;15.2;1016.5;70;9.7;0;;;;
000EW;2025-03-24 18:30:00;15.1;1016.6;70;9.6;0;;;;
000EW;2025-03-24 18:40:00;15;1016.7;70;9.6;0;;;;
000EW;2025-03-24 18:50:00;14.9;1016.9;70;9.5;0;;;;
000EW;2025-03-24 19:00:00;14.8;1017;71;9.6;0;;;0;0
000EW;2025-03-24 19:10:00;14.7;1017.2;73;9.9;0;;;;
000EW;2025-03-24 19:20:00;14.6;1017.3;74;10;0;;;;
000EW;2025-03-24 19:30:00;14.4;1017.5;75;10.1;0;;;;
000EW;2025-03-24 19:40:00;14.3;1017.7;76;10.2;0;;;;
000EW;2025-03-24 19:50:00;14.3;1017.8;76;10.1;0;;;;
000EW;2025-03-24 20:00:00;14.2;1018;76;10;0;;;0;0
000EW;2025-03-24 20:10:00;14.1;1018.1;77;10.1;0;;;;
000EW;2025-03-24 20:20:00;14;1018.3;77;10;0;;;;
000EW;2025-03-24 20:30:00;13.9;1018.4;78;10.1;0;;;;
000EW;2025-03-24 20:40:00;13.8;1018.6;78;10.1;0;;;;
000EW;2025-03-24 20:50:00;13.7;1018.6;79;10.1;0;;;;
000EW;2025-03-24 21:00:00;13.6;1018.8;79;10;0;;;0;0
000EW;2025-03-24 21:10:00;13.4;1018.9;80;10;0;;;;
000EW;2025-03-24 21:20:00;13.3;1018.9;81;10.1;0;;;;
000EW;2025-03-24 21:30:00;13.2;1019.1;81;10;0;;;;
000EW;2025-03-24 21:40:00;13.1;1019.1;82;10.1;0;;;;
000EW;2025-03-24 21:50:00;12.9;1019.2;82;9.9;0;;;;
000EW;2025-03-24 22:00:00;12.8;1019.2;82;9.8;0;;;0;0
000EW;2025-03-24 22:10:00;12.8;1019.3;83;10;0;;;;
000EW;2025-03-24 22:20:00;12.6;1019.5;83;9.8;0;;;;
000EW;2025-03-24 22:30:00;12.4;1019.6;83;9.6;0;;;;
000EW;2025-03-24 22:40:00;12.3;1019.7;83;9.5;0;;;;
000EW;2025-03-24 22:50:00;12.3;1019.7;83;9.5;0;;;;
000EW;2025-03-24 23:00:00;12.2;1019.8;83;9.4;0;;;0;0
000EW;2025-03-24 23:10:00;12.1;1019.8;83;9.3;0;;;;
000EW;2025-03-24 23:20:00;11.9;1019.8;83;9.1;0;;;;
000EW;2025-03-24 23:30:00;11.9;1019.9;83;9.1;0;;;;
000EW;2025-03-24 23:40:00;11.8;1019.9;83;9;0;;;;
000EW;2025-03-24 23:50:00;11.8;1019.9;83;9;0;;;;
000EW;2025-03-25 00:00:00;11.7;1019.9;83;8.9;0;;;0;0
000EW;2025-03-25 00:10:00;11.6;1019.8;84;9;0;;;;
000EW;2025-03-25 00:20:00;11.5;1019.9;84;8.9;0;;;;
000EW;2025-03-25 00:30:00;11.4;1019.9;84;8.8;0;;;;
000EW;2025-03-25 00:40:00;11.3;1020;84;8.7;0;;;;
000EW;2025-03-25 00:50:00;11.2;1020;84;8.6;0;;;;
000EW;2025-03-25 01:00:00;11.1;1020.1;84;8.5;0;;;0;0
000EW;2025-03-25 01:10:00;11.1;1020;85;8.6;0;;;;
000EW;2025-03-25 01:20:00;10.8;1020.1;85;8.4;0;;;;
000EW;2025-03-25 01:30:00;10.8;1020.1;85;8.4;0;;;;
000EW;2025-03-25 01:40:00;10.7;1020;85;8.2;0;;;;
000EW;2025-03-25 01:50:00;10.6;1019.9;85;8.2;0;;;;
000EW;2025-03-25 02:00:00;10.5;1019.9;85;8.1;0;;;0;0
000EW;2025-03-25 02:10:00;10.4;1019.9;86;8.2;0;;;;
000EW;2025-03-25 02:20:00;10.5;1019.8;86;8.3;0;;;;
000EW;2025-03-25 02:30:00;10.4;1019.8;86;8.2;0;;;;
000EW;2025-03-25 02:40:00;10.4;1019.8;86;8.1;0;;;;
000EW;2025-03-25 02:50:00;10.4;1019.8;86;8.1;0;;;;
000EW;2025-03-25 03:00:00;10.3;1019.9;86;8.1;0;;;0;0
000EW;2025-03-25 03:10:00;10.3;1019.9;87;8.2;0;;;;
000EW;2025-03-25 03:20:00;10.2;1020;87;8.2;0;;;;
000EW;2025-03-25 03:30:00;10.1;1020;87;8;0;;;;
000EW;2025-03-25 03:40:00;10.1;1020.1;87;8;0;;;;
000EW;2025-03-25 03:50:00;10.1;1020.1;87;8;0;;;;
000EW;2025-03-25 04:00:00;10.1;1020.2;87;8;0;;;0;0
000EW;2025-03-25 04:10:00;10;1020.3;87;7.9;0;;;;
000EW;2025-03-25 04:20:00;9.9;1020.3;87;7.8;0;;;;
000EW;2025-03-25 04:30:00;9.8;1020.3;87;7.8;0;;;;
000EW;2025-03-25 04:40:00;9.7;1020.3;87;7.7;0;;;;
000EW;2025-03-25 04:50:00;9.7;1020.3;87;7.6;0;;;;
000EW;2025-03-25 05:00:00;9.5;1020.5;87;7.4;0;;;0;0
000EW;2025-03-25 05:10:00;9.3;1020.6;87;7.3;0;;;;
000EW;2025-03-25 05:20:00;9.1;1020.8;87;7;0;;;;
000EW;2025-03-25 05:30:00;8.8;1020.9;87;6.8;0;;;;
000EW;2025-03-25 05:40:00;8.8;1021;87;6.8;0;;;;
000EW;2025-03-25 05:50:00;8.9;1021.1;86;6.7;0;;;;
000EW;2025-03-25 06:00:00;8.9;1021.2;86;6.7;0;;;0;0
000EW;2025-03-25 06:10:00;8.7;1021.4;85;6.3;0;;;;
000EW;2025-03-25 06:20:00;8.4;1021.4;85;6.1;0;;;;
000EW;2025-03-25 06:30:00;8.4;1021.5;84;5.8;0;;;;
000EW;2025-03-25 06:40:00;8.3;1021.6;84;5.7;0;;;;
000EW;2025-03-25 06:50:00;8.3;1021.6;83;5.6;0;;;;
000EW;2025-03-25 07:00:00;8.3;1021.7;83;5.6;0;;;0;0
000EW;2025-03-25 07:10:00;8.2;1021.7;83;5.5;0;;;;
000EW;2025-03-25 07:20:00;8.1;1021.8;82;5.2;0;;;;
000EW;2025-03-25 07:30:00;8;1021.8;82;5.1;0;;;;
000EW;2025-03-25 07:40:00;8;1021.8;82;5.1;0.8;;23;;
000EW;2025-03-25 07:50:00;8.1;1021.9;83;5.3;0;;;;
000EW;2025-03-25 08:00:00;8.3;1021.9;82;5.4;0;;;0;0
000EW;2025-03-25 08:10:00;8.3;1022;81;5.3;0.8;;45;;
000EW;2025-03-25 08:20:00;8.3;1022.1;82;5.4;0;;;;
000EW;2025-03-25 08:30:00;8.4;1022.3;82;5.5;0;;;;
000EW;2025-03-25 08:40:00;8.6;1022.4;81;5.5;0;;;;
000EW;2025-03-25 08:50:00;8.8;1022.5;81;5.8;0;;;;
000EW;2025-03-25 09:00:00;8.9;1022.5;80;5.6;0;;;0;0
000EW;2025-03-25 09:10:00;9;1022.5;79;5.6;0;;;;
000EW;2025-03-25 09:20:00;9.1;1022.5;79;5.7;0;;;;
000EW;2025-03-25 09:30:00;9.2;1022.5;79;5.7;0;;;;
000EW;2025-03-25 09:40:00;9.5;1022.6;79;6;0;;;;
000EW;2025-03-25 09:50:00;9.6;1022.6;77;5.7;0;;;;
000EW;2025-03-25 10:00:00;9.6;1022.6;78;6;0;;;0;0
000EW;2025-03-25 10:10:00;9.6;1022.6;78;6;0;;;;
000EW;2025-03-25 10:20:00;10.1;1022.6;77;6.2;0;;;;
000EW;2025-03-25 10:30:00;10.2;1022.5;77;6.4;0;;;;
000EW;2025-03-25 10:40:00;10.7;1022.5;74;6.2;0;;;;
000EW;2025-03-25 10:50:00;11.1;1022.4;74;6.7;0;;;;
000EW;2025-03-25 11:00:00;11.3;1022.4;73;6.6;0;;;0;0
000EW;2025-03-25 11:10:00;11.3;1022.4;73;6.7;0;;;;
000EW;2025-03-25 11:20:00;11.5;1022.4;72;6.6;0;;;;
000EW;2025-03-25 11:30:00;12.1;1022.4;70;6.8;0;;;;
000EW;2025-03-25 11:40:00;12.2;1022.3;70;6.9;0;;;;
000EW;2025-03-25 11:50:00;12.7;1022.2;69;7.1;0;;;;
000EW;2025-03-25 12:00:00;13.3;1022;66;7.1;0;;;0;0
000EW;2025-03-25 12:10:00;13.3;1022;67;7.3;0;;;;
000EW;2025-03-25 12:20:00;13.4;1022;67;7.4;0;;;;
000EW;2025-03-25 12:30:00;13.5;1021.9;65;7;0;;;;
000EW;2025-03-25 12:40:00;13.6;1021.8;66;7.4;0;;;;
000EW;2025-03-25 12:50:00;14.1;1021.7;65;7.6;0;;;;
000EW;2025-03-25 13:00:00;13.9;1021.7;64;7.2;0;;;0;0
000EW;2025-03-25 13:10:00;14.1;1021.7;66;7.8;0;;;;
000EW;2025-03-25 13:20:00;14.3;1021.5;63;7.3;0;;;;
000EW;2025-03-25 13:30:00;14.3;1021.4;62;7.1;0;;;;
000EW;2025-03-25 13:40:00;14.6;1021.3;62;7.4;0;;;;
000EW;2025-03-25 13:50:00;15.1;1021.4;61;7.6;0;;;;
000EW;2025-03-25 14:00:00;15.1;1021.3;60;7.4;0;;;0;0
000EW;2025-03-25 14:10:00;15.4;1021.2;60;7.7;0;;;;
000EW;2025-03-25 14:20:00;15.3;1021.1;61;7.9;0;;;;
000EW;2025-03-25 14:30:00;15.8;1021.2;60;8;0;;;;
000EW;2025-03-25 14:40:00;15.6;1021.2;59;7.6;0;;;;
000EW;2025-03-25 14:50:00;15.1;1021.1;61;7.6;0;;;;
000EW;2025-03-25 15:00:00;15.1;1021.1;60;7.4;0;;;0;0
000EW;2025-03-25 15:10:00;15.3;1021;60;7.6;0;;;;
000EW;2025-03-25 15:20:00;15.3;1020.9;61;7.8;0;;;;
000EW;2025-03-25 15:30:00;15.5;1020.9;60;7.8;0;;;;
000EW;2025-03-25 15:40:00;14.8;1020.9;63;7.8;0;;;;
000EW;2025-03-25 15:50:00;14.5;1020.9;65;8;0;;;;
000EW;2025-03-25 16:00:00;14.6;1020.9;65;8.1;0;;;0;0
000EW;2025-03-25 16:10:00;14.6;1020.9;65;8.1;0;;;;
000EW;2025-03-25 16:20:00;14.2;1020.9;66;7.9;0;;;;
000EW;2025-03-25 16:30:00;14.1;1020.9;65;7.6;0;;;;
000EW;2025-03-25 16:40:00;14.4;1020.9;65;7.9;0;;;;
000EW;2025-03-25 16:50:00;14.3;1021;64;7.6;0;;;;
000EW;2025-03-25 17:00:00;14.1;1021;65;7.6;0;;;0;0
000EW;2025-03-25 17:10:00;14.1;1021.1;65;7.6;0;;;;
000EW;2025-03-25 17:20:00;13.9;1021.2;66;7.6;0;;;;
000EW;2025-03-25 17:30:00;13.7;1021.2;67;7.7;0;;;;
000EW;2025-03-25 17:40:00;13.6;1021.2;68;7.8;0;;;;
000EW;2025-03-25 17:50:00;13.4;1021.4;68;7.6;0;;;;
000EW;2025-03-25 18:00:00;13.2;1021.4;70;7.9;0;;;0;0
000EW;2025-03-25 18:10:00;13.1;1021.5;70;7.8;0;;;;
000EW;2025-03-25 18:20:00;13.1;1021.5;71;7.9;0;;;;
000EW;2025-03-25 18:30:00;12.9;1021.6;71;7.8;0;;;;
000EW;2025-03-25 18:40:00;12.8;1021.6;70;7.5;0;;;;
000EW;2025-03-25 18:50:00;12.8;1021.7;71;7.7;0;;;;
000EW;2025-03-25 19:00:00;12.7;1021.7;71;7.6;0;;;0;0
000EW;2025-03-25 19:10:00;12.7;1021.9;72;7.7;0;;;;
000EW;2025-03-25 19:20:00;12.6;1022;71;7.5;0;;;;
000EW;2025-03-25 19:30:00;12.6;1022;72;7.6;0;;;;
000EW;2025-03-25 19:40:00;12.5;1022;72;7.6;0;;;;
000EW;2025-03-25 19:50:00;12.4;1022.1;73;7.7;0;;;;
000EW;2025-03-25 20:00:00;12.3;1022.1;73;7.6;0;;;0;0
000EW;2025-03-25 20:10:00;12.2;1022.1;73;7.5;0;;;;
000EW;2025-03-25 20:20:00;12.2;1022.1;73;7.5;0;;;;
000EW;2025-03-25 20:30:00;12.1;1022.1;74;7.6;0;;;;
000EW;2025-03-25 20:40:00;12.1;1022.1;74;7.6;0.8;;0;;
000EW;2025-03-25 20:50:00;11.9;1022.2;75;7.6;0;;;;
000EW;2025-03-25 21:00:00;11.8;1022.2;75;7.5;0;;;0;0
000EW;2025-03-25 21:10:00;11.7;1022.3;76;7.6;0;;;;
000EW;2025-03-25 21:20:00;11.6;1022.3;77;7.7;0;;;;
000EW;2025-03-25 21:30:00;11.4;1022.4;78;7.7;0;;;;
000EW;2025-03-25 21:40:00;11.3;1022.4;78;7.6;0;;;;
000EW;2025-03-25 21:50:00;11.2;1022.4;79;7.7;0;;;;
000EW;2025-03-25 22:00:00;11.1;1022.4;79;7.6;0;;;0;0
000EW;2025-03-25 22:10:00;11.1;1022.4;79;7.6;0;;;;
000EW;2025-03-25 22:20:00;10.9;1022.5;80;7.6;0;;;;
000EW;2025-03-25 22:30:00;10.8;1022.6;80;7.5;0;;;;
000EW;2025-03-25 22:40:00;10.8;1022.5;80;7.5;0;;;;
000EW;2025-03-25 22:50:00;10.8;1022.6;80;7.5;0;;;;
000EW;2025-03-25 23:00:00;10.7;1022.7;80;7.4;0;;;0;0
000EW;2025-03-25 23:10:00;10.7;1022.7;80;7.4;0;;;;
000EW;2025-03-25 23:20:00;10.6;1022.7;80;7.3;0;;;;
000EW;2025-03-25 23:30:00;10.6;1022.7;81;7.4;0;;;;
000EW;2025-03-25 23:40:00;10.6;1022.6;80;7.3;0;;;;
000EW;2025-03-25 23:50:00;10.6;1022.7;80;7.3;0;;;;
000EW;2025-03-26 00:00:00;10.5;1022.6;80;7.2;0;;;0;0
000EW;2025-03-26 00:10:00;10.4;1022.6;80;7.1;0;;;;
000EW;2025-03-26 00:20:00;10.3;1022.5;81;7.2;0;;;;
000EW;2025-03-26 00:30:00;10.3;1022.4;81;7.2;0;;;;
000EW;2025-03-26 00:40:00;10.3;1022.4;81;7.2;0;;;;
000EW;2025-03-26 00:50:00;10.3;1022.2;81;7.2;0;;;;
000EW;2025-03-26 01:00:00;10.3;1022.2;81;7.2;0;;;0;0
000EW;2025-03-26 01:10:00;10.3;1022.2;81;7.2;0;;;;
000EW;2025-03-26 01:20:00;10.3;1022.1;81;7.2;0;;;;
000EW;2025-03-26 01:30:00;10.3;1022;81;7.2;0;;;;
000EW;2025-03-26 01:40:00;10.3;1022;81;7.2;0;;;;
000EW;2025-03-26 01:50:00;10.3;1022;81;7.2;0;;;;
000EW;2025-03-26 02:00:00;10.3;1022;81;7.2;0;;;0;0
000EW;2025-03-26 02:10:00;10.3;1022;82;7.3;0;;;;
000EW;2025-03-26 02:20:00;10.2;1022;82;7.3;0;;;;
000EW;2025-03-26 02:30:00;10.3;1022;82;7.3;0;;;;
000EW;2025-03-26 02:40:00;10.2;1022;83;7.5;0;;;;
000EW;2025-03-26 02:50:00;10.1;1021.9;84;7.5;0;;;;
000EW;2025-03-26 03:00:00;10.1;1021.9;85;7.6;0;;;0;0
000EW;2025-03-26 03:10:00;10;1022;85;7.6;0;;;;
000EW;2025-03-26 03:20:00;10;1021.9;86;7.8;0;;;;
000EW;2025-03-26 03:30:00;10.1;1021.9;86;7.8;0;;;;
000EW;2025-03-26 03:40:00;10.1;1021.9;86;7.9;0;;;;
000EW;2025-03-26 03:50:00;10.2;1021.8;86;7.9;0;;;;
000EW;2025-03-26 04:00:00;10.2;1021.9;86;7.9;0;;;0;0
000EW;2025-03-26 04:10:00;10.2;1021.9;86;7.9;0;;;;
000EW;2025-03-26 04:20:00;10.2;1021.9;86;7.9;0;;;;
000EW;2025-03-26 04:30:00;10.2;1021.9;86;7.9;0;;;;
000EW;2025-03-26 04:40:00;10.1;1022;86;7.9;0;;;;
000EW;2025-03-26 04:50:00;10.2;1022.1;87;8.1;0;;;;
000EW;2025-03-26 05:00:00;10.2;1022.1;87;8.1;0;;;0;0
000EW;2025-03-26 05:10:00;10.2;1022.2;87;8.1;0;;;;
000EW;2025-03-26 05:20:00;10.2;1022.2;88;8.3;0;;;;
000EW;2025-03-26 05:30:00;10.1;1022.2;88;8.2;0;;;;
000EW;2025-03-26 05:40:00;9.9;1022.3;89;8.2;0;;;;
000EW;2025-03-26 05:50:00;9.9;1022.4;89;8.2;0;;;;
000EW;2025-03-26 06:00:00;9.9;1022.5;90;8.4;0;;;0;0
000EW;2025-03-26 06:10:00;9.9;1022.5;90;8.4;0;;;;
000EW;2025-03-26 06:20:00;9.9;1022.5;91;8.5;0;;;;
000EW;2025-03-26 06:30:00;9.9;1022.5;91;8.5;0;;;;
000EW;2025-03-26 06:40:00;9.9;1022.5;91;8.5;0;;;;
000EW;2025-03-26 06:50:00;9.9;1022.6;91;8.5;0;;;;
000EW;2025-03-26 07:00:00;9.9;1022.6;91;8.5;0;;;0;0
000EW;2025-03-26 07:10:00;10.1;1022.6;91;8.7;0;;;;
000EW;2025-03-26 07:20:00;10.1;1022.6;91;8.7;0;;;;
000EW;2025-03-26 07:30:00;10.2;1022.7;91;8.8;0;;;;
000EW;2025-03-26 07:40:00;10.3;1022.8;90;8.7;0.8;;23;;
000EW;2025-03-26 07:50:00;10.3;1022.8;90;8.7;0;;;;
000EW;2025-03-26 08:00:00;10.3;1022.9;90;8.8;0;;;0;0
000EW;2025-03-26 08:10:00;10.3;1022.9;90;8.8;0;;;;
000EW;2025-03-26 08:20:00;10.4;1023;90;8.8;0;;;;
000EW;2025-03-26 08:30:00;10.4;1023;90;8.9;0;;;;
000EW;2025-03-26 08:40:00;10.5;1023.1;90;8.9;0;;;;
000EW;2025-03-26 08:50:00;10.6;1023.2;89;8.8;0;;;;
000EW;2025-03-26 09:00:00;10.7;1023.2;89;9;0;;;0;0
000EW;2025-03-26 09:10:00;10.8;1023.2;88;8.9;0;;;;
000EW;2025-03-26 09:20:00;10.9;1023.3;87;8.9;0;;;;
000EW;2025-03-26 09:30:00;11;1023.4;87;8.9;0;;;;
000EW;2025-03-26 09:40:00;11.2;1023.3;87;9.1;0;;;;
000EW;2025-03-26 09:50:00;11.3;1023.4;86;9;0;;;;
000EW;2025-03-26 10:00:00;11.4;1023.4;86;9.1;0;;;0;0
000EW;2025-03-26 10:10:00;11.5;1023.4;86;9.2;0;;;;
000EW;2025-03-26 10:20:00;11.7;1023.4;85;9.2;0;;;;
000EW;2025-03-26 10:30:00;11.7;1023.4;85;9.2;0;;;;
000EW;2025-03-26 10:40:00;11.8;1023.4;85;9.3;0;;;;
000EW;2025-03-26 10:50:00;11.9;1023.5;84;9.3;0;;;;
000EW;2025-03-26 11:00:00;11.9;1023.5;85;9.5;0;;;0;0
000EW;2025-03-26 11:10:00;11.8;1023.5;85;9.4;0;;;;
000EW;2025-03-26 11:20:00;11.8;1023.4;86;9.5;0;;;;
000EW;2025-03-26 11:30:00;11.8;1023.3;86;9.6;0;;;;
000EW;2025-03-26 11:40:00;12;1023.3;84;9.4;0.8;;23;;
000EW;2025-03-26 11:50:00;12.4;1023.3;81;9.2;0;;;;
000EW;2025-03-26 12:00:00;12.6;1023.1;80;9.2;0;;;0;0
000EW;2025-03-26 12:10:00;12.6;1023.1;79;9.1;0;;;;
000EW;2025-03-26 12:20:00;12.8;1023;78;9.1;0;;;;
000EW;2025-03-26 12:30:00;13;1022.9;77;9.1;0;;;;
000EW;2025-03-26 12:40:00;13.4;1022.8;75;9;0;;;;
000EW;2025-03-26 12:50:00;13.4;1022.8;74;8.9;0;;;;
000EW;2025-03-26 13:00:00;13.4;1022.8;75;9;0;;;0;0
000EW;2025-03-26 13:10:00;13.6;1022.7;74;9;0;;;;
000EW;2025-03-26 13:20:00;13.7;1022.5;72;8.8;0;;;;
000EW;2025-03-26 13:30:00;13.8;1022.4;69;8.2;0;;;;
000EW;2025-03-26 13:40:00;14;1022.3;68;8.2;0;;;;
000EW;2025-03-26 13:50:00;14.1;1022.2;67;8.1;0;;;;
000EW;2025-03-26 14:00:00;14.3;1022.1;65;7.8;0;;;0;0
000EW;2025-03-26 14:10:00;14.4;1022;64;7.7;0;;;;
000EW;2025-03-26 14:20:00;14.7;1022.1;62;7.5;0;;;;
000EW;2025-03-26 14:30:00;14.7;1022;62;7.5;0;;;;
000EW;2025-03-26 14:40:00;14.8;1021.9;62;7.6;0;;;;
000EW;2025-03-26 14:50:00;14.7;1022;62;7.5;0;;;;
000EW;2025-03-26 15:00:00;14.5;1021.8;62;7.3;0;;;0;0
000EW;2025-03-26 15:10:00;14.4;1021.7;61;7;0;;;;
000EW;2025-03-26 15:20:00;14.6;1021.5;60;6.9;0;;;;
000EW;2025-03-26 15:30:00;14.7;1021.6;60;7;0;;;;
000EW;2025-03-26 15:40:00;14.8;1021.6;60;7.1;0;;;;
000EW;2025-03-26 15:50:00;14.7;1021.6;60;7;0;;;;
000EW;2025-03-26 16:00:00;14.8;1021.6;59;6.8;0;;;0;0
000EW;2025-03-26 16:10:00;14.7;1021.6;59;6.7;0;;;;
000EW;2025-03-26 16:20:00;14.6;1021.6;60;6.9;0;;;;
000EW;2025-03-26 16:30:00;14.7;1021.5;59;6.7;0;;;;
000EW;2025-03-26 16:40:00;14.8;1021.4;59;6.9;0;;;;
000EW;2025-03-26 16:50:00;14.7;1021.5;60;7;0;;;;
000EW;2025-03-26 17:00:00;14.6;1021.6;59;6.6;0;;;0;0
000EW;2025-03-26 17:10:00;14.4;1021.6;59;6.5;0;;;;
000EW;2025-03-26 17:20:00;14.4;1021.6;60;6.8;0;;;;
000EW;2025-03-26 17:30:00;14.4;1021.7;60;6.7;0;;;;
000EW;2025-03-26 17:40:00;14.2;1021.7;60;6.6;0;;;;
000EW;2025-03-26 17:50:00;14.1;1021.7;60;6.5;0;;;;
000EW;2025-03-26 18:00:00;13.9;1021.7;61;6.5;0;;;0;0
000EW;2025-03-26 18:10:00;13.8;1021.8;62;6.6;0;;;;
000EW;2025-03-26 18:20:00;13.6;1021.9;63;6.7;0;;;;
000EW;2025-03-26 18:30:00;13.2;1022;66;7;0;;;;
000EW;2025-03-26 18:40:00;12.7;1022.2;68;6.9;0;;;;
000EW;2025-03-26 18:50:00;12.3;1022.4;69;6.8;0;;;;
000EW;2025-03-26 19:00:00;12;1022.5;70;6.7;0;;;0;0
000EW;2025-03-26 19:10:00;11.6;1022.6;71;6.5;0;;;;
000EW;2025-03-26 19:20:00;11.3;1022.6;72;6.4;0;;;;
000EW;2025-03-26 19:30:00;11.1;1022.6;72;6.3;0;;;;
000EW;2025-03-26 19:40:00;10.9;1022.7;72;6;0;;;;
000EW;2025-03-26 19:50:00;10.7;1022.6;73;6;0;;;;
000EW;2025-03-26 20:00:00;10.5;1022.7;73;5.9;0;;;0;0
000EW;2025-03-26 20:10:00;10.3;1022.7;74;5.9;0;;;;
000EW;2025-03-26 20:20:00;10.1;1022.8;74;5.6;0;;;;
000EW;2025-03-26 20:30:00;9.8;1022.8;75;5.6;0;;;;
000EW;2025-03-26 20:40:00;9.7;1023;75;5.5;0;;;;
000EW;2025-03-26 20:50:00;9.5;1022.9;76;5.5;0;;;;
000EW;2025-03-26 21:00:00;9.4;1023;76;5.4;0;;;0;0
000EW;2025-03-26 21:10:00;9.4;1023;76;5.4;0;;;;
000EW;2025-03-26 21:20:00;9.3;1023;76;5.3;0;;;;
000EW;2025-03-26 21:30:00;9.3;1022.9;76;5.3;0;;;;
000EW;2025-03-26 21:40:00;9.2;1022.9;76;5.2;0;;;;
000EW;2025-03-26 21:50:00;9.2;1023;76;5.2;0;;;;
000EW;2025-03-26 22:00:00;9.2;1023;76;5.2;0;;;0;0
000EW;2025-03-26 22:10:00;9.1;1022.9;76;5.1;0;;;;
000EW;2025-03-26 22:20:00;9.1;1023;77;5.2;0;;;;
000EW;2025-03-26 22:30:00;9;1023;77;5.2;0;;;;
000EW;2025-03-26 22:40:00;8.9;1023;77;5.1;0;;;;
000EW;2025-03-26 22:50:00;8.8;1023;77;5;0;;;;
000EW;2025-03-26 23:00:00;8.8;1022.9;77;5;0;;;0;0
000EW;2025-03-26 23:10:00;8.7;1022.9;78;5;0;;;;
000EW;2025-03-26 23:20:00;8.6;1022.9;78;5;0;;;;
000EW;2025-03-26 23:30:00;8.6;1022.7;78;4.9;0;;;;
000EW;2025-03-26 23:40:00;8.6;1022.7;78;4.9;0;;;;
000EW;2025-03-26 23:50:00;8.6;1022.6;78;4.9;0;;;;
000EW;2025-03-27 00:00:00;8.5;1022.6;78;4.9;0;;;0;0
000EW;2025-03-27 00:10:00;8.4;1022.5;78;4.8;0;;;;
000EW;2025-03-27 00:20:00;8.3;1022.3;78;4.7;0;;;;
000EW;2025-03-27 00:30:00;8.3;1022.2;78;4.7;0;;;;
000EW;2025-03-27 00:40:00;8.3;1022.2;78;4.7;0;;;;
000EW;2025-03-27 00:50:00;8.2;1022.2;78;4.6;0;;;;
000EW;2025-03-27 01:00:00;8.2;1022.1;78;4.6;0;;;0;0
000EW;2025-03-27 01:10:00;8.2;1022.1;79;4.7;0;;;;
000EW;2025-03-27 01:20:00;8.2;1022.1;79;4.7;0;;;;
000EW;2025-03-27 01:30:00;8.2;1022.1;79;4.7;0;;;;
000EW;2025-03-27 01:40:00;8.1;1022;79;4.7;0;;;;
000EW;2025-03-27 01:50:00;8.1;1022;79;4.6;0;;;;
000EW;2025-03-27 02:00:00;7.9;1021.9;79;4.5;0;;;0;0
000EW;2025-03-27 02:10:00;7.9;1021.8;79;4.5;0;;;;
000EW;2025-03-27 02:20:00;7.9;1021.7;79;4.5;0;;;;
000EW;2025-03-27 02:30:00;7.8;1021.7;79;4.4;0;;;;
000EW;2025-03-27 02:40:00;7.8;1021.7;79;4.4;0;;;;
000EW;2025-03-27 02:50:00;7.7;1021.6;79;4.3;0;;;;
000EW;2025-03-27 03:00:00;7.7;1021.6;80;4.4;0;;;0;0
000EW;2025-03-27 03:10:00;7.6;1021.5;80;4.4;0;;;;
000EW;2025-03-27 03:20:00;7.6;1021.5;80;4.4;0;;;;
000EW;2025-03-27 03:30:00;7.5;1021.4;80;4.3;0;;;;
000EW;2025-03-27 03:40:00;7.4;1021.4;80;4.2;0;;;;
000EW;2025-03-27 03:50:00;7.4;1021.5;80;4.2;0;;;;
000EW;2025-03-27 04:00:00;7.3;1021.5;81;4.3;0;;;0;0
000EW;2025-03-27 04:10:00;7.3;1021.5;81;4.2;0;;;;
000EW;2025-03-27 04:20:00;7.2;1021.5;81;4.1;0;;;;
000EW;2025-03-27 04:30:00;7.1;1021.4;81;4.1;0;;;;
000EW;2025-03-27 04:40:00;7;1021.4;81;4;0;;;;
000EW;2025-03-27 04:50:00;6.9;1021.4;82;4;0;;;;
000EW;2025-03-27 05:00:00;6.8;1021.3;82;4;0;;;0;0
000EW;2025-03-27 05:10:00;6.8;1021.3;82;3.9;0;;;;
000EW;2025-03-27 05:20:00;6.7;1021.3;82;3.9;0;;;;
000EW;2025-03-27 05:30:00;6.7;1021.3;82;3.8;0;;;;
000EW;2025-03-27 05:40:00;6.7;1021.4;83;4;0;;;;
000EW;2025-03-27 05:50:00;6.6;1021.5;83;3.9;0;;;;
000EW;2025-03-27 06:00:00;6.5;1021.5;83;3.8;0;;;0;0
000EW;2025-03-27 06:10:00;6.4;1021.5;83;3.8;0;;;;
000EW;2025-03-27 06:20:00;6.4;1021.6;83;3.8;0;;;;
000EW;2025-03-27 06:30:00;6.4;1021.6;83;3.8;0;;;;
000EW;2025-03-27 06:40:00;6.5;1021.6;83;3.8;0;;;;
000EW;2025-03-27 06:50:00;6.6;1021.6;83;3.9;0;;;;
000EW;2025-03-27 07:00:00;6.7;1021.7;82;3.9;0;;;0;0
000EW;2025-03-27 07:10:00;6.9;1021.6;82;4;0;;;;
000EW;2025-03-27 07:20:00;7.1;1021.7;81;4;0;;;;
000EW;2025-03-27 07:30:00;7.2;1021.7;81;4.2;0;;;;
000EW;2025-03-27 07:40:00;7.4;1021.7;80;4.2;0;;;;
000EW;2025-03-27 07:50:00;7.8;1021.7;79;4.4;0;;;;
000EW;2025-03-27 08:00:00;8;1021.7;77;4.2;0;;;0;0
000EW;2025-03-27 08:10:00;8.3;1021.7;76;4.4;0;;;;
000EW;2025-03-27 08:20:00;8.6;1021.7;75;4.4;0;;;;
000EW;2025-03-27 08:30:00;8.8;1021.6;74;4.5;0;;;;
000EW;2025-03-27 08:40:00;9.1;1021.6;73;4.5;0;;;;
000EW;2025-03-27 08:50:00;9.4;1021.6;72;4.6;0;;;;
000EW;2025-03-27 09:00:00;9.6;1021.5;72;4.8;0;;;0;0
000EW;2025-03-27 09:10:00;10.1;1021.4;70;4.8;0;;;;
000EW;2025-03-27 09:20:00;10.1;1021.3;69;4.6;0;;;;
000EW;2025-03-27 09:30:00;10.4;1021.3;67;4.6;0;;;;
000EW;2025-03-27 09:40:00;10.8;1021.2;66;4.7;0;;;;
000EW;2025-03-27 09:50:00;10.8;1021.2;65;4.5;0;;;;
000EW;2025-03-27 10:00:00;11;1021.2;65;4.7;0;;;0;0
000EW;2025-03-27 10:10:00;11.2;1020.9;66;5.1;0;;;;
000EW;2025-03-27 10:20:00;11.3;1020.8;64;4.8;0;;;;
000EW;2025-03-27 10:30:00;11.4;1020.7;64;4.9;0;;;;
000EW;2025-03-27 10:40:00;11.9;1020.6;62;4.8;0;;;;
000EW;2025-03-27 10:50:00;12.2;1020.5;61;4.9;0;;;;
000EW;2025-03-27 11:00:00;12.4;1020.4;60;4.9;0;;;0;0
000EW;2025-03-27 11:10:00;12.2;1020.3;62;5.2;0;;;;
000EW;2025-03-27 11:20:00;12.2;1020.3;61;4.9;0;;;;
000EW;2025-03-27 11:30:00;12.4;1020.1;61;5.1;0;;;;
000EW;2025-03-27 11:40:00;12.7;1020.1;60;5.2;0;;;;
000EW;2025-03-27 11:50:00;12.8;1020;59;5;0;;;;
000EW;2025-03-27 12:00:00;13;1019.9;58;4.9;0;;;0;0
000EW;2025-03-27 12:10:00;13.1;1019.7;59;5.3;0;;;;
000EW;2025-03-27 12:20:00;13.3;1019.7;58;5.2;0;;;;
000EW;2025-03-27 12:30:00;13.6;1019.6;56;4.9;0;;;;
000EW;2025-03-27 12:40:00;13.6;1019.4;56;4.9;0;;;;
000EW;2025-03-27 12:50:00;13.8;1019.2;53;4.4;0;;;;
000EW;2025-03-27 13:00:00;13.9;1019.1;53;4.5;0;;;0;0
000EW;2025-03-27 13:10:00;14.4;1019;52;4.7;0;;;;
000EW;2025-03-27 13:20:00;14.4;1018.8;52;4.7;0;;;;
000EW;2025-03-27 13:30:00;14.5;1018.6;53;5;0;;;;
000EW;2025-03-27 13:40:00;14.8;1018.5;53;5.3;0;;;;
000EW;2025-03-27 13:50:00;14.9;1018.4;52;5.2;0;;;;
000EW;2025-03-27 14:00:00;15.2;1018.1;52;5.4;0;;;0;0
000EW;2025-03-27 14:10:00;15.4;1017.9;51;5.4;0;;;;
000EW;2025-03-27 14:20:00;15.3;1017.9;51;5.2;0;;;;
000EW;2025-03-27 14:30:00;15.6;1017.6;51;5.5;0;;;;
000EW;2025-03-27 14:40:00;15.7;1017.6;50;5.3;0;;;;
000EW;2025-03-27 14:50:00;15.9;1017.5;47;4.6;0;;;;
000EW;2025-03-27 15:00:00;16.1;1017.3;48;5.1;0;;;0;0
000EW;2025-03-27 15:10:00;16.2;1017.2;47;4.9;0;;;;
000EW;2025-03-27 15:20:00;16.3;1017.1;46;4.7;0;;;;
000EW;2025-03-27 15:30:00;16.4;1016.9;45;4.5;0;;;;
000EW;2025-03-27 15:40:00;16.4;1016.8;44;4.2;0;;;;
000EW;2025-03-27 15:50:00;16.6;1016.8;44;4.3;0;;;;
000EW;2025-03-27 16:00:00;16.6;1016.8;42;3.6;0;;;0;0
000EW;2025-03-27 16:10:00;16.7;1016.8;44;4.4;0;;;;
000EW;2025-03-27 16:20:00;16.5;1016.8;43;3.9;0;;;;
000EW;2025-03-27 16:30:00;16.6;1016.7;43;4;0;;;;
000EW;2025-03-27 16:40:00;16.6;1016.6;43;3.9;0;;;;
000EW;2025-03-27 16:50:00;16.7;1016.6;43;4;0;;;;
000EW;2025-03-27 17:00:00;16.6;1016.5;43;3.9;0;;;0;0
000EW;2025-03-27 17:10:00;16.6;1016.4;42;3.6;0;;;;
000EW;2025-03-27 17:20:00;16.4;1016.4;44;4.2;0;;;;
000EW;2025-03-27 17:30:00;16.5;1016.4;45;4.5;0;;;;
000EW;2025-03-27 17:40:00;16.3;1016.4;47;4.9;0;;;;
000EW;2025-03-27 17:50:00;16.1;1016.5;49;5.3;0;;;;
000EW;2025-03-27 18:00:00;15.8;1016.5;49;5.1;0;;;0;0
000EW;2025-03-27 18:10:00;15.7;1016.5;50;5.3;0;;;;
000EW;2025-03-27 18:20:00;15.6;1016.6;50;5.2;0;;;;
000EW;2025-03-27 18:30:00;15.4;1016.6;51;5.4;0;;;;
000EW;2025-03-27 18:40:00;15.3;1016.6;51;5.2;0;;;;
000EW;2025-03-27 18:50:00;15.2;1016.7;52;5.4;0;;;;
000EW;2025-03-27 19:00:00;15;1016.7;53;5.5;0;;;0;0
000EW;2025-03-27 19:10:00;14.9;1016.8;53;5.4;0;;;;
000EW;2025-03-27 19:20:00;14.8;1016.8;54;5.6;0;;;;
000EW;2025-03-27 19:30:00;14.6;1016.8;55;5.7;0;;;;
000EW;2025-03-27 19:40:00;14.4;1016.9;56;5.8;0;;;;
000EW;2025-03-27 19:50:00;14.3;1016.9;56;5.7;0;;;;
000EW;2025-03-27 20:00:00;14.2;1016.9;57;5.8;0;;;0;0
000EW;2025-03-27 20:10:00;14.2;1016.8;57;5.8;0;;;;
000EW;2025-03-27 20:20:00;14;1016.8;57;5.6;0;;;;
000EW;2025-03-27 20:30:00;13.9;1016.9;58;5.8;0;;;;
000EW;2025-03-27 20:40:00;13.8;1016.8;58;5.7;0;;;;
000EW;2025-03-27 20:50:00;13.7;1016.8;57;5.4;0;;;;
000EW;2025-03-27 21:00:00;13.7;1016.8;57;5.3;0;;;0;0
000EW;2025-03-27 21:10:00;13.7;1016.8;57;5.3;0;;;;
000EW;2025-03-27 21:20:00;13.6;1016.8;57;5.2;0;;;;
000EW;2025-03-27 21:30:00;13.5;1016.7;57;5.1;0;;;;
000EW;2025-03-27 21:40:00;13.4;1016.7;58;5.3;0;;;;
000EW;2025-03-27 21:50:00;13.2;1016.6;59;5.4;0;;;;
000EW;2025-03-27 22:00:00;13.2;1016.5;59;5.3;0;;;0;0
000EW;2025-03-27 22:10:00;13.1;1016.5;59;5.3;0;;;;
000EW;2025-03-27 22:20:00;13.1;1016.4;59;5.2;0;;;;
000EW;2025-03-27 22:30:00;12.9;1016.3;59;5.1;0;;;;
000EW;2025-03-27 22:40:00;12.9;1016.3;59;5.1;0;;;;
000EW;2025-03-27 22:50:00;12.8;1016.2;60;5.3;0;;;;
000EW;2025-03-27 23:00:00;12.8;1016.1;60;5.2;0;;;0;0
000EW;2025-03-27 23:10:00;12.7;1015.9;60;5.2;0;;;;
000EW;2025-03-27 23:20:00;12.7;1015.8;60;5.1;0;;;;
000EW;2025-03-27 23:30:00;12.6;1015.7;61;5.2;0;;;;
000EW;2025-03-27 23:40:00;12.2;1015.7;62;5.2;0;;;;
000EW;2025-03-27 23:50:00;11.9;1015.7;63;5.1;0;;;;
000EW;2025-03-28 00:00:00;11.7;1015.6;65;5.4;0;;;0;0
000EW;2025-03-28 00:10:00;11.6;1015.5;66;5.4;0;;;;
000EW;2025-03-28 00:20:00;11.3;1015.5;68;5.6;0;;;;
000EW;2025-03-28 00:30:00;11.1;1015.5;70;5.8;0;;;;
000EW;2025-03-28 00:40:00;10.8;1015.4;72;6;0;;;;
000EW;2025-03-28 00:50:00;10.7;1015.3;73;6;0;;;;
000EW;2025-03-28 01:00:00;10.4;1015.2;75;6.2;0;;;0;0
000EW;2025-03-28 01:10:00;10.4;1015.1;75;6.1;0;;;;
000EW;2025-03-28 01:20:00;10.3;1015;75;6;0;;;;
000EW;2025-03-28 01:30:00;10.2;1014.9;76;6.2;0;;;;
000EW;2025-03-28 01:40:00;10.1;1014.8;76;6.1;0;;;;
000EW;2025-03-28 01:50:00;10;1014.8;77;6.2;0;;;;
000EW;2025-03-28 02:00:00;9.9;1014.6;77;6;0;;;0;0
000EW;2025-03-28 02:10:00;9.7;1014.5;78;6.1;0;;;;
000EW;2025-03-28 02:20:00;9.6;1014.4;78;5.9;0;;;;
000EW;2025-03-28 02:30:00;9.4;1014.4;79;6;0;;;;
000EW;2025-03-28 02:40:00;9.3;1014.2;80;6.1;0;;;;
000EW;2025-03-28 02:50:00;9.3;1014.2;80;6;0;;;;
000EW;2025-03-28 03:00:00;9.2;1014.1;80;5.9;0;;;0;0
000EW;2025-03-28 03:10:00;9.2;1014.1;81;6.1;0;;;;
000EW;2025-03-28 03:20:00;9.1;1014.1;81;6;0;;;;
000EW;2025-03-28 03:30:00;9.1;1014;81;6;0;;;;
000EW;2025-03-28 03:40:00;9.1;1014.1;81;6;0;;;;
000EW;2025-03-28 03:50:00;9.1;1014;81;6;0;;;;
000EW;2025-03-28 04:00:00;9;1014.1;81;5.9;0;;;0;0
000EW;2025-03-28 04:10:00;8.9;1014;82;6;0;;;;
000EW;2025-03-28 04:20:00;8.8;1014;82;5.9;0;;;;
000EW;2025-03-28 04:30:00;8.7;1014;83;5.9;0;;;;
000EW;2025-03-28 04:40:00;8.6;1014;83;5.8;0;;;;
000EW;2025-03-28 04:50:00;8.4;1014.1;83;5.7;0;;;;
000EW;2025-03-28 05:00:00;8.3;1014.1;83;5.6;0;;;0;0
000EW;2025-03-28 05:10:00;8.3;1014.2;84;5.7;0;;;;
000EW;2025-03-28 05:20:00;8.2;1014.2;84;5.6;0;;;;
000EW;2025-03-28 05:30:00;7.9;1014.3;84;5.4;0;;;;
000EW;2025-03-28 05:40:00;7.8;1014.4;85;5.4;0;;;;
000EW;2025-03-28 05:50:00;7.5;1014.5;85;5.1;0;;;;
000EW;2025-03-28 06:00:00;7.3;1014.5;86;5.1;0;;;0;0
000EW;2025-03-28 06:10:00;6.7;1014.6;86;4.5;0;;;;
000EW;2025-03-28 06:20:00;6.4;1014.7;88;4.5;0;;;;
000EW;2025-03-28 06:30:00;6.1;1014.8;89;4.4;0;;;;
000EW;2025-03-28 06:40:00;5.9;1014.9;89;4.3;0.8;;45;;
000EW;2025-03-28 06:50:00;6;1014.8;90;4.5;0;;;;
000EW;2025-03-28 07:00:00;5.9;1014.8;90;4.4;1.6;;34;0;0
000EW;2025-03-28 07:10:00;6;1014.7;90;4.5;0;;;;
000EW;2025-03-28 07:20:00;6.1;1014.8;90;4.6;0;;;;
000EW;2025-03-28 07:30:00;6.3;1014.8;90;4.8;0;;;;
000EW;2025-03-28 07:40:00;6.4;1014.8;90;4.9;0;;;;
000EW;2025-03-28 07:50:00;6.4;1014.8;90;4.9;0;;;;
000EW;2025-03-28 08:00:00;6.4;1014.9;90;4.9;0;;;0;0
000EW;2025-03-28 08:10:00;6.4;1014.8;90;4.9;0;;;;
000EW;2025-03-28 08:20:00;6.5;1014.8;90;5;0;;;;
000EW;2025-03-28 08:30:00;6.7;1014.7;90;5.2;0;;;;
000EW;2025-03-28 08:40:00;7;1014.6;90;5.5;0;;;;
000EW;2025-03-28 08:50:00;7.4;1014.6;90;5.9;0;;;;
000EW;2025-03-28 09:00:00;7.6;1014.5;89;5.9;0.8;;45;0;0
000EW;2025-03-28 09:10:00;8.2;1014.5;87;6.1;0;;;;
000EW;2025-03-28 09:20:00;8.4;1014.5;85;6.1;0;;;;
000EW;2025-03-28 09:30:00;8.7;1014.5;83;6;0;;;;
000EW;2025-03-28 09:40:00;9;1014.5;82;6.1;0;;;;
000EW;2025-03-28 09:50:00;9.2;1014.5;81;6.1;0;;;;
000EW;2025-03-28 10:00:00;9.2;1014.5;81;6.1;0;;;0;0
000EW;2025-03-28 10:10:00;9.1;1014.4;81;6;0;;;;
000EW;2025-03-28 10:20:00;9.1;1014.3;81;6;0;;;;
000EW;2025-03-28 10:30:00;9.3;1014.2;81;6.2;0;;;;
000EW;2025-03-28 10:40:00;9.5;1014.2;79;6;0;;;;
000EW;2025-03-28 10:50:00;9.9;1014;78;6.3;0;;;;
000EW;2025-03-28 11:00:00;10.3;1013.9;75;6;0;;;0;0
000EW;2025-03-28 11:10:00;10.6;1013.9;74;6.2;0;;;;
000EW;2025-03-28 11:20:00;10.9;1013.8;72;6;0;;;;
000EW;2025-03-28 11:30:00;11.2;1013.7;70;5.9;0;;;;
000EW;2025-03-28 11:40:00;11.4;1013.6;69;6;0;;;;
000EW;2025-03-28 11:50:00;11.8;1013.4;68;6.1;0;;;;
000EW;2025-03-28 12:00:00;12.3;1013.2;66;6.2;0;;;0;0
000EW;2025-03-28 12:10:00;12.7;1013.1;64;6.1;0;;;;
000EW;2025-03-28 12:20:00;12.7;1013;65;6.3;0;;;;
000EW;2025-03-28 12:30:00;12.6;1013;65;6.2;0;;;;
000EW;2025-03-28 12:40:00;12.8;1013;64;6.2;0;;;;
000EW;2025-03-28 12:50:00;13.2;1013;63;6.3;0;;;;
000EW;2025-03-28 13:00:00;13.1;1013;63;6.2;0;;;0;0
000EW;2025-03-28 13:10:00;12.9;1012.9;63;6;0;;;;
000EW;2025-03-28 13:20:00;12.9;1012.6;64;6.2;0;;;;
000EW;2025-03-28 13:30:00;13.5;1012.5;62;6.4;0;;;;
000EW;2025-03-28 13:40:00;13.8;1012.3;60;6.2;0;;;;
000EW;2025-03-28 13:50:00;13.9;1012.3;60;6.3;0;;;;
000EW;2025-03-28 14:00:00;13.7;1012.3;62;6.6;0;;;0;0
000EW;2025-03-28 14:10:00;13.7;1012.1;63;6.8;0;;;;
000EW;2025-03-28 14:20:00;13.6;1012;64;6.9;0;;;;
000EW;2025-03-28 14:30:00;13.6;1011.9;65;7.1;0;;;;
000EW;2025-03-28 14:40:00;13.8;1011.8;64;7.1;0;;;;
000EW;2025-03-28 14:50:00;13.7;1011.8;65;7.2;0;;;;
000EW;2025-03-28 15:00:00;13.7;1011.6;67;7.7;0;;;0;0
000EW;2025-03-28 15:10:00;13.6;1011.5;68;7.8;0;;;;
000EW;2025-03-28 15:20:00;13.4;1011.6;70;8;0;;;;
000EW;2025-03-28 15:30:00;13.3;1011.5;71;8.1;0;;;;
000EW;2025-03-28 15:40:00;13.3;1011.5;72;8.3;0;;;;
000EW;2025-03-28 15:50:00;13.1;1011.5;74;8.5;0;;;;
000EW;2025-03-28 16:00:00;12.8;1011.6;78;9;0;;;0;0
000EW;2025-03-28 16:10:00;12.4;1011.6;81;9.2;0;;;;
000EW;2025-03-28 16:20:00;12.2;1011.5;83;9.4;0;;;;
000EW;2025-03-28 16:30:00;11.9;1011.5;84;9.3;0;;;;
000EW;2025-03-28 16:40:00;12;1011.5;85;9.6;0;;;;
000EW;2025-03-28 16:50:00;12.1;1011.6;85;9.6;0;;;;
000EW;2025-03-28 17:00:00;11.9;1011.5;86;9.6;0;;;0;0.2
000EW;2025-03-28 17:10:00;11.8;1011.6;87;9.7;0;;;;
000EW;2025-03-28 17:20:00;11.6;1011.6;87;9.5;0;;;;
000EW;2025-03-28 17:30:00;11.6;1011.6;88;9.6;0;;;;
000EW;2025-03-28 17:40:00;11.4;1011.7;88;9.5;0;;;;
000EW;2025-03-28 17:50:00;11.3;1011.8;89;9.5;0;;;;
000EW;2025-03-28 18:00:00;11;1011.8;88;9.1;0;;;3.4;3.2
000EW;2025-03-28 18:10:00;10.9;1011.9;89;9.1;0;;;;
000EW;2025-03-28 18:20:00;10.5;1012.1;88;8.6;0;;;;
000EW;2025-03-28 18:30:00;10.3;1012.2;88;8.4;0;;;;
000EW;2025-03-28 18:40:00;10.2;1012.3;88;8.3;0.8;;90;;
000EW;2025-03-28 18:50:00;10;1012.4;88;8.1;0;;;;
000EW;2025-03-28 19:00:00;10.1;1012.6;87;8;0;;;0;2
000EW;2025-03-28 19:10:00;10.1;1012.6;87;8;0;;;;
000EW;2025-03-28 19:20:00;10.2;1012.7;86;7.9;0;;;;
000EW;2025-03-28 19:30:00;10.1;1012.8;86;7.9;0;;;;
000EW;2025-03-28 19:40:00;10.1;1012.9;85;7.7;0;;;;
000EW;2025-03-28 19:50:00;10.1;1012.9;84;7.5;0;;;;
000EW;2025-03-28 20:00:00;10.2;1012.9;84;7.6;0;;;0;0
000EW;2025-03-28 20:10:00;10.2;1013;83;7.5;0;;;;
000EW;2025-03-28 20:20:00;10.2;1013;82;7.2;0;;;;
000EW;2025-03-28 20:30:00;10.2;1013.1;82;7.3;0;;;;
000EW;2025-03-28 20:40:00;10.2;1013.1;81;7.1;0;;;;
000EW;2025-03-28 20:50:00;10.2;1013.1;81;7.1;0;;;;
000EW;2025-03-28 21:00:00;10.1;1013.1;79;6.6;0;;;2;0
000EW;2025-03-28 21:10:00;10.1;1013.2;80;6.8;0.8;;113;;
000EW;2025-03-28 21:20:00;10;1013.2;79;6.5;0;;;;
000EW;2025-03-28 21:30:00;9.9;1013.2;79;6.5;0;;;;
000EW;2025-03-28 21:40:00;9.9;1013.3;78;6.3;0;;;;
000EW;2025-03-28 21:50:00;9.9;1013.3;77;6;1.6;;45;;
000EW;2025-03-28 22:00:00;9.7;1013.4;76;5.7;0;;;0;0.2
000EW;2025-03-28 22:10:00;9.7;1013.6;75;5.5;2.4;;68;;
000EW;2025-03-28 22:20:00;9.6;1013.6;75;5.4;0;;;;
000EW;2025-03-28 22:30:00;9.6;1013.7;74;5.2;0.8;;68;;
000EW;2025-03-28 22:40:00;9.5;1013.8;74;5.1;0.8;;45;;
000EW;2025-03-28 22:50:00;9.5;1013.9;74;5.1;0;;;;
000EW;2025-03-28 23:00:00;9.4;1014;74;5;0;;;0;0
000EW;2025-03-28 23:10:00;9.4;1014;74;5;0;;;;
000EW;2025-03-28 23:20:00;9.3;1014;74;4.9;0;;;;
000EW;2025-03-28 23:30:00;9.3;1014;74;4.9;0;;;;
000EW;2025-03-28 23:40:00;9.2;1014;74;4.8;0;;;;
000EW;2025-03-28 23:50:00;9.2;1013.9;75;5;0;;;;
000EW;2025-03-29 00:00:00;9.2;1013.9;75;5;0;;;0;0
000EW;2025-03-29 00:10:00;9.1;1014;76;5.1;0;;;;
000EW;2025-03-29 00:20:00;9.1;1014;76;5.1;0;;;;
000EW;2025-03-29 00:30:00;9;1014.1;76;5;0;;;;
000EW;2025-03-29 00:40:00;9;1014.1;77;5.2;0;;;;
000EW;2025-03-29 00:50:00;8.9;1014.1;77;5.1;0.8;;23;;
000EW;2025-03-29 01:00:00;8.9;1014.2;77;5.1;0;;;0;0
000EW;2025-03-29 01:10:00;8.9;1014.2;78;5.3;0;;;;
000EW;2025-03-29 01:20:00;8.9;1014.3;78;5.3;0;;;;
000EW;2025-03-29 01:30:00;8.9;1014.4;78;5.3;0;;;;
000EW;2025-03-29 01:40:00;8.9;1014.5;79;5.5;0;;;;
000EW;2025-03-29 01:50:00;8.9;1014.5;79;5.4;0;;;;
000EW;2025-03-29 02:00:00;8.9;1014.6;78;5.3;0;;;0;0
000EW;2025-03-29 02:10:00;8.9;1014.8;78;5.3;0;;;;
000EW;2025-03-29 02:20:00;9.1;1014.9;77;5.2;0;;;;
000EW;2025-03-29 02:30:00;9.1;1015;76;5.1;0;;;;
000EW;2025-03-29 02:40:00;9.2;1015.1;76;5.2;0;;;;
000EW;2025-03-29 02:50:00;9.2;1015.3;75;5;0;;;;
000EW;2025-03-29 03:00:00;9.3;1015.5;74;4.9;0;;;0;0
000EW;2025-03-29 03:10:00;9.3;1015.6;73;4.7;0;;;;
000EW;2025-03-29 03:20:00;9.3;1015.7;73;4.7;0;;;;
000EW;2025-03-29 03:30:00;9.3;1016;73;4.7;0;;;;
000EW;2025-03-29 03:40:00;9.3;1016.2;73;4.7;0;;;;
000EW;2025-03-29 03:50:00;9.3;1016.4;73;4.7;0;;;;
000EW;2025-03-29 04:00:00;9.2;1016.5;73;4.6;0;;;0;0
000EW;2025-03-29 04:10:00;9.2;1016.7;72;4.4;0;;;;
000EW;2025-03-29 04:20:00;9.2;1016.9;72;4.4;0;;;;
000EW;2025-03-29 04:30:00;9.1;1017;72;4.3;0;;;;
000EW;2025-03-29 04:40:00;9;1017.2;73;4.4;0;;;;
000EW;2025-03-29 04:50:00;8.9;1017.4;73;4.4;0;;;;
000EW;2025-03-29 05:00:00;8.8;1017.5;73;4.3;0;;;0;0
000EW;2025-03-29 05:10:00;8.8;1017.7;73;4.2;0;;;;
000EW;2025-03-29 05:20:00;8.7;1017.9;73;4.2;0;;;;
000EW;2025-03-29 05:30:00;8.7;1018.1;74;4.3;0;;;;
000EW;2025-03-29 05:40:00;8.6;1018.4;74;4.2;0;;;;
000EW;2025-03-29 05:50:00;8.5;1018.6;74;4.1;0;;;;
000EW;2025-03-29 06:00:00;8.5;1018.8;74;4.1;0;;;0;0
000EW;2025-03-29 06:10:00;8.4;1019;74;4.1;0;;;;
000EW;2025-03-29 06:20:00;8.4;1019.2;74;4;0;;;;
000EW;2025-03-29 06:30:00;8.4;1019.4;74;4;0;;;;
000EW;2025-03-29 06:40:00;8.4;1019.5;74;4;0;;;;
000EW;2025-03-29 06:50:00;8.4;1019.7;73;3.8;0;;;;
000EW;2025-03-29 07:00:00;8.3;1019.9;72;3.6;0;;;0;0
000EW;2025-03-29 07:10:00;8.4;1020;71;3.5;0;;;;
000EW;2025-03-29 07:20:00;8.6;1020.1;71;3.6;0;;;;
000EW;2025-03-29 07:30:00;8.7;1020.2;70;3.5;0;;;;
000EW;2025-03-29 07:40:00;8.8;1020.4;69;3.4;0;;;;
000EW;2025-03-29 07:50:00;9;1020.4;69;3.6;0;;;;
000EW;2025-03-29 08:00:00;9.2;1020.6;68;3.6;0;;;0;0
000EW;2025-03-29 08:10:00;9.3;1020.8;68;3.7;0;;;;
000EW;2025-03-29 08:20:00;9.4;1020.9;67;3.6;0;;;;
000EW;2025-03-29 08:30:00;9.8;1021.1;66;3.7;0;;;;
000EW;2025-03-29 08:40:00;9.8;1021;66;3.8;0;;;;
000EW;2025-03-29 08:50:00;10.1;1021.2;65;3.8;0;;;;
000EW;2025-03-29 09:00:00;10.4;1021.1;64;3.9;0;;;0;0
000EW;2025-03-29 09:10:00;10.3;1021.2;63;3.6;0;;;;
000EW;2025-03-29 09:20:00;10.8;1021.3;62;3.8;0;;;;
000EW;2025-03-29 09:30:00;11.3;1021.5;60;3.8;0;;;;
000EW;2025-03-29 09:40:00;11.2;1021.5;59;3.5;0;;;;
000EW;2025-03-29 09:50:00;11.2;1021.6;58;3.2;0;;;;
000EW;2025-03-29 10:00:00;11.3;1021.7;58;3.4;0;;;0;0
000EW;2025-03-29 10:10:00;11.6;1021.7;59;3.9;0;;;;
000EW;2025-03-29 10:20:00;11.8;1021.8;55;3;0;;;;
000EW;2025-03-29 10:30:00;12.1;1021.9;54;3;0;;;;
000EW;2025-03-29 10:40:00;11.9;1021.9;54;2.9;0;;;;
000EW;2025-03-29 10:50:00;12.1;1022;52;2.5;0;;;;
000EW;2025-03-29 11:00:00;11.9;1021.9;52;2.3;0;;;0;0
000EW;2025-03-29 11:10:00;12.1;1022;51;2.3;0;;;;
000EW;2025-03-29 11:20:00;12.3;1021.9;51;2.4;0;;;;
000EW;2025-03-29 11:30:00;12.4;1021.8;50;2.3;0;;;;
000EW;2025-03-29 11:40:00;12.4;1021.9;48;1.7;0;;;;
000EW;2025-03-29 11:50:00;12.4;1022;49;2;0;;;;
000EW;2025-03-29 12:00:00;12.7;1022;49;2.3;0.8;;45;0;0
000EW;2025-03-29 12:10:00;12.8;1022.1;50;2.7;0;;;;
000EW;2025-03-29 12:20:00;13;1022.1;49;2.5;0;;;;
000EW;2025-03-29 12:30:00;13.1;1022.1;48;2.3;0;;;;
000EW;2025-03-29 12:40:00;13.3;1022.1;47;2.2;0;;;;
000EW;2025-03-29 12:50:00;13.3;1022.1;47;2.2;0;;;;
000EW;2025-03-29 13:00:00;13.2;1022;46;1.8;0.8;;23;0;0
000EW;2025-03-29 13:10:00;13.4;1021.9;47;2.3;0;;;;
000EW;2025-03-29 13:20:00;13.5;1021.9;45;1.8;0;;;;
000EW;2025-03-29 13:30:00;13.6;1021.9;44;1.6;0;;;;
000EW;2025-03-29 13:40:00;13.9;1022;44;1.8;0.8;;23;;
000EW;2025-03-29 13:50:00;14.1;1022;44;2;0;;;;
000EW;2025-03-29 14:00:00;14.1;1022;44;2;0.8;;45;0;0
000EW;2025-03-29 14:10:00;14.1;1022;42;1.4;0.8;;45;;
000EW;2025-03-29 14:20:00;13.9;1022.1;45;2.2;0;;;;
000EW;2025-03-29 14:30:00;14.2;1022.1;45;2.4;0;;;;
000EW;2025-03-29 14:40:00;14.4;1022;44;2.3;0;;;;
000EW;2025-03-29 14:50:00;14.4;1021.9;42;1.7;0;;;;
000EW;2025-03-29 15:00:00;14.1;1021.9;43;1.7;0;;;0;0
000EW;2025-03-29 15:10:00;14.1;1021.9;45;2.3;0;;;;
000EW;2025-03-29 15:20:00;14.2;1022;44;2.1;0;;;;
000EW;2025-03-29 15:30:00;14.1;1022;44;2;0;;;;
000EW;2025-03-29 15:40:00;14.2;1022;43;1.8;0;;;;
000EW;2025-03-29 15:50:00;14.3;1021.9;42;1.6;0;;;;
000EW;2025-03-29 16:00:00;14.4;1021.9;43;2;0;;;0;0
000EW;2025-03-29 16:10:00;14.4;1022;43;2;0;;;;
000EW;2025-03-29 16:20:00;14.4;1021.9;42;1.6;0;;;;
000EW;2025-03-29 16:30:00;14.3;1021.9;42;1.5;0;;;;
000EW;2025-03-29 16:40:00;14.3;1021.8;41;1.2;0;;;;
000EW;2025-03-29 16:50:00;14;1021.7;40;0.6;0;;;;
000EW;2025-03-29 17:00:00;13.9;1021.7;40;0.6;0;;;0;0
000EW;2025-03-29 17:10:00;14.1;1021.8;41;1;0;;;;
000EW;2025-03-29 17:20:00;14;1021.9;43;1.6;0;;;;
000EW;2025-03-29 17:30:00;13.9;1022.1;44;1.8;0;;;;
000EW;2025-03-29 17:40:00;13.6;1022.1;45;1.9;0;;;;
000EW;2025-03-29 17:50:00;13.4;1022.2;45;1.7;0;;;;
000EW;2025-03-29 18:00:00;13.2;1022.3;45;1.5;0;;;0;0
000EW;2025-03-29 18:10:00;13.1;1022.4;45;1.4;0;;;;
000EW;2025-03-29 18:20:00;13;1022.4;46;1.6;0;;;;
000EW;2025-03-29 18:30:00;12.8;1022.6;46;1.5;0;;;;
000EW;2025-03-29 18:40:00;12.8;1022.7;47;1.7;0;;;;
000EW;2025-03-29 18:50:00;12.7;1022.8;46;1.3;0;;;;
000EW;2025-03-29 19:00:00;12.6;1022.8;47;1.5;0;;;0;0
000EW;2025-03-29 19:10:00;12.4;1022.8;47;1.4;0;;;;
000EW;2025-03-29 19:20:00;12.3;1023;48;1.6;0;;;;
000EW;2025-03-29 19:30:00;12.2;1023;48;1.5;0;;;;
000EW;2025-03-29 19:40:00;12.2;1023.1;49;1.8;0;;;;
000EW;2025-03-29 19:50:00;12.1;1023.1;50;1.9;0;;;;
000EW;2025-03-29 20:00:00;11.9;1023;50;1.8;0;;;0;0
000EW;2025-03-29 20:10:00;11.8;1023.1;51;2;0;;;;
000EW;2025-03-29 20:20:00;11.7;1023.1;51;1.9;0;;;;
000EW;2025-03-29 20:30:00;11.7;1023.1;51;1.9;0;;;;
000EW;2025-03-29 20:40:00;11.5;1023.2;52;2;0;;;;
000EW;2025-03-29 20:50:00;11.4;1023.1;52;1.9;0;;;;
000EW;2025-03-29 21:00:00;11.2;1023.2;52;1.7;0;;;0;0
000EW;2025-03-29 21:10:00;11.1;1023.1;53;1.8;0;;;;
000EW;2025-03-29 21:20:00;11;1023;53;1.8;0;;;;
000EW;2025-03-29 21:30:00;11;1023.1;53;1.8;0;;;;
000EW;2025-03-29 21:40:00;11;1023.2;54;2;0;;;;
000EW;2025-03-29 21:50:00;10.9;1023.1;54;2;0;;;;
000EW;2025-03-29 22:00:00;10.9;1023;55;2.2;0;;;0;0
000EW;2025-03-29 22:10:00;10.8;1023;56;2.4;0;;;;
000EW;2025-03-29 22:20:00;10.8;1022.9;56;2.4;0;;;;
000EW;2025-03-29 22:30:00;10.7;1022.9;56;2.3;0;;;;
000EW;2025-03-29 22:40:00;10.7;1022.8;57;2.5;0;;;;
000EW;2025-03-29 22:50:00;10.6;1022.7;57;2.4;0;;;;
000EW;2025-03-29 23:00:00;10.6;1022.8;58;2.6;0;;;0;0
000EW;2025-03-29 23:10:00;10.5;1022.7;58;2.6;0;;;;
000EW;2025-03-29 23:20:00;10.5;1022.8;59;2.8;0;;;;
000EW;2025-03-29 23:30:00;10.4;1022.7;59;2.8;0;;;;
000EW;2025-03-29 23:40:00;10.5;1022.7;59;2.8;0;;;;
000EW;2025-03-29 23:50:00;10.5;1022.7;59;2.8;0;;;;
000EW;2025-03-30 00:00:00;10.4;1022.7;58;2.5;0;;;0;0
000EW;2025-03-30 00:10:00;10.4;1022.7;58;2.5;0;;;;
000EW;2025-03-30 00:20:00;10.3;1022.9;58;2.4;0;;;;
000EW;2025-03-30 00:30:00;10.3;1022.7;57;2.1;0;;;;
000EW;2025-03-30 00:40:00;10.3;1022.6;56;1.9;0;;;;
000EW;2025-03-30 00:50:00;10.2;1022.4;56;1.8;0;;;;
000EW;2025-03-30 01:00:00;10.2;1022.4;55;1.6;0;;;0;0
000EW;2025-03-30 01:10:00;10.2;1022.2;54;1.3;0;;;;
000EW;2025-03-30 01:20:00;10.2;1022;53;1.1;0;;;;
000EW;2025-03-30 01:30:00;10.2;1021.7;53;1.1;0;;;;
000EW;2025-03-30 01:40:00;10.2;1021.7;53;1.1;0;;;;
000EW;2025-03-30 01:50:00;10.2;1021.6;54;1.3;0;;;;
000EW;2025-03-30 02:00:00;10.2;1021.6;55;1.5;0;;;0;0
000EW;2025-03-30 02:10:00;10.2;1021.5;56;1.8;0;;;;
000EW;2025-03-30 02:20:00;10.3;1021.3;56;1.9;0;;;;
000EW;2025-03-30 02:30:00;10.2;1021.1;56;1.8;0;;;;
000EW;2025-03-30 02:40:00;10.3;1021.3;56;1.9;0;;;;
000EW;2025-03-30 02:50:00;10.3;1021.1;56;1.9;0;;;;
000EW;2025-03-30 03:00:00;10.2;1021.2;57;2.1;0;;;0;0
000EW;2025-03-30 03:10:00;10.3;1021.2;57;2.1;0;;;;
000EW;2025-03-30 03:20:00;10.3;1021.2;58;2.4;0;;;;
000EW;2025-03-30 03:30:00;10.3;1021.1;58;2.4;0;;;;
000EW;2025-03-30 03:40:00;10.3;1021;59;2.7;0;;;;
000EW;2025-03-30 03:50:00;10.4;1021.1;59;2.7;0;;;;
000EW;2025-03-30 04:00:00;10.3;1021;59;2.7;0;;;0;0
000EW;2025-03-30 04:10:00;10.3;1020.9;60;2.9;0;;;;
000EW;2025-03-30 04:20:00;10.3;1020.7;60;2.9;0;;;;
000EW;2025-03-30 04:30:00;10.2;1020.7;61;3;0;;;;
000EW;2025-03-30 04:40:00;10.1;1020.8;61;2.9;0;;;;
000EW;2025-03-30 04:50:00;10.1;1020.9;62;3.1;0;;;;
000EW;2025-03-30 05:00:00;10;1020.9;62;3.1;0;;;0;0
000EW;2025-03-30 05:10:00;9.9;1020.9;62;3;0;;;;
000EW;2025-03-30 05:20:00;10;1020.9;62;3.1;0;;;;
000EW;2025-03-30 05:30:00;10.1;1020.8;62;3.1;0;;;;
000EW;2025-03-30 05:40:00;10.1;1020.8;61;2.9;0;;;;
000EW;2025-03-30 05:50:00;10.2;1020.8;61;3;0;;;;
000EW;2025-03-30 06:00:00;10.1;1020.7;62;3.2;0;;;0;0
000EW;2025-03-30 06:10:00;10.1;1020.7;62;3.2;0;;;;
000EW;2025-03-30 06:20:00;10.1;1020.5;62;3.2;0;;;;
000EW;2025-03-30 06:30:00;10.2;1020.3;62;3.3;0;;;;
000EW;2025-03-30 06:40:00;10.3;1020.3;62;3.4;0;;;;
000EW;2025-03-30 06:50:00;10.4;1020.4;62;3.5;0;;;;
000EW;2025-03-30 07:00:00;10.6;1020.5;63;3.8;0;;;0;0
000EW;2025-03-30 07:10:00;10.6;1020.5;64;4.1;0;;;;
000EW;2025-03-30 07:20:00;10.7;1020.8;65;4.4;0;;;;
000EW;2025-03-30 07:30:00;10.8;1020.8;66;4.7;0;;;;
000EW;2025-03-30 07:40:00;10.8;1020.8;67;5;0;;;;
000EW;2025-03-30 07:50:00;11;1021;68;5.3;0;;;;
000EW;2025-03-30 08:00:00;11.2;1021.1;69;5.7;0;;;0;0
000EW;2025-03-30 08:10:00;11.2;1021.1;71;6.2;0;;;;
000EW;2025-03-30 08:20:00;11.2;1021.2;73;6.6;0;;;;
000EW;2025-03-30 08:30:00;11.3;1021;73;6.6;0;;;;
000EW;2025-03-30 08:40:00;11.3;1021;74;6.9;0;;;;
000EW;2025-03-30 08:50:00;11.3;1021.1;74;6.9;0;;;;
000EW;2025-03-30 09:00:00;11.5;1021.1;74;7;0;;;0;0
000EW;2025-03-30 09:10:00;11.6;1021.2;74;7.1;0;;;;
000EW;2025-03-30 09:20:00;11.8;1021.2;74;7.3;0;;;;
000EW;2025-03-30 09:30:00;11.9;1021.3;75;7.6;0;;;;
000EW;2025-03-30 09:40:00;12.2;1021.3;74;7.7;0;;;;
000EW;2025-03-30 09:50:00;12.6;1021.2;74;8;0;;;;
000EW;2025-03-30 10:00:00;12.6;1021.2;74;8;0;;;0;0
000EW;2025-03-30 10:10:00;12.7;1021.2;75;8.3;0;;;;
000EW;2025-03-30 10:20:00;12.7;1021.3;76;8.5;0;;;;
000EW;2025-03-30 10:30:00;12.6;1021.2;77;8.6;0;;;;
000EW;2025-03-30 10:40:00;12.7;1021.2;76;8.6;0;;;;
000EW;2025-03-30 10:50:00;12.8;1021.1;78;9;0;;;;
000EW;2025-03-30 11:00:00;12.7;1021;79;9.2;0;;;0;0
000EW;2025-03-30 11:10:00;12.7;1020.9;79;9.1;0;;;;
000EW;2025-03-30 11:20:00;13.3;1021;76;9.1;0;;;;
000EW;2025-03-30 11:30:00;13.6;1020.9;75;9.3;0;;;;
000EW;2025-03-30 11:40:00;13.9;1020.7;71;8.8;0;;;;
000EW;2025-03-30 11:50:00;14.5;1020.8;69;8.9;0;;;;
000EW;2025-03-30 12:00:00;14.6;1020.8;69;8.9;0;;;0;0
000EW;2025-03-30 12:10:00;14.8;1020.7;66;8.5;0;;;;
000EW;2025-03-30 12:20:00;14.7;1020.6;65;8.2;0;;;;
000EW;2025-03-30 12:30:00;14.8;1020.5;64;8.1;0;;;;
000EW;2025-03-30 12:40:00;15.4;1020.6;62;8.2;0;;;;
000EW;2025-03-30 12:50:00;15.8;1020.6;61;8.3;0;;;;
000EW;2025-03-30 13:00:00;16.5;1020.5;59;8.5;0;;;0;0
000EW;2025-03-30 13:10:00;16.5;1020.4;57;7.9;0;;;;
000EW;2025-03-30 13:20:00;17.2;1020.5;56;8.4;0;;;;
000EW;2025-03-30 13:30:00;17.7;1020.4;54;8.3;0;;;;
000EW;2025-03-30 13:40:00;17.6;1020.4;54;8.1;0;;;;
000EW;2025-03-30 13:50:00;17.3;1020.4;53;7.6;0;;;;
000EW;2025-03-30 14:00:00;17.5;1020.2;53;7.8;0;;;0;0
000EW;2025-03-30 14:10:00;17.5;1020.4;53;7.8;0;;;;
000EW;2025-03-30 14:20:00;17.2;1020.4;53;7.6;0;;;;
000EW;2025-03-30 14:30:00;17.6;1020.4;52;7.6;0;;;;
000EW;2025-03-30 14:40:00;17.6;1020.4;52;7.6;0;;;;
000EW;2025-03-30 14:50:00;17.2;1020.5;53;7.6;0;;;;
000EW;2025-03-30 15:00:00;16.9;1020.5;53;7.3;0;;;0;0
000EW;2025-03-30 15:10:00;16.7;1020.4;52;6.8;0;;;;
000EW;2025-03-30 15:20:00;16.7;1020.5;52;6.8;0;;;;
000EW;2025-03-30 15:30:00;16.9;1020.5;51;6.7;0;;;;
000EW;2025-03-30 15:40:00;17.1;1020.5;49;6.3;0;;;;
000EW;2025-03-30 15:50:00;17.1;1020.6;50;6.6;0;;;;
000EW;2025-03-30 16:00:00;16.8;1020.5;51;6.6;0;;;0;0
000EW;2025-03-30 16:10:00;16.9;1020.5;50;6.4;0;;;;
000EW;2025-03-30 16:20:00;16.8;1020.4;52;6.9;0.8;;68;;
000EW;2025-03-30 16:30:00;17.1;1020.6;52;7.1;0;;;;
000EW;2025-03-30 16:40:00;16.7;1020.6;53;7.1;0;;;;
000EW;2025-03-30 16:50:00;16.8;1020.6;52;6.9;0;;;;
000EW;2025-03-30 17:00:00;16.8;1020.7;52;6.9;0;;;0;0
000EW;2025-03-30 17:10:00;16.3;1020.7;54;7;0;;;;
000EW;2025-03-30 17:20:00;16.3;1020.8;55;7.2;0;;;;
000EW;2025-03-30 17:30:00;16.2;1020.8;54;6.9;0;;;;
000EW;2025-03-30 17:40:00;15.9;1021;55;6.9;0;;;;
000EW;2025-03-30 17:50:00;15.8;1021.1;57;7.3;0;;;;
000EW;2025-03-30 18:00:00;15.6;1021.3;57;7.1;0;;;0;0
000EW;2025-03-30 18:10:00;15.3;1021.4;58;7.1;0;;;;
000EW;2025-03-30 18:20:00;15.1;1021.6;58;6.9;0;;;;
000EW;2025-03-30 18:30:00;14.9;1021.8;59;7;0;;;;
000EW;2025-03-30 18:40:00;14.7;1021.9;59;6.8;0;;;;
000EW;2025-03-30 18:50:00;14.5;1022;60;6.8;0;;;;
000EW;2025-03-30 19:00:00;14.3;1022.2;61;6.9;0;;;0;0
000EW;2025-03-30 19:10:00;14.1;1022.3;61;6.7;0;;;;
000EW;2025-03-30 19:20:00;14;1022.4;61;6.6;0;;;;
000EW;2025-03-30 19:30:00;13.9;1022.6;62;6.7;0;;;;
000EW;2025-03-30 19:40:00;13.7;1022.8;63;6.8;0;;;;
000EW;2025-03-30 19:50:00;13.6;1022.9;63;6.7;0;;;;
000EW;2025-03-30 20:00:00;13.5;1023;64;6.8;0;;;0;0
000EW;2025-03-30 20:10:00;13.3;1023.2;65;6.9;0;;;;
000EW;2025-03-30 20:20:00;13.2;1023.2;65;6.8;0;;;;
000EW;2025-03-30 20:30:00;13.1;1023.2;66;6.9;0;;;;
000EW;2025-03-30 20:40:00;13;1023.3;66;6.8;0;;;;
000EW;2025-03-30 20:50:00;12.9;1023.3;67;6.9;0;;;;
000EW;2025-03-30 21:00:00;12.8;1023.4;67;6.8;0;;;0;0
000EW;2025-03-30 21:10:00;12.7;1023.4;67;6.7;0;;;;
000EW;2025-03-30 21:20:00;12.6;1023.5;68;6.9;0;;;;
000EW;2025-03-30 21:30:00;12.5;1023.5;68;6.8;0;;;;
000EW;2025-03-30 21:40:00;12.4;1023.6;68;6.6;0;;;;
000EW;2025-03-30 21:50:00;12.3;1023.7;69;6.8;0;;;;
000EW;2025-03-30 22:00:00;12.3;1023.8;69;6.8;0;;;0;0
000EW;2025-03-30 22:10:00;12.2;1023.9;69;6.6;0;;;;
000EW;2025-03-30 22:20:00;12.1;1024;69;6.5;0;;;;
000EW;2025-03-30 22:30:00;11.9;1024;70;6.6;0;;;;
000EW;2025-03-30 22:40:00;11.9;1024.1;70;6.6;0;;;;
000EW;2025-03-30 22:50:00;11.8;1024;70;6.5;0;;;;
000EW;2025-03-30 23:00:00;11.7;1024;71;6.6;0;;;0;0
000EW;2025-03-30 23:10:00;11.7;1024;71;6.6;0;;;;
000EW;2025-03-30 23:20:00;11.7;1024.2;71;6.6;0;;;;
000EW;2025-03-30 23:30:00;11.6;1024.2;71;6.5;0;;;;
000EW;2025-03-30 23:40:00;11.5;1024.3;71;6.4;0;;;;
000EW;2025-03-30 23:50:00;11.4;1024.2;72;6.5;0;;;;
000EW;2025-03-31 00:00:00;11.3;1024.2;72;6.4;0;;;0;0
000EW;2025-03-31 00:10:00;11.2;1024.3;73;6.6;0;;;;
000EW;2025-03-31 00:20:00;11.1;1024.3;73;6.5;0;;;;
000EW;2025-03-31 00:30:00;11;1024.2;73;6.3;0;;;;
000EW;2025-03-31 00:40:00;10.8;1024.3;74;6.4;0;;;;
000EW;2025-03-31 00:50:00;10.7;1024.3;74;6.3;0;;;;
000EW;2025-03-31 01:00:00;10.6;1024.4;75;6.4;0;;;0;0
000EW;2025-03-31 01:10:00;10.6;1024.3;76;6.5;0;;;;
000EW;2025-03-31 01:20:00;10.5;1024.3;76;6.4;0;;;;
000EW;2025-03-31 01:30:00;10.5;1024.3;75;6.3;0;;;;
000EW;2025-03-31 01:40:00;10.4;1024.4;75;6.1;0;;;;
000EW;2025-03-31 01:50:00;10.3;1024.4;76;6.2;0;;;;
000EW;2025-03-31 02:00:00;10.2;1024.5;76;6.1;0;;;0;0
000EW;2025-03-31 02:10:00;10.1;1024.6;77;6.2;0;;;;
000EW;2025-03-31 02:20:00;9.9;1024.7;77;6.1;0;;;;
000EW;2025-03-31 02:30:00;9.8;1024.6;77;6;0;;;;
000EW;2025-03-31 02:40:00;9.8;1024.6;78;6.1;0;;;;
000EW;2025-03-31 02:50:00;9.7;1024.6;78;6.1;0;;;;
000EW;2025-03-31 03:00:00;9.7;1024.6;78;6;0;;;0;0
000EW;2025-03-31 03:10:00;9.6;1024.8;78;5.9;0;;;;
000EW;2025-03-31 03:20:00;9.5;1024.7;79;6;0;;;;
000EW;2025-03-31 03:30:00;9.4;1024.7;79;6;0;;;;
000EW;2025-03-31 03:40:00;9.3;1024.7;79;5.9;0;;;;
000EW;2025-03-31 03:50:00;9.3;1024.8;80;6.1;0;;;;
000EW;2025-03-31 04:00:00;9.3;1024.7;80;6.1;0;;;0;0
000EW;2025-03-31 04:10:00;9.3;1024.6;80;6;0;;;;
000EW;2025-03-31 04:20:00;9.2;1024.7;80;6;0;;;;
000EW;2025-03-31 04:30:00;9.1;1024.6;80;5.8;0;;;;
000EW;2025-03-31 04:40:00;9.1;1024.6;80;5.8;0;;;;
000EW;2025-03-31 04:50:00;9.1;1024.6;80;5.8;0;;;;
000EW;2025-03-31 05:00:00;9.1;1024.6;81;6;0;;;0;0
000EW;2025-03-31 05:10:00;9.2;1024.7;81;6.1;0;;;;
000EW;2025-03-31 05:20:00;9.1;1024.9;81;6;0;;;;
000EW;2025-03-31 05:30:00;9.1;1025;81;6;0;;;;
000EW;2025-03-31 05:40:00;9.1;1025.2;81;6;0;;;;
000EW;2025-03-31 05:50:00;9.1;1025.2;80;5.8;0;;;;
000EW;2025-03-31 06:00:00;9.2;1025.3;80;5.9;0;;;0;0
000EW;2025-03-31 06:10:00;9.1;1025.4;78;5.5;0;;;;
000EW;2025-03-31 06:20:00;8.9;1025.6;78;5.3;0;;;;
000EW;2025-03-31 06:30:00;8.7;1025.6;79;5.2;0;;;;
000EW;2025-03-31 06:40:00;8.5;1025.7;78;4.9;0;;;;
000EW;2025-03-31 06:50:00;8.4;1025.8;79;5;0;;;;
000EW;2025-03-31 07:00:00;8.4;1026;79;5;0;;;0;0
000EW;2025-03-31 07:10:00;8.3;1026.1;79;4.9;0;;;;
000EW;2025-03-31 07:20:00;8.3;1026.1;79;4.9;0;;;;
000EW;2025-03-31 07:30:00;8.3;1026.1;80;5;0;;;;
000EW;2025-03-31 07:40:00;8.4;1026.1;80;5.1;0;;;;
000EW;2025-03-31 07:50:00;8.5;1026.3;79;5.1;0;;;;
000EW;2025-03-31 08:00:00;8.6;1026.4;79;5.2;0;;;0;0
000EW;2025-03-31 08:10:00;8.8;1026.4;78;5.2;0;;;;
000EW;2025-03-31 08:20:00;8.7;1026.5;77;4.9;0;;;;
000EW;2025-03-31 08:30:00;8.8;1026.6;77;5;0;;;;
000EW;2025-03-31 08:40:00;8.9;1026.6;77;5.1;0;;;;
000EW;2025-03-31 08:50:00;8.7;1026.7;76;4.7;0;;;;
000EW;2025-03-31 09:00:00;8.7;1026.8;76;4.7;0;;;0;0
000EW;2025-03-31 09:10:00;9;1026.9;75;4.8;0.8;;0;;
000EW;2025-03-31 09:20:00;9.2;1027.1;74;4.8;0;;;;
000EW;2025-03-31 09:30:00;9.3;1027.2;73;4.7;0;;;;
000EW;2025-03-31 09:40:00;9.1;1027.3;73;4.5;0;;;;
000EW;2025-03-31 09:50:00;9.4;1027.2;73;4.8;0;;;;
000EW;2025-03-31 10:00:00;9.7;1027.1;71;4.7;0;;;0;0
000EW;2025-03-31 10:10:00;9.9;1027;71;4.9;0;;;;
000EW;2025-03-31 10:20:00;9.9;1027;70;4.7;0;;;;
000EW;2025-03-31 10:30:00;10.3;1027.1;68;4.7;0;;;;
000EW;2025-03-31 10:40:00;10.5;1026.9;69;5.1;0;;;;
000EW;2025-03-31 10:50:00;10.7;1026.8;67;4.8;0.8;;0;;
000EW;2025-03-31 11:00:00;10.9;1026.8;66;4.8;0;;;0;0
000EW;2025-03-31 11:10:00;11.3;1026.8;65;5;0;;;;
000EW;2025-03-31 11:20:00;11.6;1026.8;63;4.8;0;;;;
000EW;2025-03-31 11:30:00;11.8;1026.7;63;5;0;;;;
000EW;2025-03-31 11:40:00;12.1;1026.4;62;5;0;;;;
000EW;2025-03-31 11:50:00;12.4;1026.5;60;4.9;0;;;;
000EW;2025-03-31 12:00:00;12.5;1026.4;58;4.5;0;;;0;0
000EW;2025-03-31 12:10:00;12.5;1026.3;59;4.7;0;;;;
000EW;2025-03-31 12:20:00;12.9;1026.2;58;4.8;0;;;;
000EW;2025-03-31 12:30:00;13;1026.1;57;4.7;0;;;;
000EW;2025-03-31 12:40:00;13.3;1026.1;55;4.4;0;;;;
000EW;2025-03-31 12:50:00;13.4;1025.9;55;4.6;0.8;;0;;
000EW;2025-03-31 13:00:00;13.6;1025.8;53;4.2;0;;;0;0
000EW;2025-03-31 13:10:00;13.8;1025.7;52;4.1;0;;;;
000EW;2025-03-31 13:20:00;13.9;1025.6;53;4.5;0;;;;
000EW;2025-03-31 13:30:00;14.3;1025.5;51;4.3;0;;;;
000EW;2025-03-31 13:40:00;14.4;1025.4;51;4.4;0;;;;
000EW;2025-03-31 13:50:00;14.4;1025.3;51;4.4;0;;;;
000EW;2025-03-31 14:00:00;14.6;1025.2;48;3.7;0;;;0;0
000EW;2025-03-31 14:10:00;14.7;1025.2;49;4.1;0;;;;
000EW;2025-03-31 14:20:00;15;1025.1;48;4.1;0;;;;
000EW;2025-03-31 14:30:00;15.3;1025;46;3.7;0;;;;
000EW;2025-03-31 14:40:00;15.2;1024.9;47;4;0;;;;
000EW;2025-03-31 14:50:00;15.3;1024.8;47;4.1;0;;;;
000EW;2025-03-31 15:00:00;15.2;1024.8;46;3.6;0;;;0;0
000EW;2025-03-31 15:10:00;15.3;1024.7;46;3.8;0;;;;
000EW;2025-03-31 15:20:00;15.2;1024.7;46;3.7;0;;;;
000EW;2025-03-31 15:30:00;15.6;1024.6;45;3.7;0;;;;
000EW;2025-03-31 15:40:00;15.7;1024.7;42;2.8;0;;;;
000EW;2025-03-31 15:50:00;15.6;1024.6;44;3.3;0;;;;
000EW;2025-03-31 16:00:00;15.6;1024.6;44;3.3;0;;;0;0
000EW;2025-03-31 16:10:00;15.6;1024.4;44;3.4;0;;;;
000EW;2025-03-31 16:20:00;15.8;1024.6;45;3.9;0;;;;
000EW;2025-03-31 16:30:00;15.6;1024.3;44;3.3;0;;;;
000EW;2025-03-31 16:40:00;15.7;1024.5;45;3.8;0;;;;
000EW;2025-03-31 16:50:00;15.5;1024.3;45;3.6;0;;;;
000EW;2025-03-31 17:00:00;15.3;1024.4;45;3.5;0;;;0;0
000EW;2025-03-31 17:10:00;15.3;1024.5;45;3.4;0;;;;
000EW;2025-03-31 17:20:00;15.2;1024.5;46;3.6;0;;;;
000EW;2025-03-31 17:30:00;15.1;1024.5;45;3.3;0;;;;
000EW;2025-03-31 17:40:00;14.9;1024.5;46;3.4;0;;;;
000EW;2025-03-31 17:50:00;14.8;1024.6;46;3.3;0;;;;
000EW;2025-03-31 18:00:00;14.7;1024.7;46;3.2;0;;;0;0
000EW;2025-03-31 18:10:00;14.6;1024.8;46;3.1;0;;;;
000EW;2025-03-31 18:20:00;14.4;1024.8;46;3;0;;;;
000EW;2025-03-31 18:30:00;14.3;1024.8;47;3.1;0;;;;
000EW;2025-03-31 18:40:00;14.2;1024.9;47;3;0;;;;
000EW;2025-03-31 18:50:00;14;1024.9;48;3.2;0;;;;
000EW;2025-03-31 19:00:00;13.8;1025;48;3;0;;;0;0
000EW;2025-03-31 19:10:00;13.7;1025;49;3.2;0;;;;
000EW;2025-03-31 19:20:00;13.6;1025.1;49;3;0;;;;
000EW;2025-03-31 19:30:00;13.3;1025.2;50;3.1;0;;;;
000EW;2025-03-31 19:40:00;13.2;1025.3;51;3.3;0;;;;
000EW;2025-03-31 19:50:00;13;1025.2;51;3.1;0;;;;
000EW;2025-03-31 20:00:00;12.8;1025.3;52;3.2;0;;;0;0
000EW;2025-03-31 20:10:00;12.7;1025.2;53;3.4;0;;;;
000EW;2025-03-31 20:20:00;12.6;1025.2;53;3.2;0;;;;
000EW;2025-03-31 20:30:00;12.4;1025.2;54;3.4;0;;;;
000EW;2025-03-31 20:40:00;12.3;1025.2;54;3.3;0;;;;
000EW;2025-03-31 20:50:00;12.2;1025.1;55;3.4;0;;;;
000EW;2025-03-31 21:00:00;12.1;1025.1;55;3.3;0;;;0;0
000EW;2025-03-31 21:10:00;11.9;1025.2;56;3.4;0;;;;
000EW;2025-03-31 21:20:00;11.8;1025.2;57;3.5;0;;;;
000EW;2025-03-31 21:30:00;11.6;1025.1;57;3.4;0;;;;
000EW;2025-03-31 21:40:00;11.5;1025.1;57;3.3;0;;;;
000EW;2025-03-31 21:50:00;11.4;1025.1;58;3.5;0;;;;
000EW;2025-03-31 22:00:00;11.3;1025.1;58;3.4;0;;;0;0
000EW;2025-03-31 22:10:00;11.2;1024.9;58;3.3;0;;;;
000EW;2025-03-31 22:20:00;11.1;1024.9;58;3.2;0;;;;
000EW;2025-03-31 22:30:00;11;1024.9;59;3.3;0;;;;
000EW;2025-03-31 22:40:00;10.9;1024.8;59;3.2;0;;;;
000EW;2025-03-31 22:50:00;10.8;1024.7;59;3.1;0;;;;
000EW;2025-03-31 23:00:00;10.6;1024.5;60;3.2;0;;;0;0
000EW;2025-03-31 23:10:00;10.5;1024.4;60;3.1;0;;;;
000EW;2025-03-31 23:20:00;10.4;1024.3;60;3;0;;;;
000EW;2025-03-31 23:30:00;10.3;1024.3;61;3.1;0;;;;
000EW;2025-03-31 23:40:00;10.2;1024.2;61;3;0;;;;
000EW;2025-03-31 23:50:00;10.1;1024.2;62;3.1;0;;;;
